0.0000          1.0321         1.0222         1.0222
0.51960         1.1182         1.2712         1.2712
1.0392          1.1206         1.2783         1.2783
1.5588          1.0391         1.0323         1.0323
2.0784          0.94293        0.84185        0.84185
2.5980          0.89377        0.77847        0.77847
3.1176          0.91464        0.80954        0.80954
3.6372          0.99867        0.95566        0.95566
4.1568          1.0989         1.2098         1.2098
4.6764          1.1303         1.3131         1.3131
5.1960          1.0638         1.1075         1.1075
5.7156          0.96289        0.88208        0.88208
6.2352          0.89750        0.78644        0.78644
6.7548          0.89908        0.79112        0.79112
7.2744          0.96949        0.89943        0.89943
7.7940          1.0717         1.1353         1.1353
8.3136          1.1275         1.3187         1.3187
8.8332          1.0890         1.1840         1.1840
9.3528          0.99260        0.93422        0.93421
9.8724          0.91273        0.80197        0.80197
10.392          0.89465        0.78048        0.78048
10.912          0.94622        0.85492        0.85492
11.431          1.0448         1.0586         1.0586
11.951          1.1222         1.2939         1.2939
12.470          1.1080         1.2514         1.2514
12.990          1.0194         0.99725        0.99725
13.510          0.92876        0.82605        0.82605
14.029          0.88841        0.77727        0.77727
14.549          0.91986        0.82206        0.82206
15.068          1.0133         0.98775        0.98775
15.588          1.1072         1.2429         1.2429
16.108          1.1211         1.2991         1.2991
16.627          1.0455         1.0692         1.0692
17.147          0.94820        0.86048        0.86048
17.666          0.89246        0.78153        0.78153
18.186          0.90745        0.79929        0.79929
18.706          0.98913        0.92615        0.92615
19.225          1.0900         1.1735         1.1735
19.745          1.1334         1.3198         1.3198
20.264          1.0816         1.1462         1.1462
20.784          0.98140        0.90669        0.90669
21.304          0.90484        0.79323        0.79323
21.823          0.89514        0.78487        0.78487
22.343          0.95939        0.87567        0.87567
22.862          1.0637         1.0966         1.0966
23.382          1.1317         1.3099         1.3099
23.902          1.1039         1.2196         1.2196
24.421          1.0075         0.96448        0.96448
24.941          0.91741        0.81283        0.81283
25.460          0.88594        0.77794        0.77794
25.980          0.92868        0.83711        0.83711
26.500          1.0280         1.0222         1.0222
27.019          1.1167         1.2712         1.2712
27.539          1.1191         1.2783         1.2783
28.059          1.0371         1.0323         1.0323
28.578          0.94094        0.84185        0.84185
29.098          0.89299        0.77847        0.77847
29.617          0.91466        0.80954        0.80954
30.137          1.0004         0.95566        0.95566
30.657          1.1015         1.2098         1.2098
31.176          1.1315         1.3131         1.3131
31.696          1.0636         1.1075         1.1075
32.215          0.96343        0.88208        0.88208
32.735          0.90007        0.78644        0.78644
33.255          0.90110        0.79112        0.79112
33.774          0.97072        0.89943        0.89943
34.294          1.0744         1.1353         1.1353
34.813          1.1328         1.3187         1.3187
35.333          1.0918         1.1840         1.1840
35.853          0.99147        0.93421        0.93421
36.372          0.91190        0.80197        0.80197
36.892          0.89447        0.78048        0.78048
37.411          0.94808        0.85492        0.85492
37.931          1.0500         1.0586         1.0586
38.451          1.1259         1.2939         1.2939
38.970          1.1109         1.2514         1.2514
39.490          1.0224         0.99725        0.99725
40.009          0.93182        0.82605        0.82605
40.529          0.89488        0.77727        0.77727
41.049          0.92800        0.82206        0.82206
41.568          1.0175         0.98775        0.98775
42.088          1.1102         1.2429         1.2429
42.607          1.1240         1.2991         1.2991
43.127          1.0474         1.0692         1.0692
43.647          0.95161        0.86048        0.86048
44.166          0.89601        0.78153        0.78153
44.686          0.90743        0.79929        0.79929
45.205          0.98462        0.92615        0.92615
45.725          1.0843         1.1735         1.1735
46.245          1.1262         1.3198         1.3198
46.764          1.0734         1.1462         1.1462
47.284          0.97585        0.90669        0.90669
47.803          0.90196        0.79323        0.79323
48.323          0.89195        0.78487        0.78487
48.843          0.95289        0.87567        0.87567
49.362          1.0551         1.0966         1.0966
49.882          1.1259         1.3099         1.3099
50.401          1.1012         1.2196         1.2196
50.921          1.0065         0.96448        0.96448
51.441          0.91933        0.81283        0.81283
51.960          0.88911        0.77794        0.77794
52.480          0.93346        0.83711        0.83711
52.999          1.0321         1.0222         1.0222
