0.0000          1.0354         0.82138        0.82138
0.51960         1.1184         0.77728        0.77728
1.0392          1.1283         0.82677        0.82677
1.5588          1.0588         0.99894        0.99894
2.0784          0.96391        1.2529         1.2529
2.5980          0.90045        1.2929         1.2929
3.1176          0.89453        1.0568         1.0568
3.6372          0.95053        0.85397        0.85397
4.1568          1.0492         0.78031        0.78031
4.6764          1.1266         0.80246        0.80246
5.1960          1.1194         0.93566        0.93566
5.7156          1.0389         1.1858         1.1858
6.2352          0.94683        1.3184         1.3184
6.7548          0.89238        1.1333         1.1333
7.2744          0.89744        0.89818        0.89818
7.7940          0.96290        0.79076        0.79076
8.3136          1.0613         0.78674        0.78674
8.8332          1.1301         0.88323        0.88323
9.3528          1.1123         1.1094         1.1094
9.8724          1.0271         1.3137         1.3137
10.392          0.93889        1.2081         1.2081
10.912          0.89125        0.95414        0.95414
11.431          0.90445        0.80898        0.80898
11.951          0.97800        0.77858        0.77858
12.470          1.0764         0.84271        0.84271
12.990          1.1324         1.0341         1.0341
13.510          1.1004         1.2795         1.2795
14.029          1.0083         1.2700         1.2700
14.549          0.92240        1.0204         1.0204
15.068          0.88627        0.83630        0.83630
15.588          0.91159        0.77786        0.77786
16.108          0.99174        0.81343        0.81343
16.627          1.0873         0.96605        0.96605
17.147          1.1303         1.2213         1.2213
17.666          1.0864         1.3093         1.3093
18.186          0.99657        1.0947         1.0947
18.706          0.91926        0.87457        0.87457
19.225          0.88948        0.78461        0.78461
19.745          0.92449        0.79361        0.79361
20.264          1.0150         0.90799        0.90799
20.784          1.1090         1.1481         1.1481
21.304          1.1339         1.3199         1.3199
21.823          1.0755         1.1716         1.1716
22.343          0.98279        0.92476        0.92476
22.862          0.91003        0.79884        0.79884
23.382          0.89094        0.78173        0.78173
23.902          0.93626        0.86148        0.86148
24.421          1.0281         1.0711         1.0711
24.941          1.1112         1.3000         1.3000
25.460          1.1227         1.2413         1.2413
25.980          1.0564         0.98610        0.98610
26.500          0.96452        0.82138        0.82138
27.019          0.90002        0.77728        0.77728
27.539          0.89214        0.82677        0.82677
28.059          0.94709        0.99894        0.99894
28.578          1.0436         1.2529         1.2529
29.098          1.1248         1.2929         1.2929
29.617          1.1246         1.0568         1.0568
30.137          1.0474         0.85397        0.85397
30.657          0.95536        0.78031        0.78031
31.176          0.89689        0.80246        0.80246
31.696          0.89578        0.93565        0.93565
32.215          0.95835        1.1858         1.1858
32.735          1.0600         1.3184         1.3184
33.255          1.1302         1.1333         1.1333
33.774          1.1150         0.89818        0.89818
34.294          1.0323         0.79076        0.79076
34.813          0.94277        0.78674        0.78674
35.333          0.89277        0.88323        0.88323
35.853          0.90190        1.1094         1.1094
36.372          0.97391        1.3137         1.3137
36.892          1.0755         1.2081         1.2081
37.411          1.1367         0.95414        0.95414
37.931          1.1100         0.80898        0.80898
38.451          1.0188         0.77858        0.77858
38.970          0.93079        0.84271        0.84271
39.490          0.89023        1.0341         1.0341
40.009          0.91208        1.2795         1.2795
40.529          0.99355        1.2700         1.2700
41.049          1.0925         1.0204         1.0204
41.568          1.1366         0.83630        0.83630
42.088          1.0949         0.77786        0.77786
42.607          1.0018         0.81343        0.81343
43.127          0.91871        0.96605        0.96605
43.647          0.88812        1.2213         1.2213
44.166          0.91994        1.3093         1.3093
44.686          1.0043         1.0947         1.0947
45.205          1.0972         0.87457        0.87457
45.725          1.1301         0.78461        0.78461
46.245          1.0777         0.79361        0.79361
46.764          0.98482        0.90799        0.90799
47.284          0.91035        1.1481         1.1481
47.803          0.88616        1.3199         1.3199
48.323          0.92454        1.1716         1.1716
48.843          1.0134         0.92476        0.92476
49.362          1.1030         0.79884        0.79884
49.882          1.1281         0.78173        0.78173
50.401          1.0693         0.86148        0.86148
50.921          0.97453        1.0711         1.0711
51.441          0.90416        1.3000         1.3000
51.960          0.88907        1.2413         1.2413
52.480          0.93965        0.98610        0.98610
52.999          1.0354         0.82138        0.82138
