0.0000          1.0291         1.0205         1.0205
0.51960         1.1177         1.2671         1.2671
1.0392          1.1118         1.2490         1.2490
1.5588          1.0198         0.99510        0.99510
2.0784          0.92623        0.81887        0.81887
2.5980          0.89580        0.77821        0.77821
3.1176          0.94536        0.85591        0.85591
3.6372          1.0482         1.0728         1.0728
4.1568          1.1246         1.2927         1.2927
4.6764          1.0965         1.2056         1.2056
5.1960          0.99449        0.94859        0.94859
5.7156          0.90989        0.80129        0.80129
6.2352          0.89642        0.78401        0.78401
6.7548          0.96209        0.88850        0.88850
7.2744          1.0690         1.1276         1.1276
7.7940          1.1252         1.3041         1.3041
8.3136          1.0748         1.1541         1.1541
8.8332          0.97342        0.90677        0.90677
9.3528          0.90254        0.78852        0.78852
9.8724          0.90618        0.79449        0.79449
10.392          0.98707        0.92756        0.92756
10.912          1.0913         1.1813         1.1813
11.431          1.1252         1.3002         1.3002
11.951          1.0564         1.0993         1.0993
12.470          0.95289        0.87094        0.87094
12.990          0.89478        0.78045        0.78045
13.510          0.91465        0.80969        0.80969
14.029          1.0032         0.97193        0.97193
14.549          1.1010         1.2291         1.2291
15.068          1.1177         1.2812         1.2812
15.588          1.0354         1.0456         1.0456
16.108          0.93486        0.84179        0.84179
16.627          0.88950        0.77704        0.77704
17.147          0.92530        0.82991        0.82991
17.666          1.0255         1.0205         1.0205
18.186          1.1191         1.2671         1.2671
18.706          1.1146         1.2490         1.2490
19.225          1.0183         0.99510        0.99510
19.745          0.92447        0.81887        0.81887
20.264          0.89670        0.77821        0.77821
20.784          0.94840        0.85591        0.85591
21.304          1.0508         1.0728         1.0728
21.823          1.1252         1.2927         1.2927
22.343          1.0979         1.2056         1.2056
22.862          0.99728        0.94859        0.94859
23.382          0.91291        0.80129        0.80129
23.902          0.89960        0.78401        0.78401
24.421          0.96468        0.88850        0.88850
24.941          1.0681         1.1276         1.1276
25.460          1.1220         1.3041         1.3041
25.980          1.0724         1.1541         1.1541
26.500          0.97134        0.90677        0.90677
27.019          0.90075        0.78852        0.78852
27.539          0.90475        0.79449        0.79449
28.059          0.98537        0.92756        0.92756
28.578          1.0911         1.1813         1.1813
29.098          1.1294         1.3002         1.3002
29.617          1.0601         1.0993         1.0993
30.137          0.95491        0.87094        0.87094
30.657          0.89681        0.78045        0.78045
31.176          0.91630        0.80969        0.80969
31.696          1.0051         0.97193        0.97193
32.215          1.1048         1.2291         1.2291
32.735          1.1232         1.2812         1.2812
33.255          1.0394         1.0456         1.0456
33.774          0.93753        0.84179        0.84179
34.294          0.89254        0.77704        0.77704
34.813          0.92950        0.82991        0.82991
35.333          1.0297         1.0205         1.0205
35.853          1.1173         1.2671         1.2671
36.372          1.1112         1.2490         1.2490
36.892          1.0193         0.99510        0.99510
37.411          0.92597        0.81887        0.81887
37.931          0.89615        0.77821        0.77821
38.451          0.94553        0.85591        0.85591
38.970          1.0504         1.0728         1.0728
39.490          1.1275         1.2927         1.2927
40.009          1.0995         1.2056         1.2056
40.529          1.0004         0.94859        0.94859
41.049          0.91581        0.80129        0.80129
41.568          0.89895        0.78401        0.78401
42.088          0.96361        0.88850        0.88850
42.607          1.0697         1.1276         1.1276
43.127          1.1258         1.3041         1.3041
43.647          1.0785         1.1541         1.1541
44.166          0.97630        0.90677        0.90677
44.686          0.90293        0.78852        0.78852
45.205          0.90368        0.79449        0.79449
45.725          0.98074        0.92756        0.92756
46.245          1.0845         1.1813         1.1813
46.764          1.1225         1.3002         1.3002
47.284          1.0568         1.0993         1.0993
47.803          0.95264        0.87094        0.87094
48.323          0.89231        0.78045        0.78045
48.843          0.91061        0.80969        0.80969
49.362          1.0003         0.97193        0.97193
49.882          1.1022         1.2291         1.2291
50.401          1.1206         1.2812         1.2812
50.921          1.0383         1.0456         1.0456
51.441          0.93773        0.84179        0.84179
51.960          0.89165        0.77704        0.77704
52.480          0.92854        0.82991        0.82991
52.999          1.0291         1.0205         1.0205
