0.0000          1.0266         1.0206         1.0206
0.51960         1.1166         1.2285         1.2285
1.0392          1.1016         1.1913         1.1913
1.5588          1.0006         0.96717        0.96716
2.0784          0.91372        0.82293        0.82293
2.5980          0.90607        0.81425        0.81424
3.1176          0.98351        0.94016        0.94016
3.6372          1.0893         1.1652         1.1652
4.1568          1.1198         1.2421         1.2421
4.6764          1.0399         1.0519         1.0519
5.1960          0.93553        0.86065        0.86064
5.7156          0.89438        0.80244        0.80244
6.2352          0.94385        0.87646        0.87646
6.7548          1.0525         1.0797         1.0797
7.2744          1.1222         1.2494         1.2495
7.7940          1.0753         1.1400         1.1400
8.3136          0.96737        0.91834        0.91835
8.8332          0.89962        0.80862        0.80862
9.3528          0.91705        0.83252        0.83252
9.8724          1.0130         0.99232        0.99231
10.392          1.1137         1.2111         1.2111
10.912          1.1104         1.2124         1.2124
11.431          1.0096         0.99417        0.99418
11.951          0.91583        0.83328        0.83329
12.470          0.89752        0.80828        0.80828
12.990          0.96821        0.91685        0.91684
13.510          1.0796         1.1381         1.1381
14.029          1.1213         1.2498         1.2498
14.549          1.0487         1.0817         1.0817
15.068          0.94407        0.87767        0.87768
15.588          0.89377        0.80251        0.80251
16.108          0.93101        0.85958        0.85957
16.627          1.0353         1.0499         1.0499
17.147          1.1172         1.2415         1.2415
17.666          1.0872         1.1669         1.1669
18.186          0.98445        0.94179        0.94180
18.706          0.90781        0.81472        0.81472
19.225          0.91086        0.82231        0.82231
19.745          0.99849        0.96541        0.96539
20.264          1.1062         1.1898         1.1898
20.784          1.1206         1.2295         1.2295
21.304          1.0261         1.0226         1.0226
21.823          0.92586        0.84584        0.84585
22.343          0.89821        0.80436        0.80436
22.862          0.95894        0.89558        0.89557
23.382          1.0698         1.1094         1.1094
23.902          1.1284         1.2523         1.2523
24.421          1.0677         1.1113         1.1113
24.941          0.95574        0.89693        0.89694
25.460          0.89276        0.80455        0.80456
25.980          0.91997        0.84493        0.84493
26.500          1.0225         1.0206         1.0206
27.019          1.1150         1.2285         1.2285
27.539          1.1000         1.1913         1.1913
28.059          0.99859        0.96715        0.96716
28.578          0.91184        0.82292        0.82293
29.098          0.90529        0.81424        0.81424
29.617          0.98352        0.94016        0.94016
30.137          1.0912         1.1652         1.1652
30.657          1.1225         1.2422         1.2422
31.176          1.0409         1.0519         1.0519
31.696          0.93541        0.86064        0.86064
32.215          0.89504        0.80244        0.80244
32.735          0.94681        0.87645        0.87645
33.255          1.0553         1.0797         1.0797
33.774          1.1238         1.2495         1.2495
34.294          1.0779         1.1400         1.1400
34.813          0.97123        0.91836        0.91835
35.333          0.90159        0.80862        0.80862
35.853          0.91614        0.83251        0.83251
36.372          1.0123         0.99229        0.99230
36.892          1.1135         1.2111         1.2111
37.411          1.1124         1.2124         1.2124
37.931          1.0144         0.99420        0.99419
38.451          0.91869        0.83329        0.83329
38.970          0.89958        0.80827        0.80828
39.490          0.97088        0.91682        0.91683
40.009          1.0836         1.1381         1.1381
40.529          1.1311         1.2498         1.2498
41.049          1.0592         1.0818         1.0817
41.568          0.94817        0.87770        0.87769
42.088          0.89566        0.80251        0.80251
42.607          0.93304        0.85956        0.85957
43.127          1.0373         1.0499         1.0499
43.647          1.1219         1.2414         1.2414
44.166          1.0923         1.1669         1.1669
44.686          0.98468        0.94183        0.94181
45.205          0.90407        0.81473        0.81472
45.725          0.90647        0.82230        0.82230
46.245          0.99221        0.96537        0.96538
46.764          1.0972         1.1897         1.1898
47.284          1.1134         1.2296         1.2296
47.803          1.0224         1.0226         1.0226
48.323          0.92253        0.84586        0.84585
48.843          0.89257        0.80436        0.80436
49.362          0.95173        0.89555        0.89556
49.882          1.0643         1.1093         1.1093
50.401          1.1252         1.2523         1.2523
50.921          1.0665         1.1113         1.1113
51.441          0.95776        0.89695        0.89694
51.960          0.89601        0.80456        0.80456
52.480          0.92465        0.84492        0.84493
52.999          1.0266         1.0206         1.0206
