0.0000          1.0238         0.79843        0.79843
0.51960         1.1145         0.78568        0.78568
1.0392          1.0906         0.89565        0.89565
1.5588          0.98346        1.1383         1.1383
2.0784          0.90703        1.3046         1.3046
2.5980          0.92420        1.1435         1.1435
3.1176          1.0236         0.89927        0.89927
3.6372          1.1124         0.78658        0.78658
4.1568          1.0879         0.79708        0.79708
4.6764          0.98070        0.93585        0.93585
5.1960          0.90380        1.1912         1.1912
5.7156          0.92055        1.2976         1.2976
6.2352          1.0216         1.0886         1.0886
6.7548          1.1129         0.86472        0.86472
7.2744          1.0868         0.77942        0.77942
7.7940          0.97744        0.81322        0.81323
8.3136          0.90143        0.98110        0.98110
8.8332          0.92110        1.2374         1.2374
9.3528          1.0236         1.2759         1.2759
9.8724          1.1166         1.0354         1.0354
10.392          1.0924         0.83685        0.83685
10.912          0.98159        0.77691        0.77691
11.431          0.90292        0.83450        0.83450
11.951          0.91976        1.0304         1.0304
12.470          1.0202         1.2731         1.2731
12.990          1.1130         1.2413         1.2413
13.510          1.0884         0.98570        0.98570
14.029          0.97809        0.81505        0.81505
14.549          0.90100        0.77898        0.77898
15.068          0.91957        0.86174        0.86174
15.588          1.0202         1.0834         1.0834
16.108          1.1103         1.2961         1.2961
16.627          1.0839         1.1960         1.1960
17.147          0.97665        0.94002        0.94002
17.666          0.90217        0.79843        0.79843
18.186          0.92287        0.78568        0.78568
18.706          1.0267         0.89565        0.89565
19.225          1.1167         1.1383         1.1383
19.745          1.0907         1.3046         1.3046
20.264          0.98371        1.1435         1.1435
20.784          0.90736        0.89927        0.89927
21.304          0.92228        0.78658        0.78658
21.823          1.0227         0.79708        0.79708
22.343          1.1168         0.93585        0.93585
22.862          1.0919         1.1912         1.1912
23.382          0.98221        1.2976         1.2976
23.902          0.90618        1.0886         1.0886
24.421          0.92290        0.86472        0.86472
24.941          1.0201         0.77942        0.77942
25.460          1.1079         0.81323        0.81323
25.980          1.0827         0.98111        0.98110
26.500          0.97722        1.2374         1.2374
27.019          0.90297        1.2759         1.2759
27.539          0.92192        1.0354         1.0354
28.059          1.0244         0.83685        0.83685
28.578          1.1159         0.77691        0.77691
29.098          1.0911         0.83450        0.83450
29.617          0.98117        1.0304         1.0304
30.137          0.90394        1.2731         1.2731
30.657          0.92295        1.2413         1.2413
31.176          1.0245         0.98570        0.98570
31.696          1.1140         0.81505        0.81505
32.215          1.0880         0.77898        0.77898
32.735          0.98191        0.86174        0.86174
33.255          0.90518        1.0834         1.0834
33.774          0.92134        1.2961         1.2961
34.294          1.0222         1.1960         1.1960
34.813          1.1158         0.94002        0.94002
35.333          1.0909         0.79843        0.79843
35.853          0.98003        0.78568        0.78568
36.372          0.90477        0.89565        0.89565
36.892          0.92421        1.1383         1.1383
37.411          1.0263         1.3046         1.3046
37.931          1.1187         1.1435         1.1435
38.451          1.0901         0.89927        0.89927
38.970          0.98011        0.78658        0.78658
39.490          0.90525        0.79708        0.79708
40.009          0.92452        0.93585        0.93585
40.529          1.0291         1.1912         1.1912
41.049          1.1215         1.2976         1.2976
41.568          1.0910         1.0886         1.0886
42.088          0.98004        0.86472        0.86472
42.607          0.90304        0.77942        0.77942
43.127          0.91973        0.81323        0.81323
43.647          1.0232         0.98110        0.98110
44.166          1.1171         1.2374         1.2374
44.686          1.0903         1.2759         1.2759
45.205          0.97917        1.0354         1.0354
45.725          0.90134        0.83685        0.83685
46.245          0.91783        0.77691        0.77691
46.764          1.0191         0.83450        0.83450
47.284          1.1123         1.0304         1.0304
47.803          1.0857         1.2731         1.2731
48.323          0.97604        1.2413         1.2413
48.843          0.89984        0.98570        0.98570
49.362          0.91719        0.81505        0.81505
49.882          1.0199         0.77898        0.77898
50.401          1.1144         0.86174        0.86174
50.921          1.0894         1.0834         1.0834
51.441          0.97991        1.2961         1.2961
51.960          0.90271        1.1960         1.1960
52.480          0.92177        0.94002        0.94002
52.999          1.0238         0.79843        0.79843
