0.0000          1.0334         0.99593        0.99593
0.51960         1.1242         1.4435         1.4435
1.0392          1.1271         1.4588         1.4588
1.5588          1.0413         1.0134         1.0134
2.0784          0.94065        0.74954        0.74954
2.5980          0.88941        0.68189        0.68189
3.1176          0.91089        0.71392        0.71392
3.6372          0.99837        0.89906        0.89906
4.1568          1.1038         1.3263         1.3263
4.6764          1.1372         1.5275         1.5275
5.1960          1.0673         1.1367         1.1367
5.7156          0.96150        0.79873        0.79873
6.2352          0.89334        0.69056        0.69056
6.7548          0.89480        0.69513        0.69513
7.2744          0.96792        0.82040        0.82040
7.7940          1.0751         1.1840         1.1840
8.3136          1.1342         1.5385         1.5385
8.8332          1.0938         1.2793         1.2793
9.3528          0.99256        0.87023        0.87023
9.8724          0.90918        0.70657        0.70657
10.392          0.89025        0.68398        0.68398
10.912          0.94366        0.76388        0.76388
11.431          1.0468         1.0521         1.0521
11.951          1.1286         1.4874         1.4874
12.470          1.1138         1.4080         1.4080
12.990          1.0207         0.96110        0.96110
13.510          0.92591        0.73193        0.73193
14.029          0.88385        0.68050        0.68050
14.549          0.91630        0.72703        0.72703
15.068          1.0138         0.94525        0.94525
15.588          1.1126         1.3895         1.3895
16.108          1.1275         1.4992         1.4992
16.627          1.0480         1.0717         1.0717
17.147          0.94617        0.77152        0.77152
17.666          0.88810        0.68530        0.68530
18.186          0.90345        0.70344        0.70344
18.706          0.98841        0.85721        0.85721
19.225          1.0943         1.2562         1.2562
19.745          1.1405         1.5412         1.5412
20.264          1.0860         1.2072         1.2072
20.784          0.98084        0.83169        0.83169
21.304          0.90097        0.69760        0.69760
21.823          0.89073        0.68867        0.68867
22.343          0.95737        0.78933        0.78933
22.862          1.0666         1.1150         1.1150
23.382          1.1386         1.5198         1.5198
23.902          1.1095         1.3476         1.3476
24.421          1.0081         0.91352        0.91352
24.941          0.91409        0.71784        0.71784
25.460          0.88126        0.68122        0.68122
25.980          0.92545        0.74342        0.74342
26.500          1.0291         0.99593        0.99593
27.019          1.1227         1.4435         1.4435
27.539          1.1254         1.4588         1.4588
28.059          1.0392         1.0134         1.0134
28.578          0.93859        0.74954        0.74954
29.098          0.88860        0.68189        0.68189
29.617          0.91090        0.71392        0.71392
30.137          1.0001         0.89906        0.89906
30.657          1.1066         1.3263         1.3263
31.176          1.1385         1.5275         1.5275
31.696          1.0671         1.1367         1.1367
32.215          0.96205        0.79873        0.79873
32.735          0.89600        0.69056        0.69056
33.255          0.89689        0.69513        0.69513
33.774          0.96918        0.82040        0.82040
34.294          1.0780         1.1840         1.1840
34.813          1.1398         1.5385         1.5385
35.333          1.0968         1.2793         1.2793
35.853          0.99137        0.87023        0.87023
36.372          0.90832        0.70657        0.70657
36.892          0.89006        0.68398        0.68398
37.411          0.94560        0.76388        0.76388
37.931          1.0522         1.0521         1.0521
38.451          1.1324         1.4874         1.4874
38.970          1.1168         1.4080         1.4080
39.490          1.0238         0.96110        0.96110
40.009          0.92905        0.73193        0.73193
40.529          0.89053        0.68050        0.68050
41.049          0.92473        0.72703        0.72703
41.568          1.0181         0.94525        0.94525
42.088          1.1158         1.3895         1.3895
42.607          1.1306         1.4992         1.4992
43.127          1.0501         1.0717         1.0717
43.647          0.94971        0.77152        0.77152
44.166          0.89177        0.68530        0.68530
44.686          0.90343        0.70344        0.70344
45.205          0.98370        0.85721        0.85721
45.725          1.0884         1.2562         1.2562
46.245          1.1329         1.5412         1.5412
46.764          1.0774         1.2072         1.2072
47.284          0.97506        0.83169        0.83169
47.803          0.89801        0.69760        0.69760
48.323          0.88745        0.68867        0.68867
48.843          0.95063        0.78933        0.78933
49.362          1.0576         1.1150         1.1150
49.882          1.1325         1.5198         1.5198
50.401          1.1066         1.3476         1.3476
50.921          1.0071         0.91352        0.91352
51.441          0.91607        0.71784        0.71784
51.960          0.88454        0.68122        0.68122
52.480          0.93041        0.74342        0.74342
52.999          1.0334         0.99593        0.99593
