0.0000          1.0367         1.0030         1.0030
0.51960         1.1242         1.4440         1.4440
1.0392          1.1351         1.4983         1.4983
1.5588          1.0620         1.0671         1.0671
2.0784          0.96269        0.78460        0.78460
2.5980          0.89652        0.70248        0.70248
3.1176          0.89014        0.70153        0.70153
3.6372          0.94807        0.77959        0.77959
4.1568          1.0512         1.0538         1.0538
4.6764          1.1330         1.4886         1.4886
5.1960          1.1258         1.4562         1.4562
5.7156          1.0411         1.0156         1.0156
6.2352          0.94488        0.76575        0.76575
6.7548          0.88814        0.69885        0.69885
7.2744          0.89314        0.70576        0.70576
7.7940          0.96095        0.80174        0.80174
8.3136          1.0639         1.1112         1.1112
8.8332          1.1367         1.5248         1.5248
9.3528          1.1182         1.4021         1.4021
9.8724          1.0288         0.96506        0.96506
10.392          0.93660        0.74851        0.74851
10.912          0.88692        0.69570        0.69570
11.431          0.90035        0.71202        0.71202
11.951          0.97668        0.83249        0.83249
12.470          1.0798         1.1827         1.1827
12.990          1.1392         1.5511         1.5511
13.510          1.1058         1.3305         1.3305
14.029          1.0091         0.91279        0.91279
14.549          0.91943        0.73234        0.73234
15.068          0.88174        0.69373        0.69373
15.588          0.90773        0.72204        0.72204
16.108          0.99103        0.87496        0.87496
16.627          1.0913         1.2671         1.2671
17.147          1.1371         1.5595         1.5595
17.666          1.0911         1.2455         1.2455
18.186          0.99683        0.86330        0.86330
18.706          0.91613        0.71912        0.71912
19.225          0.88501        0.69404        0.69404
19.745          0.92105        0.73620        0.73620
20.264          1.0153         0.92588        0.92588
20.784          1.1142         1.3500         1.3500
21.304          1.1409         1.5458         1.5458
21.823          1.0796         1.1633         1.1633
22.343          0.98242        0.82375        0.82375
22.862          0.90651        0.71017        0.71017
23.382          0.88648        0.69642        0.69642
23.902          0.93327        0.75274        0.75274
24.421          1.0291         0.97785        0.97785
24.941          1.1166         1.4171         1.4171
25.460          1.1292         1.5164         1.5164
25.980          1.0595         1.0957         1.0957
26.500          0.96336        0.79560        0.79560
27.019          0.89611        0.70458        0.70458
27.539          0.88769        0.69972        0.69972
28.059          0.94452        0.77022        0.77022
28.578          1.0452         1.0281         1.0281
29.098          1.1311         1.4676         1.4676
29.617          1.1312         1.4784         1.4784
30.137          1.0501         1.0408         1.0408
30.657          0.95378        0.77482        0.77482
31.176          0.89282        0.70061        0.70061
31.696          0.89142        0.70349        0.70349
32.215          0.95620        0.78991        0.78991
32.735          1.0625         1.0811         1.0811
33.255          1.1367         1.5076         1.5076
33.774          1.1211         1.4310         1.4310
34.294          1.0343         0.99051        0.99051
34.813          0.94064        0.75703        0.75703
35.333          0.88852        0.69720        0.69720
35.853          0.89772        0.70852        0.70852
36.372          0.97240        0.81575        0.81575
36.892          1.0788         1.1449         1.1449
37.411          1.1437         1.5396         1.5396
37.931          1.1158         1.3685         1.3685
38.451          1.0201         0.93903        0.93903
38.970          0.92814        0.74020        0.74020
39.490          0.88583        0.69449        0.69449
40.009          0.90823        0.71648        0.71648
40.529          0.99289        0.85228        0.85228
41.049          1.0968         1.2239         1.2239
41.568          1.1436         1.5581         1.5581
42.088          1.1000         1.2888         1.2888
42.607          1.0024         0.88719        0.88719
43.127          0.91558        0.72523        0.72523
43.647          0.88362        0.69357        0.69357
44.166          0.91637        0.72867        0.72867
44.686          1.0042         0.89984        0.89984
45.205          1.1018         1.3099         1.3099
45.725          1.1369         1.5552         1.5552
46.245          1.0819         1.2029         1.2029
46.764          0.98456        0.84200        0.84200
47.284          0.90689        0.71412        0.71412
47.803          0.88158        0.69505        0.69505
48.323          0.92113        0.74431        0.74431
48.843          1.0137         0.95210        0.95210
49.362          1.1080         1.3859         1.3859
49.882          1.1348         1.5325         1.5325
50.401          1.0731         1.1275         1.1275
50.921          0.97381        0.80844        0.80844
51.441          0.90042        0.70706        0.70706
51.960          0.88453        0.69801        0.69801
52.480          0.93680        0.76136        0.76136
52.999          1.0367         1.0030         1.0030
