0.0000          1.0402         0.99311        0.99311
0.51960         1.1234         1.3806         1.3806
1.0392          1.1413         1.4926         1.4926
1.5588          1.0821         1.1347         1.1347
2.0784          0.98821        0.84650        0.84650
2.5980          0.91226        0.75271        0.75271
3.1176          0.88223        0.73812        0.73812
3.6372          0.90822        0.75664        0.75664
4.1568          0.98843        0.86317        0.86317
4.6764          1.0875         1.1708         1.1708
5.1960          1.1420         1.5064         1.5064
5.7156          1.1147         1.3464         1.3464
6.2352          1.0304         0.96599        0.96599
6.7548          0.94150        0.78284        0.78284
7.2744          0.88740        0.73844        0.73844
7.7940          0.88601        0.73970        0.73970
8.3136          0.94116        0.79125        0.79125
8.8332          1.0383         0.99304        0.99304
9.3528          1.1247         1.3805         1.3805
9.8724          1.1417         1.4926         1.4926
10.392          1.0815         1.1348         1.1348
10.912          0.98618        0.84652        0.84652
11.431          0.90865        0.75270        0.75270
11.951          0.87969        0.73811        0.73811
12.470          0.90763        0.75662        0.75662
12.990          0.98790        0.86314        0.86314
13.510          1.0865         1.1707         1.1707
14.029          1.1395         1.5064         1.5064
14.549          1.1116         1.3465         1.3465
15.068          1.0291         0.96601        0.96601
15.588          0.94057        0.78284        0.78284
16.108          0.88605        0.73843        0.73843
16.627          0.88488        0.73969        0.73969
17.147          0.94074        0.79124        0.79124
17.666          1.0363         0.99305        0.99305
18.186          1.1251         1.3805         1.3805
18.706          1.1444         1.4926         1.4926
19.225          1.0803         1.1348         1.1348
19.745          0.98613        0.84651        0.84651
20.264          0.91311        0.75269        0.75269
20.784          0.88490        0.73810        0.73810
21.304          0.91032        0.75662        0.75662
21.823          0.98887        0.86317        0.86317
22.343          1.0891         1.1708         1.1708
22.862          1.1455         1.5064         1.5064
23.382          1.1188         1.3464         1.3464
23.902          1.0344         0.96596        0.96596
24.421          0.94394        0.78281        0.78281
24.941          0.88687        0.73842        0.73842
25.460          0.88385        0.73969        0.73969
25.980          0.93918        0.79126        0.79126
26.500          1.0358         0.99312        0.99312
27.019          1.1219         1.3806         1.3806
27.539          1.1397         1.4926         1.4926
28.059          1.0799         1.1347         1.1347
28.578          0.98597        0.84646        0.84646
29.098          0.91143        0.75268        0.75268
29.617          0.88229        0.73810        0.73810
30.137          0.90968        0.75663        0.75663
30.657          0.99069        0.86322        0.86322
31.176          1.0888         1.1709         1.1709
31.696          1.1416         1.5065         1.5065
32.215          1.1153         1.3463         1.3463
32.735          1.0339         0.96589        0.96589
33.255          0.94391        0.78280        0.78280
33.774          0.88854        0.73842        0.73842
34.294          0.88810        0.73970        0.73970
34.813          0.94531        0.79129        0.79129
35.333          1.0409         0.99319        0.99319
35.853          1.1231         1.3807         1.3807
36.372          1.1406         1.4925         1.4925
36.892          1.0815         1.1346         1.1346
37.411          0.98791        0.84644        0.84644
37.931          0.91269        0.75268        0.75268
38.451          0.88232        0.73811        0.73811
38.970          0.90986        0.75665        0.75665
39.490          0.99070        0.86324        0.86324
40.009          1.0904         1.1709         1.1709
40.529          1.1497         1.5065         1.5065
41.049          1.1234         1.3462         1.3462
41.568          1.0336         0.96586        0.96586
42.088          0.94254        0.78280        0.78280
42.607          0.88796        0.73843        0.73843
43.127          0.88648        0.73971        0.73971
43.647          0.94461        0.79130        0.79130
44.166          1.0415         0.99318        0.99318
44.686          1.1252         1.3807         1.3807
45.205          1.1383         1.4925         1.4925
45.725          1.0742         1.1346         1.1346
46.245          0.98030        0.84645        0.84645
46.764          0.90677        0.75269        0.75269
47.284          0.88007        0.73812        0.73812
47.803          0.90729        0.75665        0.75665
48.323          0.98481        0.86322        0.86322
48.843          1.0808         1.1709         1.1709
49.362          1.1356         1.5064         1.5064
49.882          1.1130         1.3463         1.3463
50.401          1.0319         0.96592        0.96592
50.921          0.94309        0.78282        0.78282
51.441          0.88878        0.73844        0.73844
51.960          0.88712        0.73971        0.73971
52.480          0.94431        0.79128        0.79128
52.999          1.0402         0.99311        0.99311
