0.0000          1.0304         0.99886        0.99886
0.51960         1.1237         1.4260         1.4260
1.0392          1.1177         1.3972         1.3972
1.5588          1.0207         0.96634        0.96634
2.0784          0.92285        0.73136        0.73136
2.5980          0.89120        0.68571        0.68571
3.1176          0.94279        0.77066        0.77066
3.6372          1.0505         1.0741         1.0741
4.1568          1.1312         1.4702         1.4702
4.6764          1.1016         1.3212         1.3212
5.1960          0.99427        0.90238        0.90238
5.7156          0.90590        0.71264        0.71264
6.2352          0.89182        0.69223        0.69223
6.7548          0.96032        0.81316        0.81316
7.2744          1.0725         1.1688         1.1688
7.7940          1.1319         1.4921         1.4921
8.3136          1.0786         1.2222         1.2222
8.8332          0.97212        0.84082        0.84082
9.3528          0.89833        0.69779        0.69779
9.8724          0.90193        0.70452        0.70452
10.392          0.98633        0.87036        0.87036
10.912          1.0961         1.2730         1.2730
11.431          1.1319         1.4846         1.4846
11.951          1.0592         1.1198         1.1198
12.470          0.95076        0.79022        0.79022
12.990          0.89013        0.68831        0.68831
13.510          0.91089        0.72139        0.72139
14.029          1.0034         0.93372        0.93372
14.549          1.1063         1.3617         1.3617
15.068          1.1241         1.4508         1.4508
15.588          1.0372         1.0351         1.0351
16.108          0.93192        0.75530        0.75530
16.627          0.88474        0.68450        0.68450
17.147          0.92180        0.74220        0.74220
17.666          1.0267         0.99887        0.99887
18.186          1.1254         1.4260         1.4260
18.706          1.1206         1.3972         1.3972
19.225          1.0191         0.96633        0.96633
19.745          0.92099        0.73136        0.73136
20.264          0.89206        0.68571        0.68571
20.784          0.94591        0.77067        0.77067
21.304          1.0532         1.0741         1.0741
21.823          1.1317         1.4702         1.4702
22.343          1.1030         1.3212         1.3212
22.862          0.99709        0.90237        0.90237
23.382          0.90890        0.71264        0.71264
23.902          0.89514        0.69223        0.69223
24.421          0.96297        0.81317        0.81317
24.941          1.0716         1.1689         1.1689
25.460          1.1285         1.4921         1.4921
25.980          1.0761         1.2222         1.2222
26.500          0.97006        0.84082        0.84082
27.019          0.89639        0.69779        0.69779
27.539          0.90055        0.70452        0.70452
28.059          0.98457        0.87036        0.87036
28.578          1.0958         1.2730         1.2730
29.098          1.1362         1.4847         1.4847
29.617          1.0630         1.1198         1.1198
30.137          0.95279        0.79022        0.79022
30.657          0.89232        0.68831        0.68831
31.176          0.91256        0.72139        0.72139
31.696          1.0052         0.93372        0.93372
32.215          1.1102         1.3617         1.3617
32.735          1.1298         1.4508         1.4508
33.255          1.0412         1.0351         1.0351
33.774          0.93457        0.75530        0.75530
34.294          0.88786        0.68450        0.68450
34.813          0.92619        0.74220        0.74220
35.333          1.0311         0.99886        0.99886
35.853          1.1235         1.4260         1.4260
36.372          1.1170         1.3972         1.3972
36.892          1.0202         0.96634        0.96634
37.411          0.92261        0.73136        0.73136
37.931          0.89154        0.68571        0.68571
38.451          0.94284        0.77066        0.77066
38.970          1.0528         1.0741         1.0741
39.490          1.1343         1.4702         1.4702
40.009          1.1045         1.3212         1.3212
40.529          1.0002         0.90238        0.90238
41.049          0.91199        0.71264        0.71264
41.568          0.89442        0.69223        0.69223
42.088          0.96180        0.81316        0.81316
42.607          1.0732         1.1688         1.1688
43.127          1.1323         1.4921         1.4921
43.647          1.0826         1.2222         1.2222
44.166          0.97514        0.84082        0.84082
44.686          0.89858        0.69779        0.69779
45.205          0.89952        0.70452        0.70452
45.725          0.97968        0.87036        0.87036
46.245          1.0889         1.2730         1.2730
46.764          1.1292         1.4847         1.4847
47.284          1.0598         1.1199         1.1199
47.803          0.95052        0.79022        0.79022
48.323          0.88769        0.68831        0.68831
48.843          0.90668        0.72139        0.72139
49.362          1.0002         0.93371        0.93371
49.882          1.1077         1.3617         1.3617
50.401          1.1272         1.4508         1.4508
50.921          1.0401         1.0351         1.0351
51.441          0.93488        0.75530        0.75530
51.960          0.88695        0.68450        0.68450
52.480          0.92521        0.74220        0.74220
52.999          1.0304         0.99886        0.99886
