0.0000          1.0277         1.0057         1.0057
0.51960         1.1226         1.3873         1.3873
1.0392          1.1070         1.3160         1.3160
1.5588          1.0009         0.92381        0.92381
2.0784          0.91008        0.72667        0.72667
2.5980          0.90189        0.71629        0.71629
3.1176          0.98251        0.88298        0.88298
3.6372          1.0937         1.2646         1.2646
4.1568          1.1261         1.4150         1.4150
4.6764          1.0421         1.0590         1.0590
5.1960          0.93294        0.77366        0.77366
5.7156          0.88988        0.70312        0.70312
6.2352          0.94116        0.79392        0.79392
6.7548          1.0550         1.1058         1.1058
7.2744          1.1286         1.4292         1.4292
7.7940          1.0794         1.2181         1.2181
8.3136          0.96616        0.85259        0.85259
8.8332          0.89542        0.71009        0.71009
9.3528          0.91329        0.73783        0.73783
9.8724          1.0134         0.96102        0.96102
10.392          1.1195         1.3532         1.3532
10.912          1.1162         1.3567         1.3567
11.431          1.0104         0.96502        0.96502
11.951          0.91238        0.73912        0.73912
12.470          0.89308        0.70957        0.70957
12.990          0.96656        0.84963        0.84963
13.510          1.0835         1.2132         1.2132
14.029          1.1278         1.4302         1.4302
14.549          1.0514         1.1108         1.1108
15.068          0.94193        0.79617        0.79617
15.588          0.88934        0.70322        0.70322
16.108          0.92782        0.77174        0.77174
16.627          1.0369         1.0543         1.0543
17.147          1.1234         1.4131         1.4131
17.666          1.0919         1.2692         1.2692
18.186          0.98405        0.88629        0.88629
18.706          0.90395        0.71705        0.71705
19.225          0.90681        0.72564        0.72564
19.745          0.99813        0.92012        0.92012
20.264          1.1115         1.3119         1.3119
20.784          1.1270         1.3901         1.3901
21.304          1.0276         1.0102         1.0102
21.823          0.92276        0.75470        0.75470
22.343          0.89380        0.70521        0.70521
22.862          0.95682        0.81989        0.81989
23.382          1.0730         1.1595         1.1595
23.902          1.1352         1.4350         1.4350
24.421          1.0713         1.1645         1.1645
24.941          0.95405        0.82250        0.82250
25.460          0.88830        0.70552        0.70552
25.980          0.91634        0.75311        0.75311
26.500          1.0234         1.0058         1.0058
27.019          1.1210         1.3874         1.3874
27.539          1.1053         1.3160         1.3160
28.059          0.99885        0.92377        0.92377
28.578          0.90814        0.72665        0.72665
29.098          0.90108        0.71629        0.71629
29.617          0.98248        0.88298        0.88298
30.137          1.0957         1.2646         1.2646
30.657          1.1290         1.4150         1.4150
31.176          1.0432         1.0590         1.0590
31.696          0.93277        0.77366        0.77366
32.215          0.89051        0.70311        0.70311
32.735          0.94422        0.79389        0.79389
33.255          1.0578         1.1058         1.1058
33.774          1.1303         1.4292         1.4292
34.294          1.0821         1.2182         1.2182
34.813          0.97018        0.85262        0.85262
35.333          0.89746        0.71009        0.71009
35.853          0.91229        0.73780        0.73780
36.372          1.0126         0.96094        0.96094
36.892          1.1193         1.3532         1.3532
37.411          1.1183         1.3568         1.3568
37.931          1.0154         0.96511        0.96511
38.451          0.91527        0.73914        0.73914
38.970          0.89515        0.70955        0.70955
39.490          0.96929        0.84955        0.84955
40.009          1.0876         1.2131         1.2131
40.529          1.1379         1.4302         1.4302
41.049          1.0624         1.1109         1.1109
41.568          0.94604        0.79624        0.79624
42.088          0.89122        0.70322        0.70322
42.607          0.92988        0.77169        0.77169
43.127          1.0389         1.0542         1.0542
43.647          1.1283         1.4130         1.4130
44.166          1.0972         1.2693         1.2693
44.686          0.98427        0.88639        0.88639
45.205          0.90011        0.71707        0.71707
45.725          0.90233        0.72562        0.72562
46.245          0.99167        0.92002        0.92002
46.764          1.1022         1.3117         1.3117
47.284          1.1195         1.3902         1.3902
47.803          1.0238         1.0103         1.0103
48.323          0.91944        0.75474        0.75474
48.843          0.88804        0.70521        0.70521
49.362          0.94939        0.81984        0.81984
49.882          1.0674         1.1594         1.1594
50.401          1.1319         1.4350         1.4350
50.921          1.0701         1.1646         1.1646
51.441          0.95615        0.82255        0.82255
51.960          0.89162        0.70553        0.70553
52.480          0.92116        0.75309        0.75309
52.999          1.0277         1.0057         1.0057
