0.0000          1.0251         0.95227        0.95227
0.51960         1.1206         1.2928         1.2928
1.0392          1.0952         1.2928         1.2928
1.5588          0.98247        0.95226        0.95226
2.0784          0.90269        0.75485        0.75485
2.5980          0.92066        0.75485        0.75485
3.1176          1.0249         0.95229        0.95229
3.6372          1.1184         1.2929         1.2929
4.1568          1.0924         1.2928         1.2928
4.6764          0.97968        0.95225        0.95225
5.1960          0.89943        0.75484        0.75484
5.7156          0.91691        0.75485        0.75485
6.2352          1.0228         0.95229        0.95229
6.7548          1.1191         1.2929         1.2929
7.2744          1.0913         1.2928         1.2928
7.7940          0.97629        0.95225        0.95225
8.3136          0.89690        0.75484        0.75484
8.8332          0.91744        0.75484        0.75484
9.3528          1.0250         0.95228        0.95228
9.8724          1.1229         1.2929         1.2929
10.392          1.0972         1.2928         1.2928
10.912          0.98060        0.95226        0.95226
11.431          0.89849        0.75484        0.75484
11.951          0.91604        0.75484        0.75484
12.470          1.0213         0.95227        0.95227
12.990          1.1191         1.2929         1.2929
13.510          1.0931         1.2928         1.2928
14.029          0.97702        0.95227        0.95227
14.549          0.89650        0.75484        0.75484
15.068          0.91600        0.75484        0.75484
15.588          1.0215         0.95226        0.95226
16.108          1.1163         1.2928         1.2928
16.627          1.0883         1.2928         1.2928
17.147          0.97541        0.95227        0.95227
17.666          0.89774        0.75484        0.75484
18.186          0.91934        0.75484        0.75484
18.706          1.0281         0.95226        0.95226
19.225          1.1230         1.2928         1.2928
19.745          1.0953         1.2928         1.2928
20.264          0.98271        0.95228        0.95228
20.784          0.90305        0.75485        0.75485
21.304          0.91862        0.75484        0.75484
21.823          1.0238         0.95226        0.95226
22.343          1.1232         1.2928         1.2928
22.862          1.0966         1.2928         1.2928
23.382          0.98111        0.95228        0.95228
23.902          0.90187        0.75485        0.75485
24.421          0.91935        0.75484        0.75484
24.941          1.0212         0.95226        0.95226
25.460          1.1138         1.2928         1.2928
25.980          1.0870         1.2928         1.2928
26.500          0.97608        0.95227        0.95227
27.019          0.89855        0.75484        0.75484
27.539          0.91837        0.75484        0.75484
28.059          1.0257         0.95227        0.95227
28.578          1.1222         1.2928         1.2928
29.098          1.0957         1.2928         1.2928
29.617          0.98004        0.95227        0.95227
30.137          0.89950        0.75484        0.75484
30.657          0.91940        0.75483        0.75483
31.176          1.0258         0.95225        0.95225
31.696          1.1201         1.2928         1.2928
32.215          1.0925         1.2929         1.2929
32.735          0.98094        0.95228        0.95228
33.255          0.90076        0.75484        0.75484
33.774          0.91763        0.75482        0.75482
34.294          1.0234         0.95222        0.95222
34.813          1.1220         1.2928         1.2928
35.333          1.0956         1.2929         1.2929
35.853          0.97890        0.95231        0.95231
36.372          0.90034        0.75485        0.75485
36.892          0.92064        0.75481        0.75481
37.411          1.0277         0.95219        0.95219
37.931          1.1251         1.2928         1.2928
38.451          1.0947         1.2929         1.2929
38.970          0.97892        0.95234        0.95234
39.490          0.90089        0.75486        0.75486
40.009          0.92091        0.75481        0.75481
40.529          1.0305         0.95217        0.95217
41.049          1.1281         1.2928         1.2928
41.568          1.0956         1.2929         1.2929
42.088          0.97891        0.95235        0.95235
42.607          0.89861        0.75487        0.75487
43.127          0.91593        0.75482        0.75482
43.647          1.0245         0.95218        0.95218
44.166          1.1234         1.2928         1.2928
44.686          1.0950         1.2929         1.2929
45.205          0.97818        0.95234        0.95234
45.725          0.89680        0.75487        0.75487
46.245          0.91410        0.75483        0.75483
46.764          1.0203         0.95222        0.95222
47.284          1.1185         1.2928         1.2928
47.803          1.0902         1.2929         1.2929
48.323          0.97488        0.95232        0.95232
48.843          0.89540        0.75486        0.75486
49.362          0.91342        0.75485        0.75485
49.882          1.0211         0.95225        0.95225
50.401          1.1208         1.2928         1.2928
50.921          1.0939         1.2928         1.2928
51.441          0.97884        0.95229        0.95229
51.960          0.89829        0.75486        0.75486
52.480          0.91813        0.75485        0.75485
52.999          1.0251         0.95227        0.95227
