0.0000          1.0227         0.73923        0.73923
0.51960         1.1180         0.68469        0.68469
1.0392          1.0827         0.75895        0.75895
1.5588          0.96604        1.0446         1.0446
2.0784          0.90089        1.4562         1.4562
2.5980          0.94615        1.3520         1.3520
3.1176          1.0637         0.92572        0.92572
3.6372          1.1201         0.71908        0.71908
4.1568          1.0422         0.68917        0.68917
4.6764          0.93096        0.79564        0.79564
5.1960          0.90033        1.1318         1.1318
5.7156          0.97862        1.4871         1.4871
6.2352          1.0956         1.2605         1.2605
6.7548          1.1076         0.86280        0.86280
7.2744          0.99999        0.70273        0.70273
7.7940          0.90567        0.69936        0.69936
8.3136          0.91333        0.84801        0.84801
8.8332          1.0210         1.2350         1.2350
9.3528          1.1193         1.4908         1.4908
9.8724          1.0831         1.1564         1.1564
10.392          0.96561        0.80718        0.80718
10.912          0.89910        0.69115        0.69115
11.431          0.94219        0.71475        0.71475
11.951          1.0603         0.91014        0.91014
12.470          1.1193         1.3317         1.3317
12.990          1.0419         1.4657         1.4657
13.510          0.93014        1.0641         1.0641
14.029          0.89868        0.76665        0.76665
14.549          0.97629        0.68533        0.68533
15.068          1.0941         0.73395        0.73395
15.588          1.1064         0.97430        0.97430
16.108          0.99839        1.4047         1.4047
16.627          0.90449        1.4192         1.4192
17.147          0.91293        0.99065        0.99065
17.666          1.0191         0.73940        0.73940
18.186          1.1196         0.68472        0.68472
18.706          1.0856         0.75892        0.75892
19.225          0.96458        1.0445         1.0445
19.745          0.89914        1.4561         1.4561
20.264          0.94715        1.3520         1.3520
20.784          1.0676         0.92577        0.92577
21.304          1.1233         0.71911        0.71911
21.823          1.0427         0.68920        0.68920
22.343          0.93193        0.79575        0.79575
22.862          0.90261        1.1321         1.1321
23.382          0.98209        1.4872         1.4872
23.902          1.1002         1.2601         1.2601
24.421          1.1111         0.86256        0.86256
24.941          0.99944        0.70267        0.70267
25.460          0.90339        0.69943        0.69943
25.980          0.91147        0.84831        0.84831
26.500          1.0186         1.2357         1.2357
27.019          1.1164         1.4908         1.4908
27.539          1.0812         1.1557         1.1557
28.059          0.96419        0.80678        0.80678
28.578          0.89899        0.69107        0.69107
29.098          0.94535        0.71488        0.71488
29.617          1.0637         0.91066        0.91066
30.137          1.1220         1.3325         1.3325
30.657          1.0448         1.4654         1.4654
31.176          0.93184        1.0633         1.0633
31.696          0.90004        0.76628        0.76628
32.215          0.97945        0.68529        0.68529
32.735          1.0997         0.73417        0.73417
33.255          1.1108         0.97498        0.97498
33.774          1.0013         1.4054         1.4054
34.294          0.90766        1.4186         1.4186
34.813          0.91711        0.98990        0.98990
35.333          1.0234         0.73914        0.73914
35.853          1.1177         0.68474        0.68474
36.372          1.0821         0.75926        0.75926
36.892          0.96556        1.0454         1.0454
37.411          0.90070        1.4564         1.4564
37.931          0.94657        1.3511         1.3511
38.451          1.0637         0.92516        0.92516
38.970          1.1225         0.71894        0.71894
39.490          1.0451         0.68928        0.68928
40.009          0.93317        0.79619        0.79619
40.529          0.90552        1.1329         1.1329
41.049          0.98568        1.4872         1.4872
41.568          1.0989         1.2594         1.2594
42.088          1.1093         0.86217        0.86217
42.607          1.0009         0.70259        0.70259
43.127          0.90603        0.69952        0.69952
43.647          0.91647        0.84868        0.84868
44.166          1.0239         1.2362         1.2362
44.686          1.1197         1.4907         1.4907
45.205          1.0800         1.1553         1.1553
45.725          0.95957        0.80664        0.80664
46.245          0.89414        0.69105        0.69105
46.764          0.94033        0.71491        0.71491
47.284          1.0608         0.91075        0.91075
47.803          1.1189         1.3326         1.3326
48.323          1.0387         1.4655         1.4655
48.843          0.92594        1.0633         1.0633
49.362          0.89613        0.76629        0.76629
49.882          0.97742        0.68527        0.68527
50.401          1.0970         0.73406        0.73406
50.921          1.1096         0.97471        0.97471
51.441          1.0017         1.4053         1.4053
51.960          0.90674        1.4190         1.4190
52.480          0.91617        0.99023        0.99023
52.999          1.0227         0.73923        0.73923
