0.0000          1.0207         0.74139        0.74139
0.51960         1.1148         0.68454        0.68454
1.0392          1.0699         0.75626        0.75626
1.5588          0.95204        1.0376         1.0376
2.0784          0.90468        1.4523         1.4523
2.5980          0.97619        1.3591         1.3591
3.1176          1.0932         0.93155        0.93155
3.6372          1.1002         0.72076        0.72076
4.1568          0.98963        0.68853        0.68853
4.6764          0.90577        0.79167        0.79167
5.1960          0.93452        1.1231         1.1231
5.7156          1.0513         1.4854         1.4854
6.2352          1.1164         1.2696         1.2696
6.7548          1.0357         0.86827        0.86827
7.2744          0.92386        0.70402        0.70402
7.7940          0.90710        0.69821        0.69821
8.3136          1.0027         0.84277        0.84277
8.8332          1.1097         1.2258         1.2258
9.3528          1.0807         1.4918         1.4918
9.8724          0.96153        1.1654         1.1654
10.392          0.90354        0.81145        0.81145
10.912          0.96249        0.69191        0.69191
11.431          1.0806         0.71320        0.71320
11.951          1.1064         0.90451        0.90451
12.470          1.0013         1.3242         1.3242
12.990          0.90837        1.4690         1.4690
13.510          0.92584        1.0713         1.0713
14.029          1.0372         0.76949        0.76949
14.549          1.1133         0.68558        0.68558
15.068          1.0473         0.73205        0.73205
15.588          0.93209        0.96850        0.96850
16.108          0.90247        1.3994         1.3994
16.627          0.98829        1.4242         1.4242
17.147          1.1001         0.99656        0.99656
17.666          1.0869         0.74139        0.74139
18.186          0.97264        0.68454        0.68454
18.706          0.90468        0.75624        0.75624
19.225          0.95155        1.0376         1.0376
19.745          1.0731         1.4523         1.4523
20.264          1.1186         1.3592         1.3592
20.784          1.0215         0.93157        0.93157
21.304          0.91554        0.72076        0.72076
21.823          0.91825        0.68853        0.68853
22.343          1.0285         0.79164        0.79164
22.862          1.1196         1.1230         1.1230
23.382          1.0648         1.4854         1.4854
23.902          0.94601        1.2696         1.2696
24.421          0.90377        0.86829        0.86829
24.941          0.97702        0.70402        0.70402
25.460          1.0899         0.69820        0.69820
25.980          1.0920         0.84274        0.84274
26.500          0.98119        1.2257         1.2257
27.019          0.90261        1.4918         1.4918
27.539          0.93987        1.1654         1.1654
28.059          1.0610         0.81148        0.81148
28.578          1.1184         0.69192        0.69192
29.098          1.0324         0.71320        0.71320
29.617          0.92246        0.90450        0.90450
30.137          0.91215        1.3241         1.3241
30.657          1.0145         1.4690         1.4690
31.176          1.1150         1.0713         1.0713
31.696          1.0736         0.76952        0.76952
32.215          0.95348        0.68559        0.68559
32.735          0.90279        0.73205        0.73205
33.255          0.96828        0.96850        0.96850
33.774          1.0868         1.3993         1.3993
34.294          1.1053         1.4242         1.4242
34.813          0.99800        0.99659        0.99659
35.333          0.90848        0.74141        0.74141
35.853          0.93001        0.68454        0.68454
36.372          1.0477         0.75624        0.75624
36.892          1.1220         1.0376         1.0376
37.411          1.0471         1.4523         1.4523
37.931          0.93251        1.3592         1.3592
38.451          0.90801        0.93156        0.93156
38.970          0.99951        0.72076        0.72076
39.490          1.1098         0.68853        0.68853
40.009          1.0884         0.79165        0.79165
40.529          0.97108        1.1231         1.1231
41.049          0.90587        1.4854         1.4854
41.568          0.95704        1.2696         1.2696
42.088          1.0772         0.86825        0.86825
42.607          1.1104         0.70401        0.70401
43.127          1.0078         0.69821        0.69821
43.647          0.91212        0.84277        0.84277
44.166          0.92403        1.2258         1.2258
44.686          1.0346         1.4919         1.4919
45.205          1.1163         1.1653         1.1653
45.725          1.0526         0.81143        0.81143
46.245          0.93473        0.69191        0.69191
46.764          0.90092        0.71321        0.71321
47.284          0.98439        0.90454        0.90454
47.803          1.0972         1.3242         1.3242
48.323          1.0892         1.4690         1.4690
48.843          0.97302        1.0713         1.0713
49.362          0.89807        0.76948        0.76948
49.882          0.94224        0.68559        0.68559
50.401          1.0654         0.73207        0.73207
50.921          1.1161         0.96854        0.96854
51.441          1.0236         1.3994         1.3994
51.960          0.91671        1.4242         1.4242
52.480          0.91526        0.99655        0.99655
52.999          1.0207         0.74139        0.74139
