0.0000          1.2959
0.51960         1.1968
1.0392          0.94071
1.5588          0.79865
2.0784          0.78554
2.5980          0.89506
3.1176          1.1374
3.6372          1.3046
4.1568          1.1444
4.6764          0.89987
5.1960          0.78673
5.7156          0.79686
6.2352          0.93517
6.7548          1.1904
7.2744          1.2978
7.7940          1.0895
8.3136          0.86521
8.8332          0.77950
9.3528          0.81293
9.8724          0.98036
10.392          1.2367
10.912          1.2764
11.431          1.0362
11.951          0.83724
12.470          0.77691
12.990          0.83412
13.510          1.0296
14.029          1.2727
14.549          1.2420
15.068          0.98645
15.588          0.81535
16.108          0.77891
16.627          0.86126
17.147          1.0825
17.666          1.2959
18.186          1.1968
18.706          0.94071
19.225          0.79865
19.745          0.78554
20.264          0.89506
20.784          1.1374
21.304          1.3046
21.823          1.1444
22.343          0.89987
22.862          0.78673
23.382          0.79686
23.902          0.93518
24.421          1.1904
24.941          1.2978
25.460          1.0895
25.980          0.86521
26.500          0.77950
27.019          0.81293
27.539          0.98036
28.059          1.2367
28.578          1.2764
29.098          1.0362
29.617          0.83724
30.137          0.77691
30.657          0.83412
31.176          1.0296
31.696          1.2727
32.215          1.2420
32.735          0.98645
33.255          0.81535
33.774          0.77891
34.294          0.86126
34.813          1.0825
35.333          1.2959
35.853          1.1968
36.372          0.94071
36.892          0.79865
37.411          0.78554
37.931          0.89506
38.451          1.1374
38.970          1.3046
39.490          1.1444
40.009          0.89987
40.529          0.78673
41.049          0.79686
41.568          0.93518
42.088          1.1904
42.607          1.2978
43.127          1.0895
43.647          0.86521
44.166          0.77950
44.686          0.81293
45.205          0.98036
45.725          1.2367
46.245          1.2764
46.764          1.0362
47.284          0.83724
47.803          0.77691
48.323          0.83412
48.843          1.0296
49.362          1.2727
49.882          1.2420
50.401          0.98645
50.921          0.81535
51.441          0.77891
51.960          0.86126
52.480          1.0825
52.999          1.2959
