0.0000          1.0121
0.51960         1.2636
1.0392          1.2849
1.5588          1.0427
2.0784          0.84691
2.5980          0.77916
3.1176          0.80637
3.6372          0.94692
4.1568          1.1997
4.6764          1.3158
5.1960          1.1186
5.7156          0.88884
6.2352          0.78820
6.7548          0.78913
7.2744          0.89230
7.7940          1.1241
8.3136          1.3169
8.8332          1.1945
9.3528          0.94263
9.8724          0.80486
10.392          0.77956
10.912          0.84951
11.431          1.0480
11.951          1.2880
12.470          1.2597
12.990          1.0071
13.510          0.83031
14.029          0.77742
14.549          0.81822
15.068          0.97829
15.588          1.2338
16.108          1.3039
16.627          1.0801
17.147          0.86638
17.666          0.78275
18.186          0.79674
18.706          0.91818
19.225          1.1626
19.745          1.3202
20.264          1.1572
20.784          0.91430
21.304          0.79553
21.823          0.78342
22.343          0.86941
22.862          1.0856
23.382          1.3060
23.902          1.2292
24.421          0.97364
24.941          0.81638
25.460          0.77755
25.980          0.83252
26.500          1.0121
27.019          1.2636
27.539          1.2849
28.059          1.0427
28.578          0.84691
29.098          0.77916
29.617          0.80637
30.137          0.94692
30.657          1.1997
31.176          1.3158
31.696          1.1186
32.215          0.88884
32.735          0.78820
33.255          0.78913
33.774          0.89230
34.294          1.1241
34.813          1.3169
35.333          1.1945
35.853          0.94263
36.372          0.80486
36.892          0.77956
37.411          0.84951
37.931          1.0480
38.451          1.2880
38.970          1.2597
39.490          1.0071
40.009          0.83031
40.529          0.77742
41.049          0.81822
41.568          0.97829
42.088          1.2338
42.607          1.3039
43.127          1.0801
43.647          0.86638
44.166          0.78275
44.686          0.79674
45.205          0.91818
45.725          1.1626
46.245          1.3202
46.764          1.1572
47.284          0.91430
47.803          0.79553
48.323          0.78342
48.843          0.86941
49.362          1.0856
49.882          1.3060
50.401          1.2292
50.921          0.97364
51.441          0.81638
51.960          0.77755
52.480          0.83252
52.999          1.0121
