0.0000          1.2140
0.51960         1.3119
1.0392          1.1029
1.5588          0.87934
2.0784          0.78576
2.5980          0.79199
3.1176          0.90247
3.6372          1.1399
4.1568          1.3192
4.6764          1.1796
5.1960          0.93078
5.7156          0.80082
6.2352          0.78090
6.7548          0.85724
7.2744          1.0631
7.7940          1.2962
8.3136          1.2479
8.8332          0.99322
9.3528          0.82434
9.8724          0.77725
10.392          0.82372
10.912          0.99174
11.431          1.2465
11.951          1.2970
12.470          1.0647
12.990          0.85811
13.510          0.78107
14.029          0.80040
14.549          0.92953
15.068          1.1779
15.588          1.3194
16.108          1.1416
16.627          0.90359
17.147          0.79232
17.666          0.78552
18.186          0.87835
18.706          1.1012
19.225          1.3114
19.745          1.2155
20.264          0.96073
20.784          0.81142
21.304          0.77814
21.823          0.83909
22.343          1.0264
22.862          1.2743
23.382          1.2754
23.902          1.0280
24.421          0.83982
24.941          0.77823
25.460          0.81091
25.980          0.95936
26.500          1.2140
27.019          1.3119
27.539          1.1029
28.059          0.87934
28.578          0.78576
29.098          0.79199
29.617          0.90247
30.137          1.1399
30.657          1.3192
31.176          1.1796
31.696          0.93078
32.215          0.80082
32.735          0.78090
33.255          0.85724
33.774          1.0631
34.294          1.2962
34.813          1.2479
35.333          0.99322
35.853          0.82434
36.372          0.77725
36.892          0.82372
37.411          0.99174
37.931          1.2465
38.451          1.2970
38.970          1.0647
39.490          0.85811
40.009          0.78107
40.529          0.80040
41.049          0.92953
41.568          1.1779
42.088          1.3194
42.607          1.1416
43.127          0.90359
43.647          0.79232
44.166          0.78552
44.686          0.87835
45.205          1.1012
45.725          1.3114
46.245          1.2155
46.764          0.96073
47.284          0.81142
47.803          0.77814
48.323          0.83909
48.843          1.0264
49.362          1.2743
49.882          1.2754
50.401          1.0280
50.921          0.83982
51.441          0.77823
51.960          0.81091
52.480          0.95936
52.999          1.2140
