0.0000          1.0475
0.51960         1.2878
1.0392          1.2600
1.5588          1.0075
2.0784          0.83050
2.5980          0.77743
3.1176          0.81805
3.6372          0.97787
4.1568          1.2334
4.6764          1.3041
5.1960          1.0806
5.7156          0.86664
6.2352          0.78281
6.7548          0.79663
7.2744          0.91784
7.7940          1.1621
8.3136          1.3203
8.8332          1.1577
9.3528          0.91464
9.8724          0.79564
10.392          0.78336
10.912          0.86913
11.431          1.0851
11.951          1.3058
12.470          1.2296
12.990          0.97406
13.510          0.81654
14.029          0.77754
14.549          0.83232
15.068          1.0116
15.588          1.2633
16.108          1.2852
16.627          1.0432
17.147          0.84714
17.666          0.77919
18.186          0.80624
18.706          0.94653
19.225          1.1992
19.745          1.3159
20.264          1.1191
20.784          0.88915
21.304          0.78828
21.823          0.78905
22.343          0.89199
22.862          1.1236
23.382          1.3168
23.902          1.1950
24.421          0.94301
24.941          0.80500
25.460          0.77952
25.980          0.84928
26.500          1.0475
27.019          1.2878
27.539          1.2600
28.059          1.0075
28.578          0.83050
29.098          0.77743
29.617          0.81805
30.137          0.97787
30.657          1.2334
31.176          1.3041
31.696          1.0806
32.215          0.86664
32.735          0.78281
33.255          0.79663
33.774          0.91784
34.294          1.1621
34.813          1.3203
35.333          1.1577
35.853          0.91464
36.372          0.79564
36.892          0.78336
37.411          0.86913
37.931          1.0851
38.451          1.3058
38.970          1.2296
39.490          0.97406
40.009          0.81654
40.529          0.77754
41.049          0.83232
41.568          1.0116
42.088          1.2633
42.607          1.2852
43.127          1.0432
43.647          0.84714
44.166          0.77919
44.686          0.80624
45.205          0.94653
45.725          1.1992
46.245          1.3159
46.764          1.1191
47.284          0.88915
47.803          0.78828
48.323          0.78905
48.843          0.89199
49.362          1.1236
49.882          1.3168
50.401          1.1950
50.921          0.94301
51.441          0.80500
51.960          0.77952
52.480          0.84928
52.999          1.0475
