0.0000          1.0418
0.51960         1.2844
1.0392          1.2643
1.5588          1.0129
2.0784          0.83289
2.5980          0.77758
3.1176          0.81608
3.6372          0.97288
4.1568          1.2284
4.6764          1.3064
5.1960          1.0865
5.7156          0.86992
6.2352          0.78353
6.7548          0.79533
7.2744          0.91366
7.7940          1.1563
8.3136          1.3202
8.8332          1.1635
9.3528          0.91884
9.8724          0.79695
10.392          0.78265
10.912          0.86588
11.431          1.0792
11.951          1.3035
12.470          1.2346
12.990          0.97907
13.510          0.81853
14.029          0.77740
14.549          0.82995
15.068          1.0063
15.588          1.2590
16.108          1.2885
16.627          1.0488
17.147          0.84995
17.666          0.77963
18.186          0.80462
18.706          0.94193
19.225          1.1937
19.745          1.3171
20.264          1.1251
20.784          0.89288
21.304          0.78929
21.823          0.78805
22.343          0.88827
22.862          1.1177
23.382          1.3156
23.902          1.2005
24.421          0.94763
24.941          0.80663
25.460          0.77909
25.980          0.84648
26.500          1.0418
27.019          1.2844
27.539          1.2643
28.059          1.0129
28.578          0.83289
29.098          0.77758
29.617          0.81608
30.137          0.97288
30.657          1.2284
31.176          1.3064
31.696          1.0865
32.215          0.86992
32.735          0.78353
33.255          0.79533
33.774          0.91366
34.294          1.1563
34.813          1.3202
35.333          1.1635
35.853          0.91884
36.372          0.79695
36.892          0.78265
37.411          0.86588
37.931          1.0792
38.451          1.3035
38.970          1.2346
39.490          0.97907
40.009          0.81853
40.529          0.77740
41.049          0.82995
41.568          1.0063
42.088          1.2590
42.607          1.2885
43.127          1.0488
43.647          0.84995
44.166          0.77963
44.686          0.80462
45.205          0.94193
45.725          1.1937
46.245          1.3171
46.764          1.1251
47.284          0.89288
47.803          0.78929
48.323          0.78805
48.843          0.88827
49.362          1.1177
49.882          1.3156
50.401          1.2005
50.921          0.94763
51.441          0.80663
51.960          0.77909
52.480          0.84648
52.999          1.0418
