0.0000          0.99514
0.51960         1.2496
1.0392          1.2951
1.5588          1.0609
2.0784          0.85613
2.5980          0.78070
3.1176          0.80136
3.6372          0.93242
4.1568          1.1817
4.6764          1.3190
5.1960          1.1377
5.7156          0.90101
6.2352          0.79157
6.7548          0.78608
7.2744          0.88065
7.7940          1.1051
8.3136          1.3125
8.8332          1.2120
9.3528          0.95759
9.8724          0.81025
10.392          0.77834
10.912          0.84079
11.431          1.0300
11.951          1.2768
12.470          1.2728
12.990          1.0244
13.510          0.83814
14.029          0.77804
14.549          0.81209
15.068          0.96252
15.588          1.2174
16.108          1.3107
16.627          1.0990
17.147          0.87707
17.666          0.78520
18.186          0.79275
18.706          0.90507
19.225          1.1438
19.745          1.3196
20.264          1.1758
20.784          0.92791
21.304          0.79987
21.823          0.78129
22.343          0.85923
22.862          1.0669
23.382          1.2980
23.902          1.2448
24.421          0.98983
24.941          0.82292
25.460          0.77725
25.980          0.82515
26.500          0.99514
27.019          1.2496
27.539          1.2951
28.059          1.0609
28.578          0.85613
29.098          0.78070
29.617          0.80136
30.137          0.93242
30.657          1.1817
31.176          1.3190
31.696          1.1377
32.215          0.90101
32.735          0.79157
33.255          0.78608
33.774          0.88065
34.294          1.1051
34.813          1.3125
35.333          1.2120
35.853          0.95759
36.372          0.81025
36.892          0.77834
37.411          0.84079
37.931          1.0300
38.451          1.2768
38.970          1.2728
39.490          1.0244
40.009          0.83814
40.529          0.77804
41.049          0.81209
41.568          0.96252
42.088          1.2174
42.607          1.3107
43.127          1.0990
43.647          0.87707
44.166          0.78520
44.686          0.79275
45.205          0.90507
45.725          1.1438
46.245          1.3196
46.764          1.1758
47.284          0.92791
47.803          0.79987
48.323          0.78129
48.843          0.85923
49.362          1.0669
49.882          1.2980
50.401          1.2448
50.921          0.98983
51.441          0.82292
51.960          0.77725
52.480          0.82515
52.999          0.99514
