0.0000          1.0198
0.51960         1.2695
1.0392          1.2799
1.5588          1.0347
2.0784          0.84303
2.5980          0.77862
3.1176          0.80877
3.6372          0.95357
4.1568          1.2075
4.6764          1.3138
5.1960          1.1101
5.7156          0.88366
6.2352          0.78685
6.7548          0.79063
7.2744          0.89772
7.7940          1.1326
8.3136          1.3183
8.8332          1.1865
9.3528          0.93619
9.8724          0.80264
10.392          0.78025
10.912          0.85362
11.431          1.0561
11.951          1.2925
12.470          1.2534
12.990          0.99957
13.510          0.82704
14.029          0.77729
14.549          0.82113
15.068          0.98549
15.588          1.2408
16.108          1.3003
16.627          1.0718
17.147          0.86186
17.666          0.78181
18.186          0.79867
18.706          0.92424
19.225          1.1709
19.745          1.3199
20.264          1.1488
20.784          0.90847
21.304          0.79376
21.823          0.78451
22.343          0.87416
22.862          1.0940
23.382          1.3090
23.902          1.2219
24.421          0.96663
24.941          0.81366
25.460          0.77783
25.980          0.83600
26.500          1.0198
27.019          1.2695
27.539          1.2799
28.059          1.0347
28.578          0.84303
29.098          0.77862
29.617          0.80877
30.137          0.95357
30.657          1.2075
31.176          1.3138
31.696          1.1101
32.215          0.88366
32.735          0.78685
33.255          0.79063
33.774          0.89772
34.294          1.1326
34.813          1.3183
35.333          1.1865
35.853          0.93619
36.372          0.80264
36.892          0.78025
37.411          0.85362
37.931          1.0561
38.451          1.2925
38.970          1.2534
39.490          0.99957
40.009          0.82704
40.529          0.77729
41.049          0.82113
41.568          0.98549
42.088          1.2408
42.607          1.3003
43.127          1.0718
43.647          0.86186
44.166          0.78181
44.686          0.79867
45.205          0.92424
45.725          1.1709
46.245          1.3199
46.764          1.1488
47.284          0.90847
47.803          0.79376
48.323          0.78451
48.843          0.87416
49.362          1.0940
49.882          1.3090
50.401          1.2219
50.921          0.96663
51.441          0.81366
51.960          0.77783
52.480          0.83600
52.999          1.0198
