0.0000          1.0230
0.51960         1.2718
1.0392          1.2777
1.5588          1.0315
2.0784          0.84148
2.5980          0.77842
3.1176          0.80979
3.6372          0.95635
4.1568          1.2106
4.6764          1.3129
5.1960          1.1066
5.7156          0.88157
6.2352          0.78631
6.7548          0.79128
7.2744          0.89999
7.7940          1.1361
8.3136          1.3188
8.8332          1.1832
9.3528          0.93358
9.8724          0.80175
10.392          0.78055
10.912          0.85535
11.431          1.0594
11.951          1.2943
12.470          1.2508
12.990          0.99650
13.510          0.82573
14.029          0.77726
14.549          0.82237
15.068          0.98849
15.588          1.2436
16.108          1.2987
16.627          1.0684
17.147          0.86004
17.666          0.78144
18.186          0.79950
18.706          0.92677
19.225          1.1743
19.745          1.3197
20.264          1.1453
20.784          0.90611
21.304          0.79306
21.823          0.78499
22.343          0.87616
22.862          1.0974
23.382          1.3102
23.902          1.2188
24.421          0.96378
24.941          0.81257
25.460          0.77797
25.980          0.83747
26.500          1.0230
27.019          1.2718
27.539          1.2777
28.059          1.0315
28.578          0.84148
29.098          0.77842
29.617          0.80979
30.137          0.95635
30.657          1.2106
31.176          1.3129
31.696          1.1066
32.215          0.88157
32.735          0.78631
33.255          0.79128
33.774          0.89999
34.294          1.1361
34.813          1.3188
35.333          1.1832
35.853          0.93358
36.372          0.80175
36.892          0.78055
37.411          0.85535
37.931          1.0594
38.451          1.2943
38.970          1.2508
39.490          0.99650
40.009          0.82573
40.529          0.77726
41.049          0.82237
41.568          0.98849
42.088          1.2436
42.607          1.2987
43.127          1.0684
43.647          0.86004
44.166          0.78144
44.686          0.79950
45.205          0.92677
45.725          1.1743
46.245          1.3197
46.764          1.1453
47.284          0.90611
47.803          0.79306
48.323          0.78499
48.843          0.87616
49.362          1.0974
49.882          1.3102
50.401          1.2188
50.921          0.96378
51.441          0.81257
51.960          0.77797
52.480          0.83747
52.999          1.0230
