0.0000          1.0114
0.51960         1.2631
1.0392          1.2853
1.5588          1.0434
2.0784          0.84724
2.5980          0.77921
3.1176          0.80618
3.6372          0.94636
4.1568          1.1990
4.6764          1.3160
5.1960          1.1193
5.7156          0.88928
6.2352          0.78831
6.7548          0.78901
7.2744          0.89186
7.7940          1.1234
8.3136          1.3168
8.8332          1.1952
9.3528          0.94318
9.8724          0.80505
10.392          0.77951
10.912          0.84918
11.431          1.0473
11.951          1.2876
12.470          1.2602
12.990          1.0077
13.510          0.83059
14.029          0.77743
14.549          0.81798
15.068          0.97769
15.588          1.2332
16.108          1.3042
16.627          1.0808
17.147          0.86676
17.666          0.78284
18.186          0.79658
18.706          0.91768
19.225          1.1619
19.745          1.3203
20.264          1.1579
20.784          0.91479
21.304          0.79568
21.823          0.78333
22.343          0.86902
22.862          1.0849
23.382          1.3058
23.902          1.2298
24.421          0.97424
24.941          0.81661
25.460          0.77753
25.980          0.83223
26.500          1.0114
27.019          1.2631
27.539          1.2853
28.059          1.0434
28.578          0.84724
29.098          0.77921
29.617          0.80618
30.137          0.94636
30.657          1.1990
31.176          1.3160
31.696          1.1193
32.215          0.88928
32.735          0.78831
33.255          0.78901
33.774          0.89186
34.294          1.1234
34.813          1.3168
35.333          1.1952
35.853          0.94318
36.372          0.80505
36.892          0.77951
37.411          0.84918
37.931          1.0473
38.451          1.2876
38.970          1.2602
39.490          1.0077
40.009          0.83059
40.529          0.77743
41.049          0.81798
41.568          0.97769
42.088          1.2332
42.607          1.3042
43.127          1.0808
43.647          0.86676
44.166          0.78284
44.686          0.79658
45.205          0.91768
45.725          1.1619
46.245          1.3203
46.764          1.1579
47.284          0.91479
47.803          0.79568
48.323          0.78333
48.843          0.86902
49.362          1.0849
49.882          1.3058
50.401          1.2298
50.921          0.97424
51.441          0.81661
51.960          0.77753
52.480          0.83223
52.999          1.0114
