0.0000          1.0354
0.51960         1.2803
1.0392          1.2690
1.5588          1.0191
2.0784          0.83569
2.5980          0.77780
3.1176          0.81389
3.6372          0.96725
4.1568          1.2225
4.6764          1.3088
5.1960          1.0932
5.7156          0.87374
6.2352          0.78441
6.7548          0.79391
7.2744          0.90898
7.7940          1.1495
8.3136          1.3200
8.8332          1.1702
9.3528          0.92370
9.8724          0.79850
10.392          0.78189
10.912          0.86225
11.431          1.0725
11.951          1.3006
12.470          1.2401
12.990          0.98485
13.510          0.82087
14.029          0.77730
14.549          0.82732
15.068          1.0002
15.588          1.2540
16.108          1.2922
16.627          1.0554
17.147          0.85325
17.666          0.78018
18.186          0.80283
18.706          0.93676
19.225          1.1872
19.745          1.3182
20.264          1.1319
20.784          0.89723
21.304          0.79049
21.823          0.78696
22.343          0.88411
22.862          1.1109
23.382          1.3140
23.902          1.2068
24.421          0.95298
24.941          0.80855
25.460          0.77866
25.980          0.84337
26.500          1.0354
27.019          1.2803
27.539          1.2690
28.059          1.0191
28.578          0.83569
29.098          0.77780
29.617          0.81389
30.137          0.96725
30.657          1.2225
31.176          1.3088
31.696          1.0932
32.215          0.87374
32.735          0.78441
33.255          0.79391
33.774          0.90898
34.294          1.1495
34.813          1.3200
35.333          1.1702
35.853          0.92370
36.372          0.79850
36.892          0.78189
37.411          0.86225
37.931          1.0725
38.451          1.3006
38.970          1.2401
39.490          0.98485
40.009          0.82087
40.529          0.77730
41.049          0.82732
41.568          1.0002
42.088          1.2540
42.607          1.2922
43.127          1.0554
43.647          0.85325
44.166          0.78018
44.686          0.80283
45.205          0.93676
45.725          1.1872
46.245          1.3182
46.764          1.1319
47.284          0.89723
47.803          0.79049
48.323          0.78696
48.843          0.88411
49.362          1.1109
49.882          1.3140
50.401          1.2068
50.921          0.95298
51.441          0.80855
51.960          0.77866
52.480          0.84337
52.999          1.0354
