0.0000          1.0432
0.51960         1.2852
1.0392          1.2633
1.5588          1.0116
2.0784          0.83233
2.5980          0.77754
3.1176          0.81653
3.6372          0.97404
4.1568          1.2296
4.6764          1.3059
5.1960          1.0851
5.7156          0.86915
6.2352          0.78336
6.7548          0.79563
7.2744          0.91463
7.7940          1.1576
8.3136          1.3203
8.8332          1.1622
9.3528          0.91785
9.8724          0.79664
10.392          0.78281
10.912          0.86663
11.431          1.0806
11.951          1.3041
12.470          1.2334
12.990          0.97789
13.510          0.81806
14.029          0.77743
14.549          0.83050
15.068          1.0075
15.588          1.2600
16.108          1.2878
16.627          1.0475
17.147          0.84929
17.666          0.77952
18.186          0.80499
18.706          0.94300
19.225          1.1950
19.745          1.3168
20.264          1.1237
20.784          0.89200
21.304          0.78905
21.823          0.78828
22.343          0.88913
22.862          1.1191
23.382          1.3159
23.902          1.1992
24.421          0.94655
24.941          0.80624
25.460          0.77919
25.980          0.84713
26.500          1.0432
27.019          1.2852
27.539          1.2633
28.059          1.0116
28.578          0.83233
29.098          0.77754
29.617          0.81653
30.137          0.97404
30.657          1.2296
31.176          1.3059
31.696          1.0851
32.215          0.86915
32.735          0.78336
33.255          0.79563
33.774          0.91463
34.294          1.1576
34.813          1.3203
35.333          1.1622
35.853          0.91785
36.372          0.79664
36.892          0.78281
37.411          0.86663
37.931          1.0806
38.451          1.3041
38.970          1.2334
39.490          0.97789
40.009          0.81806
40.529          0.77743
41.049          0.83050
41.568          1.0075
42.088          1.2600
42.607          1.2878
43.127          1.0475
43.647          0.84929
44.166          0.77952
44.686          0.80499
45.205          0.94300
45.725          1.1950
46.245          1.3168
46.764          1.1237
47.284          0.89200
47.803          0.78905
48.323          0.78828
48.843          0.88913
49.362          1.1191
49.882          1.3159
50.401          1.1992
50.921          0.94655
51.441          0.80624
51.960          0.77919
52.480          0.84713
52.999          1.0432
