0.0000          1.0659
0.51960         1.2976
1.0392          1.2455
1.5588          0.99066
2.0784          0.82327
2.5980          0.77725
3.1176          0.82480
3.6372          0.99430
4.1568          1.2488
4.6764          1.2956
5.1960          1.0619
5.7156          0.85661
6.2352          0.78079
6.7548          0.80113
7.2744          0.93170
7.7940          1.1808
8.3136          1.3191
8.8332          1.1386
9.3528          0.90165
9.8724          0.79175
10.392          0.78594
10.912          0.88008
11.431          1.1041
11.951          1.3122
12.470          1.2129
12.990          0.95836
13.510          0.81053
14.029          0.77829
14.549          0.84037
15.068          1.0291
15.588          1.2762
16.108          1.2735
16.627          1.0253
17.147          0.83855
17.666          0.77809
18.186          0.81180
18.706          0.96174
19.225          1.2166
19.745          1.3110
20.264          1.0999
20.784          0.87762
21.304          0.78534
21.823          0.79256
22.343          0.90442
22.862          1.1428
23.382          1.3195
23.902          1.1767
24.421          0.92861
24.941          0.80010
25.460          0.78119
25.980          0.85874
26.500          1.0659
27.019          1.2976
27.539          1.2455
28.059          0.99066
28.578          0.82327
29.098          0.77725
29.617          0.82480
30.137          0.99430
30.657          1.2488
31.176          1.2956
31.696          1.0619
32.215          0.85661
32.735          0.78079
33.255          0.80113
33.774          0.93170
34.294          1.1808
34.813          1.3191
35.333          1.1386
35.853          0.90165
36.372          0.79175
36.892          0.78594
37.411          0.88008
37.931          1.1041
38.451          1.3122
38.970          1.2129
39.490          0.95836
40.009          0.81053
40.529          0.77829
41.049          0.84037
41.568          1.0291
42.088          1.2762
42.607          1.2735
43.127          1.0253
43.647          0.83855
44.166          0.77809
44.686          0.81180
45.205          0.96174
45.725          1.2166
46.245          1.3110
46.764          1.0999
47.284          0.87762
47.803          0.78534
48.323          0.79256
48.843          0.90442
49.362          1.1428
49.882          1.3195
50.401          1.1767
50.921          0.92861
51.441          0.80010
51.960          0.78119
52.480          0.85874
52.999          1.0659
