0.0000          1.0012
0.51960         1.2548
1.0392          1.2916
1.5588          1.0543
2.0784          0.85273
2.5980          0.78009
3.1176          0.80310
3.6372          0.93755
4.1568          1.1882
4.6764          1.3181
5.1960          1.1308
5.7156          0.89656
6.2352          0.79030
6.7548          0.78713
7.2744          0.88475
7.7940          1.1119
8.3136          1.3143
8.8332          1.2058
9.3528          0.95214
9.8724          0.80825
10.392          0.77872
10.912          0.84384
11.431          1.0364
11.951          1.2810
12.470          1.2683
12.990          1.0181
13.510          0.83525
14.029          0.77777
14.549          0.81423
15.068          0.96812
15.588          1.2234
16.108          1.3084
16.627          1.0922
17.147          0.87314
17.666          0.78427
18.186          0.79413
18.706          0.90970
19.225          1.1506
19.745          1.3200
20.264          1.1692
20.784          0.92294
21.304          0.79825
21.823          0.78200
22.343          0.86281
22.862          1.0735
23.382          1.3011
23.902          1.2393
24.421          0.98395
24.941          0.82050
25.460          0.77731
25.980          0.82772
26.500          1.0012
27.019          1.2548
27.539          1.2916
28.059          1.0543
28.578          0.85273
29.098          0.78009
29.617          0.80310
30.137          0.93755
30.657          1.1882
31.176          1.3181
31.696          1.1308
32.215          0.89656
32.735          0.79030
33.255          0.78713
33.774          0.88475
34.294          1.1119
34.813          1.3143
35.333          1.2058
35.853          0.95214
36.372          0.80825
36.892          0.77872
37.411          0.84384
37.931          1.0364
38.451          1.2810
38.970          1.2683
39.490          1.0181
40.009          0.83525
40.529          0.77777
41.049          0.81423
41.568          0.96812
42.088          1.2234
42.607          1.3084
43.127          1.0922
43.647          0.87314
44.166          0.78427
44.686          0.79413
45.205          0.90970
45.725          1.1506
46.245          1.3200
46.764          1.1692
47.284          0.92294
47.803          0.79825
48.323          0.78200
48.843          0.86281
49.362          1.0735
49.882          1.3011
50.401          1.2393
50.921          0.98395
51.441          0.82050
51.960          0.77731
52.480          0.82772
52.999          1.0012
