0.0000          1.0278
0.51960         1.2753
1.0392          1.2744
1.5588          1.0266
2.0784          0.83915
2.5980          0.77815
3.1176          0.81137
3.6372          0.96061
4.1568          1.2154
4.6764          1.3114
5.1960          1.1013
5.7156          0.87844
6.2352          0.78554
6.7548          0.79229
7.2744          0.90349
7.7940          1.1414
8.3136          1.3194
8.8332          1.1781
9.3528          0.92964
9.8724          0.80044
10.392          0.78105
10.912          0.85803
11.431          1.0646
11.951          1.2969
12.470          1.2466
12.990          0.99188
13.510          0.82378
14.029          0.77725
14.549          0.82428
15.068          0.99309
15.588          1.2477
16.108          1.2962
16.627          1.0632
17.147          0.85732
17.666          0.78092
18.186          0.80078
18.706          0.93067
19.225          1.1794
19.745          1.3192
20.264          1.1400
20.784          0.90257
21.304          0.79202
21.823          0.78574
22.343          0.87925
22.862          1.1027
23.382          1.3118
23.902          1.2141
24.421          0.95949
24.941          0.81095
25.460          0.77822
25.980          0.83976
26.500          1.0278
27.019          1.2753
27.539          1.2744
28.059          1.0266
28.578          0.83915
29.098          0.77815
29.617          0.81137
30.137          0.96061
30.657          1.2154
31.176          1.3114
31.696          1.1013
32.215          0.87844
32.735          0.78554
33.255          0.79229
33.774          0.90349
34.294          1.1414
34.813          1.3194
35.333          1.1781
35.853          0.92964
36.372          0.80044
36.892          0.78105
37.411          0.85803
37.931          1.0646
38.451          1.2969
38.970          1.2466
39.490          0.99188
40.009          0.82378
40.529          0.77725
41.049          0.82428
41.568          0.99309
42.088          1.2477
42.607          1.2962
43.127          1.0632
43.647          0.85732
44.166          0.78092
44.686          0.80078
45.205          0.93067
45.725          1.1794
46.245          1.3192
46.764          1.1400
47.284          0.90257
47.803          0.79202
48.323          0.78574
48.843          0.87925
49.362          1.1027
49.882          1.3118
50.401          1.2141
50.921          0.95949
51.441          0.81095
51.960          0.77822
52.480          0.83976
52.999          1.0278
