0.0000          0.98217
0.51960         1.2376
1.0392          1.3020
1.5588          1.0756
2.0784          0.86391
2.5980          0.78223
3.1176          0.79777
3.6372          0.92145
4.1568          1.1671
4.6764          1.3201
5.1960          1.1526
5.7156          0.91113
6.2352          0.79456
6.7548          0.78400
7.2744          0.87196
7.7940          1.0901
8.3136          1.3077
8.8332          1.2252
9.3528          0.96984
9.8724          0.81489
10.392          0.77769
10.912          0.83439
11.431          1.0162
11.951          1.2668
12.470          1.2822
12.990          1.0384
13.510          0.84479
14.029          0.77885
14.549          0.80766
15.068          0.95050
15.588          1.2039
16.108          1.3148
16.627          1.1140
17.147          0.88602
17.666          0.78745
18.186          0.78993
18.706          0.89522
19.225          1.1287
19.745          1.3177
20.264          1.1902
20.784          0.93913
21.304          0.80365
21.823          0.77992
22.343          0.85172
22.862          1.0523
23.382          1.2905
23.902          1.2563
24.421          1.0030
24.941          0.82852
25.460          0.77734
25.980          0.81978
26.500          0.98217
27.019          1.2376
27.539          1.3020
28.059          1.0756
28.578          0.86391
29.098          0.78223
29.617          0.79777
30.137          0.92145
30.657          1.1671
31.176          1.3201
31.696          1.1526
32.215          0.91113
32.735          0.79456
33.255          0.78400
33.774          0.87196
34.294          1.0901
34.813          1.3077
35.333          1.2252
35.853          0.96984
36.372          0.81489
36.892          0.77769
37.411          0.83439
37.931          1.0162
38.451          1.2668
38.970          1.2822
39.490          1.0384
40.009          0.84479
40.529          0.77885
41.049          0.80766
41.568          0.95050
42.088          1.2039
42.607          1.3148
43.127          1.1140
43.647          0.88602
44.166          0.78745
44.686          0.78993
45.205          0.89522
45.725          1.1287
46.245          1.3177
46.764          1.1902
47.284          0.93913
47.803          0.80365
48.323          0.77992
48.843          0.85172
49.362          1.0523
49.882          1.2905
50.401          1.2563
50.921          1.0030
51.441          0.82852
51.960          0.77734
52.480          0.81978
52.999          0.98217
