0.0000          1.0413
0.51960         1.2841
1.0392          1.2647
1.5588          1.0134
2.0784          0.83312
2.5980          0.77760
3.1176          0.81589
3.6372          0.97241
4.1568          1.2279
4.6764          1.3066
5.1960          1.0870
5.7156          0.87023
6.2352          0.78360
6.7548          0.79521
7.2744          0.91327
7.7940          1.1557
8.3136          1.3202
8.8332          1.1641
9.3528          0.91923
9.8724          0.79707
10.392          0.78258
10.912          0.86558
11.431          1.0786
11.951          1.3033
12.470          1.2350
12.990          0.97954
13.510          0.81872
14.029          0.77739
14.549          0.82973
15.068          1.0058
15.588          1.2586
16.108          1.2888
16.627          1.0494
17.147          0.85022
17.666          0.77967
18.186          0.80447
18.706          0.94150
19.225          1.1931
19.745          1.3172
20.264          1.1256
20.784          0.89324
21.304          0.78939
21.823          0.78795
22.343          0.88792
22.862          1.1171
23.382          1.3155
23.902          1.2010
24.421          0.94807
24.941          0.80678
25.460          0.77906
25.980          0.84622
26.500          1.0413
27.019          1.2841
27.539          1.2647
28.059          1.0134
28.578          0.83312
29.098          0.77760
29.617          0.81589
30.137          0.97241
30.657          1.2279
31.176          1.3066
31.696          1.0870
32.215          0.87023
32.735          0.78360
33.255          0.79521
33.774          0.91327
34.294          1.1557
34.813          1.3202
35.333          1.1641
35.853          0.91923
36.372          0.79707
36.892          0.78258
37.411          0.86558
37.931          1.0786
38.451          1.3033
38.970          1.2350
39.490          0.97954
40.009          0.81872
40.529          0.77739
41.049          0.82973
41.568          1.0058
42.088          1.2586
42.607          1.2888
43.127          1.0494
43.647          0.85022
44.166          0.77967
44.686          0.80447
45.205          0.94150
45.725          1.1931
46.245          1.3172
46.764          1.1256
47.284          0.89324
47.803          0.78939
48.323          0.78795
48.843          0.88792
49.362          1.1171
49.882          1.3155
50.401          1.2010
50.921          0.94807
51.441          0.80678
51.960          0.77906
52.480          0.84622
52.999          1.0413
