0.0000          0.95233
0.51960         0.80258
1.0392          0.78334
1.5588          0.88551
2.0784          1.1229
2.5980          1.3038
3.1176          1.1587
3.6372          0.91007
4.1568          0.78941
4.6764          0.79343
5.1960          0.92407
5.7156          1.1769
6.2352          1.3011
6.7548          1.1039
7.2744          0.87369
7.7940          0.78095
8.3136          0.80823
8.8332          0.96804
9.3528          1.2254
9.8724          1.2834
10.392          1.0499
10.912          0.84398
11.431          0.77715
11.951          0.82800
12.470          1.0163
12.990          1.2643
13.510          1.2522
14.029          0.99919
14.549          0.82058
15.068          0.77794
15.588          0.85348
16.108          1.0683
16.627          1.2911
17.147          1.2096
17.666          0.95233
18.186          0.80258
18.706          0.78334
19.225          0.88551
19.745          1.1229
20.264          1.3038
20.784          1.1587
21.304          0.91007
21.823          0.78941
22.343          0.79343
22.862          0.92407
23.382          1.1769
23.902          1.3011
24.421          1.1039
24.941          0.87369
25.460          0.78095
25.980          0.80823
26.500          0.96804
27.019          1.2254
27.539          1.2834
28.059          1.0499
28.578          0.84398
29.098          0.77715
29.617          0.82800
30.137          1.0163
30.657          1.2643
31.176          1.2522
31.696          0.99919
32.215          0.82058
32.735          0.77794
33.255          0.85348
33.774          1.0683
34.294          1.2911
34.813          1.2096
35.333          0.95233
35.853          0.80258
36.372          0.78334
36.892          0.88551
37.411          1.1229
37.931          1.3038
38.451          1.1587
38.970          0.91007
39.490          0.78941
40.009          0.79343
40.529          0.92407
41.049          1.1769
41.568          1.3011
42.088          1.1039
42.607          0.87369
43.127          0.78095
43.647          0.80823
44.166          0.96804
44.686          1.2254
45.205          1.2834
45.725          1.0499
46.245          0.84398
46.764          0.77715
47.284          0.82800
47.803          1.0163
48.323          1.2643
48.843          1.2522
49.362          0.99919
49.882          0.82058
50.401          0.77794
50.921          0.85348
51.441          1.0683
51.960          1.2911
52.480          1.2096
52.999          0.95233
