0.0000          1.0186
0.51960         1.2686
1.0392          1.2807
1.5588          1.0359
2.0784          0.84361
2.5980          0.77869
3.1176          0.80840
3.6372          0.95255
4.1568          1.2063
4.6764          1.3142
5.1960          1.1114
5.7156          0.88444
6.2352          0.78705
6.7548          0.79040
7.2744          0.89688
7.7940          1.1313
8.3136          1.3181
8.8332          1.1877
9.3528          0.93717
9.8724          0.80297
10.392          0.78014
10.912          0.85298
11.431          1.0548
11.951          1.2919
12.470          1.2544
12.990          1.0007
13.510          0.82753
14.029          0.77730
14.549          0.82068
15.068          0.98439
15.588          1.2397
16.108          1.3009
16.627          1.0730
17.147          0.86254
17.666          0.78195
18.186          0.79837
18.706          0.92331
19.225          1.1697
19.745          1.3200
20.264          1.1501
20.784          0.90935
21.304          0.79402
21.823          0.78434
22.343          0.87343
22.862          1.0927
23.382          1.3086
23.902          1.2230
24.421          0.96770
24.941          0.81406
25.460          0.77778
25.980          0.83546
26.500          1.0186
27.019          1.2686
27.539          1.2807
28.059          1.0359
28.578          0.84361
29.098          0.77869
29.617          0.80840
30.137          0.95255
30.657          1.2063
31.176          1.3142
31.696          1.1114
32.215          0.88444
32.735          0.78705
33.255          0.79040
33.774          0.89688
34.294          1.1313
34.813          1.3181
35.333          1.1877
35.853          0.93717
36.372          0.80297
36.892          0.78014
37.411          0.85298
37.931          1.0548
38.451          1.2919
38.970          1.2544
39.490          1.0007
40.009          0.82753
40.529          0.77730
41.049          0.82068
41.568          0.98439
42.088          1.2397
42.607          1.3009
43.127          1.0730
43.647          0.86254
44.166          0.78195
44.686          0.79837
45.205          0.92331
45.725          1.1697
46.245          1.3200
46.764          1.1501
47.284          0.90935
47.803          0.79402
48.323          0.78434
48.843          0.87343
49.362          1.0927
49.882          1.3086
50.401          1.2230
50.921          0.96770
51.441          0.81406
51.960          0.77778
52.480          0.83546
52.999          1.0186
