0.0000          1.0189
0.51960         1.2689
1.0392          1.2805
1.5588          1.0356
2.0784          0.84345
2.5980          0.77867
3.1176          0.80850
3.6372          0.95283
4.1568          1.2066
4.6764          1.3141
5.1960          1.1110
5.7156          0.88422
6.2352          0.78699
6.7548          0.79046
7.2744          0.89712
7.7940          1.1317
8.3136          1.3182
8.8332          1.1874
9.3528          0.93689
9.8724          0.80288
10.392          0.78017
10.912          0.85316
11.431          1.0552
11.951          1.2921
12.470          1.2541
12.990          1.0004
13.510          0.82739
14.029          0.77730
14.549          0.82081
15.068          0.98470
15.588          1.2400
16.108          1.3007
16.627          1.0727
17.147          0.86235
17.666          0.78191
18.186          0.79846
18.706          0.92357
19.225          1.1700
19.745          1.3200
20.264          1.1497
20.784          0.90910
21.304          0.79395
21.823          0.78439
22.343          0.87364
22.862          1.0930
23.382          1.3087
23.902          1.2227
24.421          0.96740
24.941          0.81395
25.460          0.77780
25.980          0.83561
26.500          1.0189
27.019          1.2689
27.539          1.2805
28.059          1.0356
28.578          0.84345
29.098          0.77867
29.617          0.80850
30.137          0.95283
30.657          1.2066
31.176          1.3141
31.696          1.1110
32.215          0.88422
32.735          0.78699
33.255          0.79046
33.774          0.89712
34.294          1.1317
34.813          1.3182
35.333          1.1874
35.853          0.93689
36.372          0.80288
36.892          0.78017
37.411          0.85316
37.931          1.0552
38.451          1.2921
38.970          1.2541
39.490          1.0004
40.009          0.82739
40.529          0.77730
41.049          0.82081
41.568          0.98470
42.088          1.2400
42.607          1.3007
43.127          1.0727
43.647          0.86235
44.166          0.78191
44.686          0.79846
45.205          0.92357
45.725          1.1700
46.245          1.3200
46.764          1.1497
47.284          0.90910
47.803          0.79395
48.323          0.78439
48.843          0.87364
49.362          1.0930
49.882          1.3087
50.401          1.2227
50.921          0.96740
51.441          0.81395
51.960          0.77780
52.480          0.83561
52.999          1.0189
