0.0000          1.0273
0.51960         1.2749
1.0392          1.2748
1.5588          1.0271
2.0784          0.83943
2.5980          0.77818
3.1176          0.81118
3.6372          0.96010
4.1568          1.2148
4.6764          1.3116
5.1960          1.1019
5.7156          0.87881
6.2352          0.78563
6.7548          0.79217
7.2744          0.90308
7.7940          1.1408
8.3136          1.3193
8.8332          1.1787
9.3528          0.93011
9.8724          0.80059
10.392          0.78099
10.912          0.85771
11.431          1.0640
11.951          1.2966
12.470          1.2471
12.990          0.99242
13.510          0.82400
14.029          0.77725
14.549          0.82405
15.068          0.99254
15.588          1.2472
16.108          1.2965
16.627          1.0638
17.147          0.85764
17.666          0.78098
18.186          0.80063
18.706          0.93020
19.225          1.1788
19.745          1.3193
20.264          1.1406
20.784          0.90299
21.304          0.79214
21.823          0.78565
22.343          0.87889
22.862          1.1021
23.382          1.3116
23.902          1.2147
24.421          0.95999
24.941          0.81114
25.460          0.77819
25.980          0.83948
26.500          1.0273
27.019          1.2749
27.539          1.2748
28.059          1.0271
28.578          0.83943
29.098          0.77818
29.617          0.81118
30.137          0.96010
30.657          1.2148
31.176          1.3116
31.696          1.1019
32.215          0.87881
32.735          0.78563
33.255          0.79217
33.774          0.90308
34.294          1.1408
34.813          1.3193
35.333          1.1787
35.853          0.93011
36.372          0.80059
36.892          0.78099
37.411          0.85771
37.931          1.0640
38.451          1.2966
38.970          1.2471
39.490          0.99242
40.009          0.82400
40.529          0.77725
41.049          0.82405
41.568          0.99254
42.088          1.2472
42.607          1.2965
43.127          1.0638
43.647          0.85764
44.166          0.78098
44.686          0.80063
45.205          0.93020
45.725          1.1788
46.245          1.3193
46.764          1.1406
47.284          0.90299
47.803          0.79214
48.323          0.78565
48.843          0.87889
49.362          1.1021
49.882          1.3116
50.401          1.2147
50.921          0.95999
51.441          0.81114
51.960          0.77819
52.480          0.83948
52.999          1.0273
