0.0000          1.0082
0.51960         1.2606
1.0392          1.2873
1.5588          1.0468
2.0784          0.84892
2.5980          0.77947
3.1176          0.80520
3.6372          0.94359
4.1568          1.1957
4.6764          1.3167
5.1960          1.1229
5.7156          0.89152
6.2352          0.78892
6.7548          0.78840
7.2744          0.88961
7.7940          1.1198
8.3136          1.3161
8.8332          1.1985
9.3528          0.94595
9.8724          0.80603
10.392          0.77924
10.912          0.84749
11.431          1.0439
11.951          1.2856
12.470          1.2628
12.990          1.0109
13.510          0.83202
14.029          0.77752
14.549          0.81679
15.068          0.97468
15.588          1.2302
16.108          1.3056
16.627          1.0843
17.147          0.86872
17.666          0.78327
18.186          0.79580
18.706          0.91517
19.225          1.1584
19.745          1.3203
20.264          1.1614
20.784          0.91731
21.304          0.79647
21.823          0.78290
22.343          0.86705
22.862          1.0813
23.382          1.3044
23.902          1.2328
24.421          0.97724
24.941          0.81780
25.460          0.77745
25.980          0.83080
26.500          1.0082
27.019          1.2606
27.539          1.2873
28.059          1.0468
28.578          0.84892
29.098          0.77947
29.617          0.80520
30.137          0.94359
30.657          1.1957
31.176          1.3167
31.696          1.1229
32.215          0.89152
32.735          0.78892
33.255          0.78840
33.774          0.88961
34.294          1.1198
34.813          1.3161
35.333          1.1985
35.853          0.94595
36.372          0.80603
36.892          0.77924
37.411          0.84749
37.931          1.0439
38.451          1.2856
38.970          1.2628
39.490          1.0109
40.009          0.83202
40.529          0.77752
41.049          0.81679
41.568          0.97468
42.088          1.2302
42.607          1.3056
43.127          1.0843
43.647          0.86872
44.166          0.78327
44.686          0.79580
45.205          0.91517
45.725          1.1584
46.245          1.3203
46.764          1.1614
47.284          0.91731
47.803          0.79647
48.323          0.78290
48.843          0.86705
49.362          1.0813
49.882          1.3044
50.401          1.2328
50.921          0.97724
51.441          0.81780
51.960          0.77745
52.480          0.83080
52.999          1.0082
