0.0000          1.0292
0.51960         1.2762
1.0392          1.2735
1.5588          1.0253
2.0784          0.83854
2.5980          0.77809
3.1176          0.81180
3.6372          0.96175
4.1568          1.2166
4.6764          1.3110
5.1960          1.0999
5.7156          0.87761
6.2352          0.78534
6.7548          0.79256
7.2744          0.90443
7.7940          1.1428
8.3136          1.3195
8.8332          1.1767
9.3528          0.92860
9.8724          0.80010
10.392          0.78119
10.912          0.85875
11.431          1.0659
11.951          1.2976
12.470          1.2455
12.990          0.99065
13.510          0.82326
14.029          0.77725
14.549          0.82480
15.068          0.99432
15.588          1.2488
16.108          1.2956
16.627          1.0619
17.147          0.85660
17.666          0.78079
18.186          0.80113
18.706          0.93172
19.225          1.1808
19.745          1.3191
20.264          1.1386
20.784          0.90164
21.304          0.79175
21.823          0.78594
22.343          0.88009
22.862          1.1041
23.382          1.3122
23.902          1.2129
24.421          0.95835
24.941          0.81053
25.460          0.77829
25.980          0.84037
26.500          1.0292
27.019          1.2762
27.539          1.2735
28.059          1.0253
28.578          0.83854
29.098          0.77809
29.617          0.81180
30.137          0.96175
30.657          1.2166
31.176          1.3110
31.696          1.0999
32.215          0.87761
32.735          0.78534
33.255          0.79256
33.774          0.90443
34.294          1.1428
34.813          1.3195
35.333          1.1767
35.853          0.92860
36.372          0.80010
36.892          0.78119
37.411          0.85875
37.931          1.0659
38.451          1.2976
38.970          1.2455
39.490          0.99065
40.009          0.82326
40.529          0.77725
41.049          0.82480
41.568          0.99432
42.088          1.2488
42.607          1.2956
43.127          1.0619
43.647          0.85660
44.166          0.78079
44.686          0.80113
45.205          0.93172
45.725          1.1808
46.245          1.3191
46.764          1.1386
47.284          0.90164
47.803          0.79175
48.323          0.78594
48.843          0.88009
49.362          1.1041
49.882          1.3122
50.401          1.2129
50.921          0.95835
51.441          0.81053
51.960          0.77829
52.480          0.84037
52.999          1.0292
