0.0000          0.94292
0.51960         1.1949
1.0392          1.3169
1.5588          1.1238
2.0784          0.89207
2.5980          0.78907
3.1176          0.78826
3.6372          0.88907
4.1568          1.1190
4.6764          1.3159
5.1960          1.1993
5.7156          0.94662
6.2352          0.80627
6.7548          0.77918
7.2744          0.84708
7.7940          1.0431
8.3136          1.2851
8.8332          1.2634
9.3528          1.0117
9.8724          0.83237
10.392          0.77754
10.912          0.81650
11.431          0.97396
11.951          1.2295
12.470          1.3059
12.990          1.0852
13.510          0.86920
14.029          0.78337
14.549          0.79561
15.068          0.91456
15.588          1.1575
16.108          1.3203
16.627          1.1623
17.147          0.91792
17.666          0.79666
18.186          0.78280
18.706          0.86658
19.225          1.0805
19.745          1.3040
20.264          1.2335
20.784          0.97797
21.304          0.81809
21.823          0.77743
22.343          0.83046
22.862          1.0074
23.382          1.2600
23.902          1.2878
24.421          1.0476
24.941          0.84933
25.460          0.77953
25.980          0.80496
26.500          0.94292
27.019          1.1949
27.539          1.3169
28.059          1.1238
28.578          0.89207
29.098          0.78907
29.617          0.78826
30.137          0.88907
30.657          1.1190
31.176          1.3159
31.696          1.1993
32.215          0.94662
32.735          0.80627
33.255          0.77918
33.774          0.84708
34.294          1.0431
34.813          1.2851
35.333          1.2634
35.853          1.0117
36.372          0.83237
36.892          0.77754
37.411          0.81650
37.931          0.97396
38.451          1.2295
38.970          1.3059
39.490          1.0852
40.009          0.86920
40.529          0.78337
41.049          0.79561
41.568          0.91456
42.088          1.1575
42.607          1.3203
43.127          1.1623
43.647          0.91792
44.166          0.79666
44.686          0.78280
45.205          0.86658
45.725          1.0805
46.245          1.3040
46.764          1.2335
47.284          0.97797
47.803          0.81809
48.323          0.77743
48.843          0.83046
49.362          1.0074
49.882          1.2600
50.401          1.2878
50.921          1.0476
51.441          0.84933
51.960          0.77953
52.480          0.80496
52.999          0.94292
