0.0000          0.93411
0.51960         1.1839
1.0392          1.3187
1.5588          1.1354
2.0784          0.89952
2.5980          0.79114
3.1176          0.78642
3.6372          0.88200
4.1568          1.1073
4.6764          1.3131
5.1960          1.2100
5.7156          0.95577
6.2352          0.80958
6.7548          0.77846
7.2744          0.84180
7.7940          1.0322
8.3136          1.2782
8.8332          1.2713
9.3528          1.0223
9.8724          0.83717
10.392          0.77794
10.912          0.81279
11.431          0.96437
11.951          1.2195
12.470          1.3100
12.990          1.0967
13.510          0.87575
14.029          0.78489
14.549          0.79320
15.068          0.90660
15.588          1.1460
16.108          1.3198
16.627          1.1736
17.147          0.92625
17.666          0.79932
18.186          0.78152
18.706          0.86041
19.225          1.0691
19.745          1.2991
20.264          1.2430
20.784          0.98787
21.304          0.82211
21.823          0.77727
22.343          0.82600
22.862          0.99714
23.382          1.2513
23.902          1.2940
24.421          1.0587
24.941          0.85499
25.460          0.78049
25.980          0.80193
26.500          0.93411
27.019          1.1839
27.539          1.3187
28.059          1.1354
28.578          0.89952
29.098          0.79114
29.617          0.78642
30.137          0.88200
30.657          1.1073
31.176          1.3131
31.696          1.2100
32.215          0.95577
32.735          0.80958
33.255          0.77846
33.774          0.84180
34.294          1.0322
34.813          1.2782
35.333          1.2713
35.853          1.0223
36.372          0.83717
36.892          0.77794
37.411          0.81279
37.931          0.96437
38.451          1.2195
38.970          1.3100
39.490          1.0967
40.009          0.87575
40.529          0.78489
41.049          0.79320
41.568          0.90660
42.088          1.1460
42.607          1.3198
43.127          1.1736
43.647          0.92625
44.166          0.79932
44.686          0.78152
45.205          0.86041
45.725          1.0691
46.245          1.2991
46.764          1.2430
47.284          0.98787
47.803          0.82211
48.323          0.77727
48.843          0.82600
49.362          0.99714
49.882          1.2513
50.401          1.2940
50.921          1.0587
51.441          0.85499
51.960          0.78049
52.480          0.80193
52.999          0.93411
