0.0000          1.0368
0.51960         1.2812
1.0392          1.2680
1.5588          1.0178
2.0784          0.83509
2.5980          0.77775
3.1176          0.81434
3.6372          0.96842
4.1568          1.2238
4.6764          1.3083
5.1960          1.0918
5.7156          0.87293
6.2352          0.78422
6.7548          0.79420
7.2744          0.90995
7.7940          1.1509
8.3136          1.3201
8.8332          1.1688
9.3528          0.92267
9.8724          0.79817
10.392          0.78204
10.912          0.86300
11.431          1.0739
11.951          1.3013
12.470          1.2390
12.990          0.98363
13.510          0.82037
14.029          0.77731
14.549          0.82787
15.068          1.0015
15.588          1.2550
16.108          1.2914
16.627          1.0540
17.147          0.85255
17.666          0.78006
18.186          0.80320
18.706          0.93783
19.225          1.1886
19.745          1.3180
20.264          1.1304
20.784          0.89631
21.304          0.79024
21.823          0.78718
22.343          0.88498
22.862          1.1123
23.382          1.3144
23.902          1.2055
24.421          0.95185
24.941          0.80814
25.460          0.77875
25.980          0.84401
26.500          1.0368
27.019          1.2812
27.539          1.2680
28.059          1.0178
28.578          0.83509
29.098          0.77775
29.617          0.81434
30.137          0.96842
30.657          1.2238
31.176          1.3083
31.696          1.0918
32.215          0.87293
32.735          0.78422
33.255          0.79420
33.774          0.90995
34.294          1.1509
34.813          1.3201
35.333          1.1688
35.853          0.92267
36.372          0.79817
36.892          0.78204
37.411          0.86300
37.931          1.0739
38.451          1.3013
38.970          1.2390
39.490          0.98363
40.009          0.82037
40.529          0.77731
41.049          0.82787
41.568          1.0015
42.088          1.2550
42.607          1.2914
43.127          1.0540
43.647          0.85255
44.166          0.78006
44.686          0.80320
45.205          0.93783
45.725          1.1886
46.245          1.3180
46.764          1.1304
47.284          0.89631
47.803          0.79024
48.323          0.78718
48.843          0.88498
49.362          1.1123
49.882          1.3144
50.401          1.2055
50.921          0.95185
51.441          0.80814
51.960          0.77875
52.480          0.84401
52.999          1.0368
