0.0000          1.0016
0.51960         1.2552
1.0392          1.2913
1.5588          1.0538
2.0784          0.85246
2.5980          0.78005
3.1176          0.80325
3.6372          0.93797
4.1568          1.1888
4.6764          1.3180
5.1960          1.1303
5.7156          0.89620
6.2352          0.79021
6.7548          0.78721
7.2744          0.88508
7.7940          1.1125
8.3136          1.3144
8.8332          1.2053
9.3528          0.95171
9.8724          0.80809
10.392          0.77876
10.912          0.84409
11.431          1.0369
11.951          1.2813
12.470          1.2679
12.990          1.0176
13.510          0.83502
14.029          0.77775
14.549          0.81440
15.068          0.96857
15.588          1.2239
16.108          1.3082
16.627          1.0916
17.147          0.87283
17.666          0.78420
18.186          0.79424
18.706          0.91008
19.225          1.1511
19.745          1.3201
20.264          1.1686
20.784          0.92254
21.304          0.79813
21.823          0.78206
22.343          0.86310
22.862          1.0741
23.382          1.3013
23.902          1.2388
24.421          0.98348
24.941          0.82031
25.460          0.77732
25.980          0.82793
26.500          1.0016
27.019          1.2552
27.539          1.2913
28.059          1.0538
28.578          0.85246
29.098          0.78005
29.617          0.80325
30.137          0.93797
30.657          1.1888
31.176          1.3180
31.696          1.1303
32.215          0.89620
32.735          0.79021
33.255          0.78721
33.774          0.88508
34.294          1.1125
34.813          1.3144
35.333          1.2053
35.853          0.95171
36.372          0.80809
36.892          0.77876
37.411          0.84409
37.931          1.0369
38.451          1.2813
38.970          1.2679
39.490          1.0176
40.009          0.83502
40.529          0.77775
41.049          0.81440
41.568          0.96857
42.088          1.2239
42.607          1.3082
43.127          1.0916
43.647          0.87283
44.166          0.78420
44.686          0.79424
45.205          0.91008
45.725          1.1511
46.245          1.3201
46.764          1.1686
47.284          0.92254
47.803          0.79813
48.323          0.78206
48.843          0.86310
49.362          1.0741
49.882          1.3013
50.401          1.2388
50.921          0.98348
51.441          0.82031
51.960          0.77732
52.480          0.82793
52.999          1.0016
