0.0000          1.2757
0.51960         1.2377
1.0392          0.98148
1.5588          0.81337
2.0784          0.77938
2.5980          0.86447
3.1176          1.0882
3.6372          1.2975
4.1568          1.1916
4.6764          0.93619
5.1960          0.79719
5.7156          0.78650
6.2352          0.89897
6.7548          1.1431
7.2744          1.3046
7.7940          1.1387
8.3136          0.89594
8.8332          0.78576
9.3528          0.79832
9.8724          0.93968
10.392          1.1957
10.912          1.2963
11.431          1.0838
11.951          0.86198
12.470          0.77901
12.990          0.81489
13.510          0.98532
14.029          1.2410
14.549          1.2734
15.068          1.0309
15.588          0.83469
16.108          0.77691
16.627          0.83666
17.147          1.0350
17.666          1.2757
18.186          1.2377
18.706          0.98148
19.225          0.81337
19.745          0.77938
20.264          0.86447
20.784          1.0882
21.304          1.2975
21.823          1.1916
22.343          0.93619
22.862          0.79719
23.382          0.78650
23.902          0.89897
24.421          1.1431
24.941          1.3046
25.460          1.1387
25.980          0.89594
26.500          0.78576
27.019          0.79832
27.539          0.93968
28.059          1.1957
28.578          1.2963
29.098          1.0838
29.617          0.86198
30.137          0.77901
30.657          0.81489
31.176          0.98532
31.696          1.2410
32.215          1.2734
32.735          1.0309
33.255          0.83469
33.774          0.77691
34.294          0.83666
34.813          1.0350
35.333          1.2757
35.853          1.2377
36.372          0.98148
36.892          0.81337
37.411          0.77938
37.931          0.86447
38.451          1.0882
38.970          1.2975
39.490          1.1916
40.009          0.93619
40.529          0.79719
41.049          0.78650
41.568          0.89897
42.088          1.1431
42.607          1.3046
43.127          1.1387
43.647          0.89594
44.166          0.78576
44.686          0.79832
45.205          0.93968
45.725          1.1957
46.245          1.2963
46.764          1.0838
47.284          0.86198
47.803          0.77901
48.323          0.81489
48.843          0.98532
49.362          1.2410
49.882          1.2734
50.401          1.0309
50.921          0.83469
51.441          0.77691
51.960          0.83666
52.480          1.0350
52.999          1.2757
