0.0000          1.0551
0.51960         1.2920
1.0392          1.2542
1.5588          1.0005
2.0784          0.82742
2.5980          0.77730
3.1176          0.82078
3.6372          0.98462
4.1568          1.2399
4.6764          1.3007
5.1960          1.0728
5.7156          0.86239
6.2352          0.78192
6.7548          0.79844
7.2744          0.92351
7.7940          1.1699
8.3136          1.3200
8.8332          1.1498
9.3528          0.90916
9.8724          0.79397
10.392          0.78437
10.912          0.87359
11.431          1.0929
11.951          1.3087
12.470          1.2228
12.990          0.96747
13.510          0.81398
14.029          0.77780
14.549          0.83558
15.068          1.0188
15.588          1.2688
16.108          1.2805
16.627          1.0357
17.147          0.84349
17.666          0.77868
18.186          0.80848
18.706          0.95277
19.225          1.2065
19.745          1.3141
20.264          1.1111
20.784          0.88427
21.304          0.78700
21.823          0.79045
22.343          0.89706
22.862          1.1316
23.382          1.3182
23.902          1.1875
24.421          0.93696
24.941          0.80290
25.460          0.78016
25.980          0.85312
26.500          1.0551
27.019          1.2920
27.539          1.2542
28.059          1.0005
28.578          0.82742
29.098          0.77730
29.617          0.82078
30.137          0.98462
30.657          1.2399
31.176          1.3007
31.696          1.0728
32.215          0.86239
32.735          0.78192
33.255          0.79844
33.774          0.92351
34.294          1.1699
34.813          1.3200
35.333          1.1498
35.853          0.90916
36.372          0.79397
36.892          0.78437
37.411          0.87359
37.931          1.0929
38.451          1.3087
38.970          1.2228
39.490          0.96747
40.009          0.81398
40.529          0.77780
41.049          0.83558
41.568          1.0188
42.088          1.2688
42.607          1.2805
43.127          1.0357
43.647          0.84349
44.166          0.77868
44.686          0.80848
45.205          0.95277
45.725          1.2065
46.245          1.3141
46.764          1.1111
47.284          0.88427
47.803          0.78700
48.323          0.79045
48.843          0.89706
49.362          1.1316
49.882          1.3182
50.401          1.1875
50.921          0.93696
51.441          0.80290
51.960          0.78016
52.480          0.85312
52.999          1.0551
