0.0000          0.81641
0.51960         0.98910
1.0392          1.2442
1.5588          1.2710
2.0784          1.0268
2.5980          0.83280
3.1176          0.77694
3.6372          0.83862
4.1568          1.0391
4.6764          1.2779
5.1960          1.2344
5.7156          0.97776
6.2352          0.81192
6.7548          0.77978
7.2744          0.86695
7.7940          1.0925
8.3136          1.2986
8.8332          1.1876
9.3528          0.93282
9.8724          0.79612
10.392          0.78726
10.912          0.90197
11.431          1.1474
11.951          1.3045
12.470          1.1344
12.990          0.89302
13.510          0.78505
14.029          0.79945
14.549          0.94311
15.068          1.1995
15.588          1.2950
16.108          1.0795
16.627          0.85959
17.147          0.77868
17.666          0.81641
18.186          0.98910
18.706          1.2442
19.225          1.2710
19.745          1.0268
20.264          0.83280
20.784          0.77693
21.304          0.83862
21.823          1.0391
22.343          1.2779
22.862          1.2344
23.382          0.97776
23.902          0.81192
24.421          0.77978
24.941          0.86695
25.460          1.0925
25.980          1.2986
26.500          1.1876
27.019          0.93282
27.539          0.79612
28.059          0.78726
28.578          0.90197
29.098          1.1474
29.617          1.3045
30.137          1.1344
30.657          0.89303
31.176          0.78505
31.696          0.79945
32.215          0.94311
32.735          1.1995
33.255          1.2950
33.774          1.0795
34.294          0.85959
34.813          0.77868
35.333          0.81641
35.853          0.98910
36.372          1.2442
36.892          1.2710
37.411          1.0268
37.931          0.83280
38.451          0.77694
38.970          0.83862
39.490          1.0391
40.009          1.2779
40.529          1.2344
41.049          0.97776
41.568          0.81192
42.088          0.77978
42.607          0.86695
43.127          1.0925
43.647          1.2986
44.166          1.1876
44.686          0.93282
45.205          0.79612
45.725          0.78726
46.245          0.90197
46.764          1.1474
47.284          1.3045
47.803          1.1344
48.323          0.89302
48.843          0.78505
49.362          0.79945
49.882          0.94311
50.401          1.1995
50.921          1.2950
51.441          1.0795
51.960          0.85959
52.480          0.77868
52.999          0.81641
