0.0000          1.2845
0.51960         1.2234
1.0392          0.96596
1.5588          0.80746
2.0784          0.78123
2.5980          0.87518
3.1176          1.1064
3.6372          1.3015
4.1568          1.1746
4.6764          0.92220
5.1960          0.79287
5.7156          0.78990
6.2352          0.91186
6.7548          1.1611
7.2744          1.3035
7.7940          1.1205
8.3136          0.88393
8.8332          0.78300
9.3528          0.80328
9.8724          0.95435
10.392          1.2117
10.912          1.2902
11.431          1.0659
11.951          0.85220
12.470          0.77780
12.990          0.82151
13.510          1.0014
14.029          1.2538
14.549          1.2628
15.068          1.0140
15.588          0.82700
16.108          0.77722
16.627          0.84517
17.147          1.0523
17.666          1.2845
18.186          1.2234
18.706          0.96596
19.225          0.80746
19.745          0.78123
20.264          0.87518
20.784          1.1064
21.304          1.3015
21.823          1.1746
22.343          0.92220
22.862          0.79287
23.382          0.78990
23.902          0.91186
24.421          1.1611
24.941          1.3035
25.460          1.1205
25.980          0.88393
26.500          0.78300
27.019          0.80328
27.539          0.95435
28.059          1.2117
28.578          1.2902
29.098          1.0659
29.617          0.85220
30.137          0.77780
30.657          0.82151
31.176          1.0014
31.696          1.2538
32.215          1.2628
32.735          1.0140
33.255          0.82700
33.774          0.77722
34.294          0.84517
34.813          1.0523
35.333          1.2845
35.853          1.2234
36.372          0.96596
36.892          0.80746
37.411          0.78123
37.931          0.87518
38.451          1.1064
38.970          1.3015
39.490          1.1746
40.009          0.92220
40.529          0.79287
41.049          0.78990
41.568          0.91186
42.088          1.1611
42.607          1.3035
43.127          1.1205
43.647          0.88392
44.166          0.78300
44.686          0.80328
45.205          0.95435
45.725          1.2117
46.245          1.2902
46.764          1.0659
47.284          0.85220
47.803          0.77780
48.323          0.82151
48.843          1.0014
49.362          1.2538
49.882          1.2628
50.401          1.0140
50.921          0.82700
51.441          0.77722
51.960          0.84517
52.480          1.0523
52.999          1.2845
