0.0000          0.77694
0.51960         0.83242
1.0392          1.0260
1.5588          1.2705
2.0784          1.2448
2.5980          0.98988
3.1176          0.81673
3.6372          0.77862
4.1568          0.85910
4.6764          1.0786
5.1960          1.2947
5.7156          1.2003
6.2352          0.94383
6.7548          0.79969
7.2744          0.78491
7.7940          0.89243
8.3136          1.1335
8.8332          1.3045
9.3528          1.1483
9.8724          0.90259
10.392          0.78743
10.912          0.79590
11.431          0.93212
11.951          1.1868
12.470          1.2988
12.990          1.0934
13.510          0.86747
14.029          0.77986
14.549          0.81162
15.068          0.97699
15.588          1.2337
16.108          1.2784
16.627          1.0399
17.147          0.83903
17.666          0.77694
18.186          0.83242
18.706          1.0260
19.225          1.2705
19.745          1.2448
20.264          0.98988
20.784          0.81673
21.304          0.77862
21.823          0.85910
22.343          1.0786
22.862          1.2947
23.382          1.2003
23.902          0.94383
24.421          0.79969
24.941          0.78491
25.460          0.89243
25.980          1.1335
26.500          1.3045
27.019          1.1483
27.539          0.90260
28.059          0.78743
28.578          0.79590
29.098          0.93212
29.617          1.1868
30.137          1.2988
30.657          1.0934
31.176          0.86747
31.696          0.77986
32.215          0.81162
32.735          0.97699
33.255          1.2337
33.774          1.2784
34.294          1.0399
34.813          0.83903
35.333          0.77694
35.853          0.83242
36.372          1.0260
36.892          1.2705
37.411          1.2448
37.931          0.98988
38.451          0.81673
38.970          0.77862
39.490          0.85910
40.009          1.0786
40.529          1.2947
41.049          1.2003
41.568          0.94383
42.088          0.79969
42.607          0.78491
43.127          0.89243
43.647          1.1335
44.166          1.3045
44.686          1.1483
45.205          0.90260
45.725          0.78743
46.245          0.79590
46.764          0.93212
47.284          1.1868
47.803          1.2988
48.323          1.0934
48.843          0.86747
49.362          0.77986
49.882          0.81162
50.401          0.97699
50.921          1.2337
51.441          1.2784
51.960          1.0399
52.480          0.83903
52.999          0.77694
