0.0000          0.92246
0.51960         1.1685
1.0392          1.3201
1.5588          1.1512
2.0784          0.91016
2.5980          0.79427
3.1176          0.78418
3.6372          0.87276
4.1568          1.0915
4.6764          1.3082
5.1960          1.2240
5.7156          0.96867
6.2352          0.81444
6.7548          0.77774
7.2744          0.83497
7.7940          1.0175
8.3136          1.2678
8.8332          1.2814
9.3528          1.0371
9.8724          0.84415
10.392          0.77877
10.912          0.80806
11.431          0.95162
11.951          1.2052
12.470          1.3145
12.990          1.1126
13.510          0.88516
14.029          0.78723
14.549          0.79018
15.068          0.89613
15.588          1.1301
16.108          1.3180
16.627          1.1889
17.147          0.93806
17.666          0.80328
18.186          0.78004
18.706          0.85241
19.225          1.0537
19.745          1.2913
20.264          1.2553
20.784          1.0018
21.304          0.82798
21.823          0.77732
22.343          0.82027
22.862          0.98338
23.382          1.2388
23.902          1.3014
24.421          1.0742
24.941          0.86316
25.460          0.78207
25.980          0.79810
26.500          0.92246
27.019          1.1685
27.539          1.3201
28.059          1.1512
28.578          0.91016
29.098          0.79427
29.617          0.78418
30.137          0.87276
30.657          1.0915
31.176          1.3082
31.696          1.2240
32.215          0.96867
32.735          0.81444
33.255          0.77774
33.774          0.83497
34.294          1.0175
34.813          1.2678
35.333          1.2814
35.853          1.0371
36.372          0.84415
36.892          0.77877
37.411          0.80806
37.931          0.95162
38.451          1.2052
38.970          1.3145
39.490          1.1126
40.009          0.88516
40.529          0.78723
41.049          0.79018
41.568          0.89613
42.088          1.1301
42.607          1.3180
43.127          1.1889
43.647          0.93806
44.166          0.80328
44.686          0.78004
45.205          0.85241
45.725          1.0537
46.245          1.2913
46.764          1.2553
47.284          1.0018
47.803          0.82798
48.323          0.77732
48.843          0.82027
49.362          0.98338
49.882          1.2388
50.401          1.3014
50.921          1.0742
51.441          0.86316
51.960          0.78207
52.480          0.79810
52.999          0.92246
