0.0000          0.82994
0.51960         1.0206
1.0392          1.2671
1.5588          1.2490
2.0784          0.99503
2.5980          0.81884
3.1176          0.77822
3.6372          0.85595
4.1568          1.0729
4.6764          1.2928
5.1960          1.2055
5.7156          0.94853
6.2352          0.80127
6.7548          0.78402
7.2744          0.88855
7.7940          1.1276
8.3136          1.3041
8.8332          1.1541
9.3528          0.90672
9.8724          0.78851
10.392          0.79450
10.912          0.92762
11.431          1.1813
11.951          1.3002
12.470          1.0992
12.990          0.87089
13.510          0.78045
14.029          0.80972
14.549          0.97200
15.068          1.2292
15.588          1.2812
16.108          1.0455
16.627          0.84175
17.147          0.77704
17.666          0.82994
18.186          1.0206
18.706          1.2671
19.225          1.2490
19.745          0.99503
20.264          0.81884
20.784          0.77822
21.304          0.85595
21.823          1.0729
22.343          1.2928
22.862          1.2055
23.382          0.94853
23.902          0.80127
24.421          0.78402
24.941          0.88855
25.460          1.1276
25.980          1.3041
26.500          1.1541
27.019          0.90672
27.539          0.78851
28.059          0.79450
28.578          0.92762
29.098          1.1813
29.617          1.3002
30.137          1.0992
30.657          0.87089
31.176          0.78045
31.696          0.80972
32.215          0.97200
32.735          1.2292
33.255          1.2812
33.774          1.0455
34.294          0.84175
34.813          0.77704
35.333          0.82994
35.853          1.0206
36.372          1.2671
36.892          1.2490
37.411          0.99503
37.931          0.81884
38.451          0.77822
38.970          0.85595
39.490          1.0729
40.009          1.2928
40.529          1.2055
41.049          0.94853
41.568          0.80127
42.088          0.78402
42.607          0.88855
43.127          1.1276
43.647          1.3041
44.166          1.1541
44.686          0.90672
45.205          0.78851
45.725          0.79450
46.245          0.92762
46.764          1.1813
47.284          1.3002
47.803          1.0992
48.323          0.87089
48.843          0.78045
49.362          0.80972
49.882          0.97200
50.401          1.2292
50.921          1.2812
51.441          1.0455
51.960          0.84175
52.480          0.77704
52.999          0.82994
