0.0000          1.0766
0.51960         0.85795
1.0392          0.77847
1.5588          0.81749
2.0784          0.99174
2.5980          1.2463
3.1176          1.2693
3.6372          1.0240
4.1568          0.83151
4.6764          0.77697
5.1960          0.84001
5.7156          1.0419
6.2352          1.2794
6.7548          1.2321
7.2744          0.97517
7.7940          0.81093
8.3136          0.78007
8.8332          0.86870
9.3528          1.0955
9.8724          1.2993
10.392          1.1848
10.912          0.93049
11.431          0.79539
11.951          0.78781
12.470          0.90408
12.990          1.1504
13.510          1.3044
14.029          1.1314
14.549          0.89101
15.068          0.78458
15.588          0.80025
16.108          0.94553
16.627          1.2022
17.147          1.2940
17.666          1.0766
18.186          0.85795
18.706          0.77847
19.225          0.81749
19.745          0.99174
20.264          1.2463
20.784          1.2693
21.304          1.0240
21.823          0.83151
22.343          0.77697
22.862          0.84001
23.382          1.0419
23.902          1.2794
24.421          1.2321
24.941          0.97517
25.460          0.81092
25.980          0.78007
26.500          0.86870
27.019          1.0955
27.539          1.2993
28.059          1.1848
28.578          0.93049
29.098          0.79539
29.617          0.78781
30.137          0.90408
30.657          1.1504
31.176          1.3044
31.696          1.1314
32.215          0.89101
32.735          0.78458
33.255          0.80025
33.774          0.94553
34.294          1.2022
34.813          1.2940
35.333          1.0766
35.853          0.85795
36.372          0.77847
36.892          0.81749
37.411          0.99174
37.931          1.2463
38.451          1.2693
38.970          1.0240
39.490          0.83151
40.009          0.77697
40.529          0.84001
41.049          1.0419
41.568          1.2794
42.088          1.2321
42.607          0.97517
43.127          0.81093
43.647          0.78007
44.166          0.86870
44.686          1.0955
45.205          1.2993
45.725          1.1848
46.245          0.93049
46.764          0.79539
47.284          0.78781
47.803          0.90408
48.323          1.1504
48.843          1.3044
49.362          1.1314
49.882          0.89101
50.401          0.78458
50.921          0.80025
51.441          0.94553
51.960          1.2022
52.480          1.2940
52.999          1.0766
