0.0000          0.97297
0.51960         1.2285
1.0392          1.3063
1.5588          1.0864
2.0784          0.86985
2.5980          0.78352
3.1176          0.79536
3.6372          0.91374
4.1568          1.1564
4.6764          1.3202
5.1960          1.1634
5.7156          0.91875
6.2352          0.79692
6.7548          0.78266
7.2744          0.86594
7.7940          1.0793
8.3136          1.3036
8.8332          1.2345
9.3528          0.97897
9.8724          0.81849
10.392          0.77740
10.912          0.82999
11.431          1.0064
11.951          1.2591
12.470          1.2885
12.990          1.0487
13.510          0.84990
14.029          0.77962
14.549          0.80465
15.068          0.94202
15.588          1.1938
16.108          1.3171
16.627          1.1249
17.147          0.89281
17.666          0.78927
18.186          0.78806
18.706          0.88834
19.225          1.1178
19.745          1.3157
20.264          1.2004
20.784          0.94754
21.304          0.80660
21.823          0.77910
22.343          0.84653
22.862          1.0419
23.382          1.2844
23.902          1.2642
24.421          1.0128
24.941          0.83284
25.460          0.77758
25.980          0.81611
26.500          0.97297
27.019          1.2285
27.539          1.3063
28.059          1.0864
28.578          0.86985
29.098          0.78352
29.617          0.79536
30.137          0.91374
30.657          1.1564
31.176          1.3202
31.696          1.1634
32.215          0.91875
32.735          0.79692
33.255          0.78266
33.774          0.86594
34.294          1.0793
34.813          1.3036
35.333          1.2345
35.853          0.97897
36.372          0.81849
36.892          0.77740
37.411          0.82999
37.931          1.0064
38.451          1.2591
38.970          1.2885
39.490          1.0487
40.009          0.84990
40.529          0.77962
41.049          0.80465
41.568          0.94202
42.088          1.1938
42.607          1.3171
43.127          1.1249
43.647          0.89281
44.166          0.78927
44.686          0.78806
45.205          0.88834
45.725          1.1178
46.245          1.3157
46.764          1.2004
47.284          0.94754
47.803          0.80660
48.323          0.77910
48.843          0.84653
49.362          1.0419
49.882          1.2844
50.401          1.2642
50.921          1.0128
51.441          0.83284
51.960          0.77758
52.480          0.81611
52.999          0.97297
