0.0000          0.83655
0.51960         0.77691
1.0392          0.83479
1.5588          1.0311
2.0784          1.2735
2.5980          1.2408
3.1176          0.98512
3.6372          0.81481
4.1568          0.77903
4.6764          0.86211
5.1960          1.0840
5.7156          1.2963
6.2352          1.1954
6.7548          0.93949
7.2744          0.79826
7.7940          0.78579
8.3136          0.89610
8.8332          1.1389
9.3528          1.3046
9.8724          1.1429
10.392          0.89881
10.912          0.78646
11.431          0.79725
11.951          0.93637
12.470          1.1918
12.990          1.2974
13.510          1.0880
14.029          0.86434
14.549          0.77936
15.068          0.81345
15.588          0.98168
16.108          1.2379
16.627          1.2756
17.147          1.0348
17.666          0.83655
18.186          0.77691
18.706          0.83479
19.225          1.0311
19.745          1.2735
20.264          1.2408
20.784          0.98512
21.304          0.81481
21.823          0.77903
22.343          0.86211
22.862          1.0840
23.382          1.2963
23.902          1.1954
24.421          0.93949
24.941          0.79826
25.460          0.78579
25.980          0.89610
26.500          1.1389
27.019          1.3046
27.539          1.1429
28.059          0.89881
28.578          0.78646
29.098          0.79725
29.617          0.93637
30.137          1.1918
30.657          1.2974
31.176          1.0880
31.696          0.86434
32.215          0.77936
32.735          0.81345
33.255          0.98168
33.774          1.2379
34.294          1.2756
34.813          1.0348
35.333          0.83655
35.853          0.77691
36.372          0.83479
36.892          1.0311
37.411          1.2735
37.931          1.2408
38.451          0.98512
38.970          0.81481
39.490          0.77903
40.009          0.86211
40.529          1.0840
41.049          1.2963
41.568          1.1954
42.088          0.93949
42.607          0.79826
43.127          0.78579
43.647          0.89610
44.166          1.1389
44.686          1.3046
45.205          1.1429
45.725          0.89881
46.245          0.78646
46.764          0.79725
47.284          0.93637
47.803          1.1918
48.323          1.2974
48.843          1.0880
49.362          0.86434
49.882          0.77936
50.401          0.81345
50.921          0.98168
51.441          1.2379
51.960          1.2756
52.480          1.0348
52.999          0.83655
