0.0000          1.0034
0.51960         1.2566
1.0392          1.2903
1.5588          1.0519
2.0784          0.85152
2.5980          0.77989
3.1176          0.80376
3.6372          0.93945
4.1568          1.1906
4.6764          1.3177
5.1960          1.1283
5.7156          0.89495
6.2352          0.78986
6.7548          0.78752
7.2744          0.88627
7.7940          1.1144
8.3136          1.3149
8.8332          1.2035
9.3528          0.95017
9.8724          0.80754
10.392          0.77888
10.912          0.84498
11.431          1.0388
11.951          1.2825
12.470          1.2666
12.990          1.0158
13.510          0.83422
14.029          0.77768
14.549          0.81502
15.068          0.97018
15.588          1.2256
16.108          1.3076
16.627          1.0897
17.147          0.87173
17.666          0.78394
18.186          0.79465
18.706          0.91141
19.225          1.1530
19.745          1.3201
20.264          1.1667
20.784          0.92115
21.304          0.79768
21.823          0.78228
22.343          0.86413
22.862          1.0760
23.382          1.3022
23.902          1.2373
24.421          0.98182
24.941          0.81964
25.460          0.77734
25.980          0.82868
26.500          1.0034
27.019          1.2566
27.539          1.2903
28.059          1.0519
28.578          0.85152
29.098          0.77989
29.617          0.80376
30.137          0.93945
30.657          1.1906
31.176          1.3177
31.696          1.1283
32.215          0.89495
32.735          0.78986
33.255          0.78752
33.774          0.88627
34.294          1.1144
34.813          1.3149
35.333          1.2035
35.853          0.95017
36.372          0.80754
36.892          0.77888
37.411          0.84498
37.931          1.0388
38.451          1.2825
38.970          1.2666
39.490          1.0158
40.009          0.83422
40.529          0.77768
41.049          0.81502
41.568          0.97018
42.088          1.2256
42.607          1.3076
43.127          1.0897
43.647          0.87173
44.166          0.78394
44.686          0.79465
45.205          0.91141
45.725          1.1530
46.245          1.3201
46.764          1.1667
47.284          0.92115
47.803          0.79768
48.323          0.78228
48.843          0.86413
49.362          1.0760
49.882          1.3022
50.401          1.2373
50.921          0.98182
51.441          0.81964
51.960          0.77734
52.480          0.82868
52.999          1.0034
