0.0000          1.1868
0.51960         0.93209
1.0392          0.79589
1.5588          0.78743
2.0784          0.90262
2.5980          1.1483
3.1176          1.3045
3.6372          1.1334
4.1568          0.89240
4.6764          0.78491
5.1960          0.79970
5.7156          0.94386
6.2352          1.2004
6.7548          1.2947
7.2744          1.0786
7.7940          0.85908
8.3136          0.77861
8.8332          0.81675
9.3528          0.98992
9.8724          1.2448
10.392          1.2705
10.912          1.0260
11.431          0.83240
11.951          0.77695
12.470          0.83905
12.990          1.0400
13.510          1.2784
14.029          1.2337
14.549          0.97695
15.068          0.81161
15.588          0.77987
16.108          0.86749
16.627          1.0934
17.147          1.2988
17.666          1.1868
18.186          0.93209
18.706          0.79589
19.225          0.78743
19.745          0.90262
20.264          1.1483
20.784          1.3045
21.304          1.1334
21.823          0.89240
22.343          0.78491
22.862          0.79970
23.382          0.94386
23.902          1.2004
24.421          1.2947
24.941          1.0786
25.460          0.85908
25.980          0.77861
26.500          0.81675
27.019          0.98992
27.539          1.2448
28.059          1.2705
28.578          1.0260
29.098          0.83240
29.617          0.77694
30.137          0.83905
30.657          1.0400
31.176          1.2784
31.696          1.2337
32.215          0.97695
32.735          0.81161
33.255          0.77987
33.774          0.86749
34.294          1.0934
34.813          1.2988
35.333          1.1868
35.853          0.93209
36.372          0.79589
36.892          0.78743
37.411          0.90262
37.931          1.1483
38.451          1.3045
38.970          1.1334
39.490          0.89240
40.009          0.78491
40.529          0.79970
41.049          0.94386
41.568          1.2004
42.088          1.2947
42.607          1.0786
43.127          0.85908
43.647          0.77861
44.166          0.81675
44.686          0.98992
45.205          1.2448
45.725          1.2705
46.245          1.0260
46.764          0.83240
47.284          0.77695
47.803          0.83905
48.323          1.0400
48.843          1.2784
49.362          1.2337
49.882          0.97695
50.401          0.81161
50.921          0.77987
51.441          0.86749
51.960          1.0934
52.480          1.2988
52.999          1.1868
