0.0000          1.0122
0.51960         0.84107
1.0392          0.80553
1.5588          0.90297
2.0784          1.1198
2.5980          1.2520
3.1176          1.1007
3.6372          0.88976
4.1568          0.80359
4.6764          0.84994
5.1960          1.0311
5.7156          1.2337
6.2352          1.1829
6.7548          0.95783
7.2744          0.81973
7.7940          0.81690
8.3136          0.94903
8.8332          1.1743
9.3528          1.2382
9.8724          1.0413
10.392          0.85506
10.912          0.80290
11.431          0.88309
11.951          1.0904
12.470          1.2511
12.990          1.1298
13.510          0.91039
14.029          0.80693
14.549          0.83674
15.068          1.0024
15.588          1.2179
16.108          1.2052
16.627          0.98426
17.147          0.82930
17.666          0.81020
18.186          0.92503
18.706          1.1481
19.225          1.2476
19.745          1.0709
20.264          0.87127
20.784          0.80226
21.304          0.86542
21.823          1.0607
22.343          1.2449
22.862          1.1574
23.382          0.93310
23.902          0.81228
24.421          0.82575
24.941          0.97495
25.460          1.1979
25.980          1.2238
26.500          1.0122
27.019          0.84104
27.539          0.80555
28.059          0.90302
28.578          1.1199
29.098          1.2520
29.617          1.1007
30.137          0.88971
30.657          0.80359
31.176          0.84997
31.696          1.0311
32.215          1.2338
32.735          1.1828
33.255          0.95777
33.774          0.81971
34.294          0.81692
34.813          0.94908
35.333          1.1744
35.853          1.2381
36.372          1.0412
36.892          0.85502
37.411          0.80290
37.931          0.88312
38.451          1.0905
38.970          1.2511
39.490          1.1298
40.009          0.91036
40.529          0.80691
41.049          0.83674
41.568          1.0024
42.088          1.2179
42.607          1.2052
43.127          0.98424
43.647          0.82929
44.166          0.81019
44.686          0.92502
45.205          1.1481
45.725          1.2476
46.245          1.0710
46.764          0.87127
47.284          0.80225
47.803          0.86540
48.323          1.0606
48.843          1.2449
49.362          1.1575
49.882          0.93313
50.401          0.81228
50.921          0.82573
51.441          0.97490
51.960          1.1979
52.480          1.2239
52.999          1.0122
