0.0000          1.0489
0.51960         0.84996
1.0392          0.77963
1.5588          0.80461
2.0784          0.94192
2.5980          1.1936
3.1176          1.3171
3.6372          1.1251
4.1568          0.89289
4.6764          0.78929
5.1960          0.78804
5.7156          0.88826
6.2352          1.1176
6.7548          1.3156
7.2744          1.2005
7.7940          0.94765
8.3136          0.80663
8.8332          0.77909
9.3528          0.84647
9.8724          1.0418
10.392          1.2844
10.912          1.2643
11.431          1.0129
11.951          0.83290
12.470          0.77758
12.990          0.81607
13.510          0.97286
14.029          1.2284
14.549          1.3064
15.068          1.0865
15.588          0.86993
16.108          0.78353
16.627          0.79533
17.147          0.91365
17.666          1.1562
18.186          1.3202
18.706          1.1636
19.225          0.91885
19.745          0.79695
20.264          0.78264
20.784          0.86587
21.304          1.0792
21.823          1.3035
22.343          1.2346
22.862          0.97908
23.382          0.81853
23.902          0.77740
24.421          0.82994
24.941          1.0063
25.460          1.2590
25.980          1.2885
26.500          1.0489
27.019          0.84996
27.539          0.77963
28.059          0.80461
28.578          0.94192
29.098          1.1936
29.617          1.3171
30.137          1.1251
30.657          0.89289
31.176          0.78929
31.696          0.78804
32.215          0.88826
32.735          1.1176
33.255          1.3156
33.774          1.2005
34.294          0.94765
34.813          0.80663
35.333          0.77909
35.853          0.84647
36.372          1.0418
36.892          1.2844
37.411          1.2643
37.931          1.0129
38.451          0.83290
38.970          0.77758
39.490          0.81607
40.009          0.97286
40.529          1.2284
41.049          1.3064
41.568          1.0865
42.088          0.86993
42.607          0.78353
43.127          0.79533
43.647          0.91365
44.166          1.1562
44.686          1.3202
45.205          1.1636
45.725          0.91885
46.245          0.79695
46.764          0.78264
47.284          0.86587
47.803          1.0792
48.323          1.3035
48.843          1.2346
49.362          0.97908
49.882          0.81853
50.401          0.77740
50.921          0.82994
51.441          1.0063
51.960          1.2590
52.480          1.2885
52.999          1.0489
