0.0000          1.0601
0.51960         0.84919
1.0392          0.77752
1.5588          0.82378
2.0784          1.0067
2.5980          1.2577
3.1176          1.2591
3.6372          1.0087
4.1568          0.82464
4.6764          0.77743
5.1960          0.84808
5.7156          1.0580
6.2352          1.2870
6.7548          1.2186
7.2744          0.96103
7.7940          0.80566
8.3136          0.78194
8.8332          0.87881
9.3528          1.1123
9.8724          1.3025
10.392          1.1689
10.912          0.91780
11.431          0.79158
11.951          0.79112
12.470          0.91617
12.990          1.1668
13.510          1.3028
14.029          1.1145
14.549          0.88019
15.068          0.78222
15.588          0.80501
16.108          0.95921
16.627          1.2167
17.147          1.2879
17.666          1.0601
18.186          0.84919
18.706          0.77752
19.225          0.82378
19.745          1.0067
20.264          1.2577
20.784          1.2591
21.304          1.0087
21.823          0.82464
22.343          0.77743
22.862          0.84808
23.382          1.0580
23.902          1.2870
24.421          1.2186
24.941          0.96103
25.460          0.80566
25.980          0.78194
26.500          0.87881
27.019          1.1123
27.539          1.3025
28.059          1.1689
28.578          0.91780
29.098          0.79158
29.617          0.79112
30.137          0.91617
30.657          1.1668
31.176          1.3028
31.696          1.1145
32.215          0.88019
32.735          0.78222
33.255          0.80501
33.774          0.95921
34.294          1.2167
34.813          1.2879
35.333          1.0601
35.853          0.84919
36.372          0.77752
36.892          0.82378
37.411          1.0067
37.931          1.2577
38.451          1.2591
38.970          1.0087
39.490          0.82464
40.009          0.77743
40.529          0.84808
41.049          1.0580
41.568          1.2870
42.088          1.2186
42.607          0.96103
43.127          0.80566
43.647          0.78194
44.166          0.87881
44.686          1.1123
45.205          1.3025
45.725          1.1689
46.245          0.91780
46.764          0.79158
47.284          0.79112
47.803          0.91617
48.323          1.1668
48.843          1.3028
49.362          1.1145
49.882          0.88019
50.401          0.78222
50.921          0.80501
51.441          0.95921
51.960          1.2167
52.480          1.2879
52.999          1.0601
