0.0000          1.3048
0.51960         1.2319
1.0392          0.97634
1.5588          0.81744
2.0784          0.77747
2.5980          0.83123
3.1176          1.0092
3.6372          1.2613
4.1568          1.2867
4.6764          1.0458
5.1960          0.84842
5.7156          0.77939
6.2352          0.80549
6.7548          0.94442
7.2744          1.1967
7.7940          1.3165
8.3136          1.1218
8.8332          0.89085
9.3528          0.78874
9.8724          0.78858
10.392          0.89028
10.912          1.1209
11.431          1.3163
11.951          1.1975
12.470          0.94512
12.990          0.80574
13.510          0.77932
14.029          0.84799
14.549          1.0449
15.068          1.2862
15.588          1.2620
16.108          1.0100
16.627          0.83159
17.147          0.77749
17.666          0.81714
18.186          0.97558
18.706          1.2311
19.225          1.3052
19.745          1.0833
20.264          0.86813
20.784          0.78314
21.304          0.79603
21.823          0.91592
22.343          1.1595
22.862          1.3203
23.382          1.1604
23.902          0.91655
24.421          0.79623
24.941          0.78303
25.460          0.86763
25.980          1.0824
26.500          1.3048
27.019          1.2319
27.539          0.97634
28.059          0.81744
28.578          0.77747
29.098          0.83123
29.617          1.0092
30.137          1.2613
30.657          1.2867
31.176          1.0458
31.696          0.84842
32.215          0.77939
32.735          0.80549
33.255          0.94442
33.774          1.1967
34.294          1.3165
34.813          1.1218
35.333          0.89085
35.853          0.78874
36.372          0.78858
36.892          0.89028
37.411          1.1209
37.931          1.3163
38.451          1.1975
38.970          0.94512
39.490          0.80574
40.009          0.77932
40.529          0.84799
41.049          1.0449
41.568          1.2862
42.088          1.2620
42.607          1.0100
43.127          0.83159
43.647          0.77749
44.166          0.81714
44.686          0.97558
45.205          1.2311
45.725          1.3052
46.245          1.0833
46.764          0.86813
47.284          0.78314
47.803          0.79603
48.323          0.91592
48.843          1.1595
49.362          1.3203
49.882          1.1604
50.401          0.91655
50.921          0.79623
51.441          0.78303
51.960          0.86763
52.480          1.0824
52.999          1.3048
