0.0000          0.91160
0.51960         0.79470
1.0392          0.78391
1.5588          0.87158
2.0784          1.0894
2.5980          1.3075
3.1176          1.2258
3.6372          0.97040
4.1568          0.81511
4.6764          0.77767
5.1960          0.83411
5.7156          1.0156
6.2352          1.2664
6.7548          1.2826
7.2744          1.0390
7.7940          0.84510
8.3136          0.77890
8.8332          0.80746
9.3528          0.94997
9.8724          1.2033
10.392          1.3150
10.912          1.1147
11.431          0.88643
11.951          0.78756
12.470          0.78981
12.990          0.89478
13.510          1.1280
14.029          1.3176
14.549          1.1908
15.068          0.93965
15.588          0.80382
16.108          0.77986
16.627          0.85139
17.147          1.0517
17.666          1.2902
18.186          1.2568
18.706          1.0036
19.225          0.82879
19.745          0.77735
20.264          0.81955
20.784          0.98159
21.304          1.2370
21.823          1.3023
22.343          1.0763
22.862          0.86428
23.382          0.78231
23.902          0.79762
24.421          0.92096
24.941          1.1665
25.460          1.3202
25.980          1.1533
26.500          0.91160
27.019          0.79470
27.539          0.78391
28.059          0.87158
28.578          1.0894
29.098          1.3075
29.617          1.2258
30.137          0.97040
30.657          0.81511
31.176          0.77767
31.696          0.83411
32.215          1.0156
32.735          1.2664
33.255          1.2826
33.774          1.0390
34.294          0.84510
34.813          0.77890
35.333          0.80746
35.853          0.94997
36.372          1.2033
36.892          1.3150
37.411          1.1147
37.931          0.88643
38.451          0.78756
38.970          0.78981
39.490          0.89478
40.009          1.1280
40.529          1.3176
41.049          1.1908
41.568          0.93965
42.088          0.80383
42.607          0.77986
43.127          0.85139
43.647          1.0517
44.166          1.2902
44.686          1.2568
45.205          1.0036
45.725          0.82879
46.245          0.77735
46.764          0.81955
47.284          0.98159
47.803          1.2370
48.323          1.3023
48.843          1.0763
49.362          0.86428
49.882          0.78231
50.401          0.79762
50.921          0.92096
51.441          1.1665
51.960          1.3202
52.480          1.1533
52.999          0.91160
