0.0000          1.2922
0.51960         1.2069
1.0392          0.94984
1.5588          0.80172
2.0784          0.78378
2.5980          0.88749
3.1176          1.1260
3.6372          1.3040
4.1568          1.1557
4.6764          0.90788
5.1960          0.78882
5.7156          0.79413
6.2352          0.92639
6.7548          1.1798
7.2744          1.3005
7.7940          1.1009
8.3136          0.87185
8.8332          0.78062
9.3528          0.80920
9.8724          0.97062
10.392          1.2279
10.912          1.2820
11.431          1.0470
11.951          0.84252
12.470          0.77707
12.990          0.82926
13.510          1.0191
14.029          1.2662
14.549          1.2501
15.068          0.99647
15.588          0.81944
16.108          0.77812
16.627          0.85509
17.147          1.0713
17.666          1.2922
18.186          1.2069
18.706          0.94984
19.225          0.80172
19.745          0.78378
20.264          0.88750
20.784          1.1260
21.304          1.3040
21.823          1.1557
22.343          0.90788
22.862          0.78882
23.382          0.79413
23.902          0.92639
24.421          1.1798
24.941          1.3005
25.460          1.1009
25.980          0.87185
26.500          0.78062
27.019          0.80920
27.539          0.97062
28.059          1.2279
28.578          1.2820
29.098          1.0470
29.617          0.84252
30.137          0.77707
30.657          0.82926
31.176          1.0191
31.696          1.2662
32.215          1.2501
32.735          0.99647
33.255          0.81944
33.774          0.77812
34.294          0.85509
34.813          1.0713
35.333          1.2922
35.853          1.2069
36.372          0.94984
36.892          0.80172
37.411          0.78378
37.931          0.88750
38.451          1.1260
38.970          1.3040
39.490          1.1557
40.009          0.90788
40.529          0.78882
41.049          0.79413
41.568          0.92639
42.088          1.1798
42.607          1.3005
43.127          1.1009
43.647          0.87185
44.166          0.78062
44.686          0.80920
45.205          0.97062
45.725          1.2279
46.245          1.2820
46.764          1.0470
47.284          0.84252
47.803          0.77707
48.323          0.82926
48.843          1.0191
49.362          1.2662
49.882          1.2501
50.401          0.99647
50.921          0.81944
51.441          0.77812
51.960          0.85509
52.480          1.0713
52.999          1.2922
