0.0000          1.1719
0.51960         1.3199
1.0392          1.1478
1.5588          0.90781
2.0784          0.79356
2.5980          0.78464
3.1176          0.87472
3.6372          1.0949
4.1568          1.3094
4.6764          1.2210
5.1960          0.96584
5.7156          0.81335
6.2352          0.77787
6.7548          0.83641
7.2744          1.0207
7.7940          1.2701
8.3136          1.2793
8.8332          1.0338
9.3528          0.84260
9.8724          0.77856
10.392          0.80905
10.912          0.95434
11.431          1.2083
11.951          1.3136
12.470          1.1091
12.990          0.88308
13.510          0.78670
14.029          0.79081
14.549          0.89835
15.068          1.1336
15.588          1.3185
16.108          1.1856
16.627          0.93546
17.147          0.80239
17.666          0.78033
18.186          0.85410
18.706          1.0570
19.225          1.2930
19.745          1.2527
20.264          0.99871
20.784          0.82667
21.304          0.77728
21.823          0.82147
22.343          0.98633
22.862          1.2415
23.382          1.2999
23.902          1.0708
24.421          0.86135
24.941          0.78170
25.460          0.79890
25.980          0.92494
26.500          1.1719
27.019          1.3199
27.539          1.1478
28.059          0.90781
28.578          0.79356
29.098          0.78464
29.617          0.87472
30.137          1.0949
30.657          1.3094
31.176          1.2210
31.696          0.96584
32.215          0.81335
32.735          0.77787
33.255          0.83641
33.774          1.0207
34.294          1.2701
34.813          1.2793
35.333          1.0338
35.853          0.84260
36.372          0.77856
36.892          0.80905
37.411          0.95434
37.931          1.2083
38.451          1.3136
38.970          1.1091
39.490          0.88308
40.009          0.78670
40.529          0.79081
41.049          0.89835
41.568          1.1336
42.088          1.3185
42.607          1.1856
43.127          0.93546
43.647          0.80239
44.166          0.78033
44.686          0.85410
45.205          1.0570
45.725          1.2930
46.245          1.2527
46.764          0.99871
47.284          0.82667
47.803          0.77728
48.323          0.82147
48.843          0.98633
49.362          1.2415
49.882          1.2999
50.401          1.0708
50.921          0.86135
51.441          0.78170
51.960          0.79890
52.480          0.92494
52.999          1.1719
