0.0000          1.2212
0.51960         1.2857
1.0392          1.0550
1.5588          0.84653
2.0784          0.77731
2.5980          0.82588
3.1176          1.0115
3.6372          1.2611
4.1568          1.2557
4.6764          1.0039
5.1960          0.82256
5.7156          0.77767
6.2352          0.85078
6.7548          1.0632
7.2744          1.2891
7.7940          1.2141
8.3136          0.95662
8.8332          0.80408
9.3528          0.78263
9.8724          0.88216
10.392          1.1177
10.912          1.3032
11.431          1.1638
11.951          0.91387
12.470          0.79047
12.990          0.79226
13.510          0.92013
14.029          1.1719
14.549          1.3020
15.068          1.1092
15.588          0.87688
16.108          0.78156
16.627          0.80661
17.147          0.96364
17.666          1.2212
18.186          1.2857
18.706          1.0550
19.225          0.84653
19.745          0.77731
20.264          0.82588
20.784          1.0115
21.304          1.2611
21.823          1.2557
22.343          1.0039
22.862          0.82256
23.382          0.77767
23.902          0.85078
24.421          1.0632
24.941          1.2891
25.460          1.2141
25.980          0.95662
26.500          0.80408
27.019          0.78263
27.539          0.88216
28.059          1.1177
28.578          1.3032
29.098          1.1638
29.617          0.91387
30.137          0.79047
30.657          0.79226
31.176          0.92013
31.696          1.1719
32.215          1.3020
32.735          1.1092
33.255          0.87688
33.774          0.78156
34.294          0.80661
34.813          0.96365
35.333          1.2212
35.853          1.2857
36.372          1.0550
36.892          0.84653
37.411          0.77731
37.931          0.82588
38.451          1.0115
38.970          1.2611
39.490          1.2557
40.009          1.0039
40.529          0.82256
41.049          0.77767
41.568          0.85078
42.088          1.0632
42.607          1.2891
43.127          1.2141
43.647          0.95662
44.166          0.80408
44.686          0.78263
45.205          0.88216
45.725          1.1177
46.245          1.3032
46.764          1.1638
47.284          0.91387
47.803          0.79047
48.323          0.79226
48.843          0.92013
49.362          1.1719
49.882          1.3020
50.401          1.1092
50.921          0.87688
51.441          0.78156
51.960          0.80661
52.480          0.96365
52.999          1.2212
