0.0000          1.3173
0.51960         1.1264
1.0392          0.89375
1.5588          0.78953
2.0784          0.78782
2.5980          0.88743
3.1176          1.1163
3.6372          1.3153
4.1568          1.2018
4.6764          0.94870
5.1960          0.80701
5.7156          0.77900
6.2352          0.84585
6.7548          1.0406
7.2744          1.2836
7.7940          1.2652
8.3136          1.0141
8.8332          0.83344
9.3528          0.77762
9.8724          0.81563
10.392          0.97174
10.912          1.2272
11.431          1.3069
11.951          1.0878
12.470          0.87067
12.990          0.78370
13.510          0.79504
14.029          0.91272
14.549          1.1549
15.068          1.3202
15.588          1.1649
16.108          0.91980
16.627          0.79725
17.147          0.78249
17.666          0.86514
18.186          1.0778
18.706          1.3029
19.225          1.2357
19.745          0.98022
20.264          0.81899
20.784          0.77738
21.304          0.82942
21.823          1.0051
22.343          1.2580
22.862          1.2893
23.382          1.0501
23.902          0.85061
24.421          0.77973
24.941          0.80425
25.460          0.94089
25.980          1.1924
26.500          1.3173
27.019          1.1264
27.539          0.89375
28.059          0.78953
28.578          0.78782
29.098          0.88743
29.617          1.1163
30.137          1.3153
30.657          1.2018
31.176          0.94870
31.696          0.80701
32.215          0.77900
32.735          0.84585
33.255          1.0406
33.774          1.2836
34.294          1.2652
34.813          1.0141
35.333          0.83344
35.853          0.77762
36.372          0.81563
36.892          0.97174
37.411          1.2272
37.931          1.3069
38.451          1.0878
38.970          0.87067
39.490          0.78370
40.009          0.79504
40.529          0.91272
41.049          1.1549
41.568          1.3202
42.088          1.1649
42.607          0.91980
43.127          0.79725
43.647          0.78249
44.166          0.86514
44.686          1.0778
45.205          1.3029
45.725          1.2357
46.245          0.98022
46.764          0.81899
47.284          0.77738
47.803          0.82942
48.323          1.0051
48.843          1.2580
49.362          1.2893
49.882          1.0501
50.401          0.85061
50.921          0.77973
51.441          0.80425
51.960          0.94089
52.480          1.1924
52.999          1.3173
