0.0000          1.0630
0.51960         0.85069
1.0392          0.77766
1.5588          0.82263
2.0784          1.0040
2.5980          1.2558
3.1176          1.2610
3.6372          1.0114
4.1568          0.82581
4.6764          0.77732
5.1960          0.84662
5.7156          1.0552
6.2352          1.2857
6.7548          1.2210
7.2744          0.96350
7.7940          0.80656
8.3136          0.78158
8.8332          0.87698
9.3528          1.1094
9.8724          1.3020
10.392          1.1718
10.912          0.92000
11.431          0.79222
11.951          0.79050
12.470          0.91400
12.990          1.1639
13.510          1.3032
14.029          1.1175
14.549          0.88205
15.068          0.78260
15.588          0.80413
16.108          0.95676
16.627          1.2142
17.147          1.2891
17.666          1.0630
18.186          0.85069
18.706          0.77766
19.225          0.82263
19.745          1.0040
20.264          1.2558
20.784          1.2610
21.304          1.0114
21.823          0.82581
22.343          0.77732
22.862          0.84662
23.382          1.0552
23.902          1.2857
24.421          1.2210
24.941          0.96350
25.460          0.80656
25.980          0.78158
26.500          0.87698
27.019          1.1094
27.539          1.3020
28.059          1.1718
28.578          0.92000
29.098          0.79222
29.617          0.79050
30.137          0.91400
30.657          1.1639
31.176          1.3032
31.696          1.1175
32.215          0.88205
32.735          0.78260
33.255          0.80413
33.774          0.95676
34.294          1.2142
34.813          1.2891
35.333          1.0630
35.853          0.85069
36.372          0.77766
36.892          0.82263
37.411          1.0040
37.931          1.2558
38.451          1.2610
38.970          1.0114
39.490          0.82581
40.009          0.77732
40.529          0.84662
41.049          1.0552
41.568          1.2857
42.088          1.2210
42.607          0.96350
43.127          0.80656
43.647          0.78158
44.166          0.87698
44.686          1.1094
45.205          1.3020
45.725          1.1718
46.245          0.92000
46.764          0.79222
47.284          0.79050
47.803          0.91400
48.323          1.1639
48.843          1.3032
49.362          1.1175
49.882          0.88205
50.401          0.78260
50.921          0.80413
51.441          0.95676
51.960          1.2142
52.480          1.2891
52.999          1.0630
