0.0000          1.0006
0.51960         1.2533
1.0392          1.2634
1.5588          1.0148
2.0784          0.82734
2.5980          0.77719
3.1176          0.84476
3.6372          1.0515
4.1568          1.2841
4.6764          1.2241
5.1960          0.96668
5.7156          0.80773
6.2352          0.78113
6.7548          0.87466
7.2744          1.1055
7.7940          1.3014
8.3136          1.1754
8.8332          0.92284
9.3528          0.79306
9.8724          0.78973
10.392          0.91124
10.912          1.1602
11.431          1.3036
11.951          1.1213
12.470          0.88447
12.990          0.78312
13.510          0.80304
14.029          0.95365
14.549          1.2110
15.068          1.2905
15.588          1.0667
16.108          0.85264
16.627          0.77785
17.147          0.82119
17.666          1.0006
18.186          1.2533
18.706          1.2634
19.225          1.0148
19.745          0.82734
20.264          0.77719
20.784          0.84476
21.304          1.0515
21.823          1.2841
22.343          1.2241
22.862          0.96668
23.382          0.80773
23.902          0.78113
24.421          0.87467
24.941          1.1055
25.460          1.3014
25.980          1.1754
26.500          0.92284
27.019          0.79306
27.539          0.78973
28.059          0.91124
28.578          1.1602
29.098          1.3036
29.617          1.1213
30.137          0.88447
30.657          0.78312
31.176          0.80304
31.696          0.95365
32.215          1.2110
32.735          1.2905
33.255          1.0667
33.774          0.85264
34.294          0.77785
34.813          0.82119
35.333          1.0006
35.853          1.2533
36.372          1.2634
36.892          1.0148
37.411          0.82734
37.931          0.77719
38.451          0.84476
38.970          1.0515
39.490          1.2841
40.009          1.2241
40.529          0.96668
41.049          0.80773
41.568          0.78113
42.088          0.87467
42.607          1.1055
43.127          1.3014
43.647          1.1754
44.166          0.92284
44.686          0.79306
45.205          0.78973
45.725          0.91124
46.245          1.1602
46.764          1.3036
47.284          1.1213
47.803          0.88447
48.323          0.78312
48.843          0.80304
49.362          0.95365
49.882          1.2110
50.401          1.2905
50.921          1.0667
51.441          0.85264
51.960          0.77785
52.480          0.82119
52.999          1.0006
