0.0000          1.2902
0.51960         1.2116
1.0392          0.95426
1.5588          0.80325
2.0784          0.78301
2.5980          0.88399
3.1176          1.1206
3.6372          1.3035
4.1568          1.1610
4.6764          0.91178
5.1960          0.78988
5.7156          0.79290
6.2352          0.92228
6.7548          1.1747
7.2744          1.3015
7.7940          1.1063
8.3136          0.87512
8.8332          0.78122
9.3528          0.80749
9.8724          0.96605
10.392          1.2235
10.912          1.2844
11.431          1.0522
11.951          0.84512
12.470          0.77722
12.990          0.82704
13.510          1.0141
14.029          1.2629
14.549          1.2538
15.068          1.0013
15.588          0.82147
16.108          0.77781
16.627          0.85226
17.147          1.0660
17.666          1.2902
18.186          1.2116
18.706          0.95426
19.225          0.80325
19.745          0.78301
20.264          0.88399
20.784          1.1206
21.304          1.3035
21.823          1.1610
22.343          0.91178
22.862          0.78988
23.382          0.79290
23.902          0.92228
24.421          1.1747
24.941          1.3015
25.460          1.1063
25.980          0.87512
26.500          0.78122
27.019          0.80749
27.539          0.96605
28.059          1.2235
28.578          1.2844
29.098          1.0522
29.617          0.84512
30.137          0.77722
30.657          0.82704
31.176          1.0141
31.696          1.2629
32.215          1.2538
32.735          1.0013
33.255          0.82147
33.774          0.77781
34.294          0.85226
34.813          1.0660
35.333          1.2902
35.853          1.2116
36.372          0.95426
36.892          0.80325
37.411          0.78301
37.931          0.88399
38.451          1.1206
38.970          1.3035
39.490          1.1610
40.009          0.91178
40.529          0.78988
41.049          0.79290
41.568          0.92228
42.088          1.1747
42.607          1.3015
43.127          1.1063
43.647          0.87512
44.166          0.78122
44.686          0.80749
45.205          0.96605
45.725          1.2235
46.245          1.2844
46.764          1.0522
47.284          0.84512
47.803          0.77722
48.323          0.82704
48.843          1.0141
49.362          1.2629
49.882          1.2538
50.401          1.0013
50.921          0.82147
51.441          0.77781
51.960          0.85226
52.480          1.0660
52.999          1.2902
