0.0000          1.3012
0.51960         1.1045
1.0392          0.87405
1.5588          0.78102
2.0784          0.80804
2.5980          0.96753
3.1176          1.2249
3.6372          1.2836
4.1568          1.0505
4.6764          0.84427
5.1960          0.77716
5.7156          0.82776
6.2352          1.0157
6.7548          1.2640
7.2744          1.2526
7.7940          0.99972
8.3136          0.82080
8.8332          0.77791
9.3528          0.85317
9.8724          1.0677
10.392          1.2909
10.912          1.2101
11.431          0.95282
11.951          0.80275
12.470          0.78326
12.990          0.88512
13.510          1.1223
14.029          1.3037
14.549          1.1592
15.068          0.91050
15.588          0.78953
16.108          0.79329
16.627          0.92361
17.147          1.1764
17.666          1.3012
18.186          1.1045
18.706          0.87405
19.225          0.78102
19.745          0.80804
20.264          0.96753
20.784          1.2249
21.304          1.2836
21.823          1.0505
22.343          0.84427
22.862          0.77716
23.382          0.82776
23.902          1.0157
24.421          1.2640
24.941          1.2526
25.460          0.99972
25.980          0.82080
26.500          0.77791
27.019          0.85317
27.539          1.0677
28.059          1.2909
28.578          1.2101
29.098          0.95282
29.617          0.80275
30.137          0.78326
30.657          0.88512
31.176          1.1223
31.696          1.3037
32.215          1.1592
32.735          0.91050
33.255          0.78953
33.774          0.79329
34.294          0.92361
34.813          1.1764
35.333          1.3012
35.853          1.1045
36.372          0.87405
36.892          0.78102
37.411          0.80804
37.931          0.96753
38.451          1.2249
38.970          1.2836
39.490          1.0505
40.009          0.84427
40.529          0.77716
41.049          0.82776
41.568          1.0157
42.088          1.2640
42.607          1.2526
43.127          0.99972
43.647          0.82080
44.166          0.77791
44.686          0.85317
45.205          1.0677
45.725          1.2909
46.245          1.2101
46.764          0.95282
47.284          0.80275
47.803          0.78326
48.323          0.88512
48.843          1.1223
49.362          1.3037
49.882          1.1592
50.401          0.91050
50.921          0.78953
51.441          0.79329
51.960          0.92361
52.480          1.1764
52.999          1.3012
