0.0000          0.77729
0.51960         0.82096
1.0392          0.98508
1.5588          1.2404
2.0784          1.3005
2.5980          1.0723
3.1176          0.86211
3.6372          0.78186
4.1568          0.79856
4.6764          0.92389
5.1960          1.1705
5.7156          1.3200
6.2352          1.1493
6.7548          0.90880
7.2744          0.79386
7.7940          0.78445
8.3136          0.87389
8.8332          1.0935
9.3528          1.3089
9.8724          1.2223
10.392          0.96703
10.912          0.81381
11.431          0.77782
11.951          0.83580
12.470          1.0193
12.990          1.2692
13.510          1.2802
14.029          1.0352
14.549          0.84325
15.068          0.77865
15.588          0.80863
16.108          0.95319
16.627          1.2070
17.147          1.3140
17.666          1.1106
18.186          0.88395
18.706          0.78692
19.225          0.79054
19.745          0.89741
20.264          1.1321
20.784          1.3182
21.304          1.1870
21.823          0.93655
22.343          0.80276
22.862          0.78020
23.382          0.85338
23.902          1.0556
24.421          1.2923
24.941          1.2538
25.460          1.00000
25.980          0.82722
26.500          0.77729
27.019          0.82096
27.539          0.98508
28.059          1.2404
28.578          1.3005
29.098          1.0723
29.617          0.86211
30.137          0.78186
30.657          0.79856
31.176          0.92389
31.696          1.1705
32.215          1.3200
32.735          1.1493
33.255          0.90880
33.774          0.79386
34.294          0.78445
34.813          0.87389
35.333          1.0935
35.853          1.3089
36.372          1.2223
36.892          0.96703
37.411          0.81381
37.931          0.77782
38.451          0.83580
38.970          1.0193
39.490          1.2692
40.009          1.2802
40.529          1.0352
41.049          0.84325
41.568          0.77865
42.088          0.80863
42.607          0.95319
43.127          1.2070
43.647          1.3140
44.166          1.1106
44.686          0.88395
45.205          0.78692
45.725          0.79054
46.245          0.89741
46.764          1.1321
47.284          1.3182
47.803          1.1870
48.323          0.93655
48.843          0.80276
49.362          0.78020
49.882          0.85338
50.401          1.0556
50.921          1.2923
51.441          1.2538
51.960          1.00000
52.480          0.82722
52.999          0.77729
