0.0000          1.1001
0.51960         0.87140
1.0392          0.78054
1.5588          0.80944
2.0784          0.97127
2.5980          1.2285
3.1176          1.2816
3.6372          1.0463
4.1568          0.84215
4.6764          0.77705
5.1960          0.82958
5.7156          1.0198
6.2352          1.2666
6.7548          1.2496
7.2744          0.99579
7.7940          0.81916
8.3136          0.77816
8.8332          0.85550
9.3528          1.0720
9.8724          1.2925
10.392          1.2063
10.912          0.94922
11.431          0.80151
11.951          0.78389
12.470          0.88799
12.990          1.1268
13.510          1.3041
14.029          1.1549
14.549          0.90733
15.068          0.78867
15.588          0.79430
16.108          0.92697
16.627          1.1805
17.147          1.3003
17.666          1.1001
18.186          0.87140
18.706          0.78053
19.225          0.80944
19.745          0.97127
20.264          1.2285
20.784          1.2816
21.304          1.0463
21.823          0.84215
22.343          0.77705
22.862          0.82958
23.382          1.0198
23.902          1.2666
24.421          1.2496
24.941          0.99579
25.460          0.81916
25.980          0.77816
26.500          0.85550
27.019          1.0720
27.539          1.2925
28.059          1.2063
28.578          0.94922
29.098          0.80151
29.617          0.78389
30.137          0.88799
30.657          1.1268
31.176          1.3041
31.696          1.1549
32.215          0.90733
32.735          0.78867
33.255          0.79430
33.774          0.92697
34.294          1.1805
34.813          1.3003
35.333          1.1001
35.853          0.87140
36.372          0.78054
36.892          0.80944
37.411          0.97127
37.931          1.2285
38.451          1.2816
38.970          1.0463
39.490          0.84215
40.009          0.77705
40.529          0.82958
41.049          1.0198
41.568          1.2666
42.088          1.2496
42.607          0.99579
43.127          0.81916
43.647          0.77816
44.166          0.85550
44.686          1.0720
45.205          1.2925
45.725          1.2063
46.245          0.94922
46.764          0.80151
47.284          0.78389
47.803          0.88799
48.323          1.1268
48.843          1.3041
49.362          1.1549
49.882          0.90733
50.401          0.78867
50.921          0.79430
51.441          0.92697
51.960          1.1805
52.480          1.3003
52.999          1.1001
