0.0000          1.2862
0.51960         1.0561
1.0392          0.84711
1.5588          0.77735
2.0784          0.82541
2.5980          1.0104
3.1176          1.2604
3.6372          1.2565
4.1568          1.0049
4.6764          0.82302
5.1960          0.77761
5.7156          0.85018
6.2352          1.0620
6.7548          1.2887
7.2744          1.2151
7.7940          0.95759
8.3136          0.80443
8.8332          0.78247
9.3528          0.88142
9.8724          1.1165
10.392          1.3031
10.912          1.1649
11.431          0.91473
11.951          0.79071
12.470          0.79200
12.990          0.91925
13.510          1.1708
14.029          1.3022
14.549          1.1104
15.068          0.87760
15.588          0.78170
16.108          0.80625
16.627          0.96266
17.147          1.2202
17.666          1.2862
18.186          1.0561
18.706          0.84711
19.225          0.77735
19.745          0.82541
20.264          1.0104
20.784          1.2604
21.304          1.2565
21.823          1.0049
22.343          0.82302
22.862          0.77761
23.382          0.85018
23.902          1.0620
24.421          1.2887
24.941          1.2151
25.460          0.95759
25.980          0.80443
26.500          0.78247
27.019          0.88142
27.539          1.1165
28.059          1.3031
28.578          1.1649
29.098          0.91473
29.617          0.79071
30.137          0.79200
30.657          0.91925
31.176          1.1708
31.696          1.3022
32.215          1.1104
32.735          0.87760
33.255          0.78170
33.774          0.80625
34.294          0.96266
34.813          1.2202
35.333          1.2862
35.853          1.0561
36.372          0.84711
36.892          0.77735
37.411          0.82541
37.931          1.0104
38.451          1.2604
38.970          1.2565
39.490          1.0049
40.009          0.82302
40.529          0.77761
41.049          0.85018
41.568          1.0620
42.088          1.2887
42.607          1.2151
43.127          0.95759
43.647          0.80443
44.166          0.78247
44.686          0.88142
45.205          1.1165
45.725          1.3031
46.245          1.1649
46.764          0.91473
47.284          0.79071
47.803          0.79200
48.323          0.91925
48.843          1.1708
49.362          1.3022
49.882          1.1104
50.401          0.87760
50.921          0.78170
51.441          0.80625
51.960          0.96266
52.480          1.2202
52.999          1.2862
