0.0000          1.1893
0.51960         0.93418
1.0392          0.79655
1.5588          0.78695
2.0784          0.90075
2.5980          1.1457
3.1176          1.3045
3.6372          1.1361
4.1568          0.89420
4.6764          0.78533
5.1960          0.79899
5.7156          0.94172
6.2352          1.1980
6.7548          1.2955
7.2744          1.0813
7.7940          0.86056
8.3136          0.77881
8.8332          0.81579
9.3528          0.98757
9.8724          1.2429
10.392          1.2720
10.912          1.0285
11.431          0.83356
11.951          0.77692
12.470          0.83782
12.990          1.0374
13.510          1.2770
14.029          1.2358
14.549          0.97926
15.068          0.81250
15.588          0.77961
16.108          0.86594
16.627          1.0908
17.147          1.2982
17.666          1.1893
18.186          0.93418
18.706          0.79655
19.225          0.78695
19.745          0.90075
20.264          1.1457
20.784          1.3045
21.304          1.1361
21.823          0.89420
22.343          0.78533
22.862          0.79899
23.382          0.94172
23.902          1.1980
24.421          1.2955
24.941          1.0813
25.460          0.86056
25.980          0.77881
26.500          0.81579
27.019          0.98757
27.539          1.2429
28.059          1.2720
28.578          1.0285
29.098          0.83356
29.617          0.77692
30.137          0.83782
30.657          1.0374
31.176          1.2770
31.696          1.2358
32.215          0.97926
32.735          0.81250
33.255          0.77961
33.774          0.86594
34.294          1.0908
34.813          1.2982
35.333          1.1893
35.853          0.93418
36.372          0.79655
36.892          0.78695
37.411          0.90075
37.931          1.1457
38.451          1.3045
38.970          1.1361
39.490          0.89420
40.009          0.78533
40.529          0.79899
41.049          0.94172
41.568          1.1980
42.088          1.2955
42.607          1.0813
43.127          0.86056
43.647          0.77881
44.166          0.81579
44.686          0.98757
45.205          1.2429
45.725          1.2720
46.245          1.0285
46.764          0.83356
47.284          0.77692
47.803          0.83782
48.323          1.0374
48.843          1.2770
49.362          1.2358
49.882          0.97926
50.401          0.81250
50.921          0.77961
51.441          0.86594
51.960          1.0908
52.480          1.2982
52.999          1.1893
