0.0000          0.79622
0.51960         0.91654
1.0392          1.1603
1.5588          1.3203
2.0784          1.1595
2.5980          0.91593
3.1176          0.79604
3.6372          0.78313
4.1568          0.86812
4.6764          1.0832
5.1960          1.3051
5.7156          1.2311
6.2352          0.97560
6.7548          0.81715
7.2744          0.77749
7.7940          0.83158
8.3136          1.0100
8.8332          1.2620
9.3528          1.2862
9.8724          1.0449
10.392          0.84800
10.912          0.77932
11.431          0.80573
11.951          0.94510
12.470          1.1975
12.990          1.3163
13.510          1.1209
14.029          0.89030
14.549          0.78859
15.068          0.78873
15.588          0.89083
16.108          1.1218
16.627          1.3165
17.147          1.1967
17.666          0.94444
18.186          0.80550
18.706          0.77938
19.225          0.84840
19.745          1.0457
20.264          1.2867
20.784          1.2614
21.304          1.0092
21.823          0.83124
22.343          0.77747
22.862          0.81743
23.382          0.97632
23.902          1.2319
24.421          1.3048
24.941          1.0824
25.460          0.86765
25.980          0.78303
26.500          0.79622
27.019          0.91654
27.539          1.1603
28.059          1.3203
28.578          1.1595
29.098          0.91593
29.617          0.79604
30.137          0.78313
30.657          0.86812
31.176          1.0832
31.696          1.3051
32.215          1.2311
32.735          0.97560
33.255          0.81715
33.774          0.77749
34.294          0.83158
34.813          1.0100
35.333          1.2620
35.853          1.2862
36.372          1.0449
36.892          0.84800
37.411          0.77932
37.931          0.80573
38.451          0.94510
38.970          1.1975
39.490          1.3163
40.009          1.1209
40.529          0.89030
41.049          0.78859
41.568          0.78873
42.088          0.89083
42.607          1.1218
43.127          1.3165
43.647          1.1967
44.166          0.94444
44.686          0.80550
45.205          0.77938
45.725          0.84840
46.245          1.0457
46.764          1.2867
47.284          1.2614
47.803          1.0092
48.323          0.83124
48.843          0.77747
49.362          0.81743
49.882          0.97632
50.401          1.2319
50.921          1.3048
51.441          1.0824
51.960          0.86765
52.480          0.78303
52.999          0.79622
