0.0000          1.2596
0.51960         1.0094
1.0392          0.82494
1.5588          0.77740
2.0784          0.84771
2.5980          1.0573
3.1176          1.2867
3.6372          1.2192
4.1568          0.96166
4.6764          0.80589
5.1960          0.78185
5.7156          0.87835
6.2352          1.1116
6.7548          1.3024
7.2744          1.1696
7.7940          0.91835
8.3136          0.79174
8.8332          0.79096
9.3528          0.91562
9.8724          1.1661
10.392          1.3029
10.912          1.1153
11.431          0.88066
11.951          0.78231
12.470          0.80478
12.990          0.95859
13.510          1.2161
14.029          1.2882
14.549          1.0609
15.068          0.84957
15.588          0.77755
16.108          0.82349
16.627          1.0060
17.147          1.2572
17.666          1.2596
18.186          1.0094
18.706          0.82494
19.225          0.77740
19.745          0.84771
20.264          1.0573
20.784          1.2867
21.304          1.2192
21.823          0.96166
22.343          0.80589
22.862          0.78185
23.382          0.87835
23.902          1.1116
24.421          1.3024
24.941          1.1696
25.460          0.91835
25.980          0.79174
26.500          0.79096
27.019          0.91562
27.539          1.1661
28.059          1.3029
28.578          1.1153
29.098          0.88066
29.617          0.78231
30.137          0.80478
30.657          0.95859
31.176          1.2161
31.696          1.2882
32.215          1.0609
32.735          0.84957
33.255          0.77755
33.774          0.82349
34.294          1.0060
34.813          1.2572
35.333          1.2596
35.853          1.0094
36.372          0.82494
36.892          0.77740
37.411          0.84771
37.931          1.0573
38.451          1.2867
38.970          1.2192
39.490          0.96166
40.009          0.80589
40.529          0.78185
41.049          0.87835
41.568          1.1116
42.088          1.3024
42.607          1.1696
43.127          0.91835
43.647          0.79174
44.166          0.79096
44.686          0.91562
45.205          1.1661
45.725          1.3029
46.245          1.1153
46.764          0.88066
47.284          0.78231
47.803          0.80478
48.323          0.95859
48.843          1.2161
49.362          1.2882
49.882          1.0609
50.401          0.84957
50.921          0.77755
51.441          0.82349
51.960          1.0060
52.480          1.2572
52.999          1.2596
