0.0000          0.79153
0.51960         0.78612
1.0392          0.88078
1.5588          1.1053
2.0784          1.3126
2.5980          1.2118
3.1176          0.95741
3.6372          0.81018
4.1568          0.77835
4.6764          0.84089
5.1960          1.0302
5.7156          1.2769
6.2352          1.2727
6.7548          1.0242
7.2744          0.83804
7.7940          0.77803
8.3136          0.81216
8.8332          0.96270
9.3528          1.2177
9.8724          1.3106
10.392          1.0987
10.912          0.87693
11.431          0.78517
11.951          0.79279
12.470          0.90522
12.990          1.1440
13.510          1.3196
14.029          1.1756
14.549          0.92775
15.068          0.79981
15.588          0.78131
16.108          0.85935
16.627          1.0671
17.147          1.2981
17.666          1.2446
18.186          0.98964
18.706          0.82284
19.225          0.77725
19.745          0.82523
20.264          0.99534
20.784          1.2497
21.304          1.2950
21.823          1.0607
22.343          0.85602
22.862          0.78068
23.382          0.80142
23.902          0.93259
24.421          1.1819
24.941          1.3189
25.460          1.1374
25.980          0.90086
26.500          0.79153
27.019          0.78612
27.539          0.88078
28.059          1.1053
28.578          1.3126
29.098          1.2118
29.617          0.95741
30.137          0.81018
30.657          0.77835
31.176          0.84089
31.696          1.0302
32.215          1.2769
32.735          1.2727
33.255          1.0242
33.774          0.83804
34.294          0.77803
34.813          0.81216
35.333          0.96270
35.853          1.2177
36.372          1.3106
36.892          1.0987
37.411          0.87693
37.931          0.78517
38.451          0.79279
38.970          0.90522
39.490          1.1440
40.009          1.3196
40.529          1.1756
41.049          0.92774
41.568          0.79981
42.088          0.78131
42.607          0.85935
43.127          1.0671
43.647          1.2981
44.166          1.2446
44.686          0.98964
45.205          0.82284
45.725          0.77725
46.245          0.82523
46.764          0.99534
47.284          1.2497
47.803          1.2950
48.323          1.0607
48.843          0.85602
49.362          0.78068
49.882          0.80142
50.401          0.93259
50.921          1.1819
51.441          1.3189
51.960          1.1374
52.480          0.90086
52.999          0.79153
