0.0000          0.78384
0.51960         0.80160
1.0392          0.94950
1.5588          1.2066
2.0784          1.2923
2.5980          1.0717
3.1176          0.85532
3.6372          0.77814
4.1568          0.81928
4.6764          0.99609
5.1960          1.2498
5.7156          1.2664
6.2352          1.0195
6.7548          0.82944
7.2744          0.77706
7.7940          0.84231
8.3136          1.0466
8.8332          1.2818
9.3528          1.2282
9.8724          0.97098
10.392          0.80933
10.912          0.78057
11.431          0.87160
11.951          1.1004
12.470          1.3004
12.990          1.1802
13.510          0.92671
14.029          0.79423
14.549          0.78874
15.068          0.90757
15.588          1.1552
16.108          1.3041
16.627          1.1264
17.147          0.88777
17.666          0.78384
18.186          0.80160
18.706          0.94950
19.225          1.2066
19.745          1.2923
20.264          1.0717
20.784          0.85532
21.304          0.77814
21.823          0.81928
22.343          0.99609
22.862          1.2498
23.382          1.2664
23.902          1.0195
24.421          0.82944
24.941          0.77706
25.460          0.84231
25.980          1.0466
26.500          1.2818
27.019          1.2282
27.539          0.97098
28.059          0.80933
28.578          0.78057
29.098          0.87160
29.617          1.1004
30.137          1.3004
30.657          1.1802
31.176          0.92671
31.696          0.79423
32.215          0.78874
32.735          0.90757
33.255          1.1552
33.774          1.3041
34.294          1.1264
34.813          0.88777
35.333          0.78384
35.853          0.80160
36.372          0.94950
36.892          1.2066
37.411          1.2923
37.931          1.0717
38.451          0.85532
38.970          0.77814
39.490          0.81928
40.009          0.99609
40.529          1.2498
41.049          1.2664
41.568          1.0195
42.088          0.82944
42.607          0.77706
43.127          0.84231
43.647          1.0466
44.166          1.2818
44.686          1.2282
45.205          0.97098
45.725          0.80933
46.245          0.78057
46.764          0.87160
47.284          1.1004
47.803          1.3004
48.323          1.1802
48.843          0.92671
49.362          0.79423
49.882          0.78874
50.401          0.90757
50.921          1.1552
51.441          1.3041
51.960          1.1264
52.480          0.88777
52.999          0.78384
