0.0000          1.2463
0.51960         1.2971
1.0392          1.0650
1.5588          0.85828
2.0784          0.78110
2.5980          0.80032
3.1176          0.92928
3.6372          1.1776
4.1568          1.3194
4.6764          1.1419
5.1960          0.90382
5.7156          0.79238
6.2352          0.78547
6.7548          0.87815
7.2744          1.1008
7.7940          1.3113
8.3136          1.2158
8.8332          0.96101
9.3528          0.81152
9.8724          0.77813
10.392          0.83894
10.912          1.0261
11.431          1.2740
11.951          1.2756
12.470          1.0283
12.990          0.83997
13.510          0.77824
14.029          0.81080
14.549          0.95909
15.068          1.2137
15.588          1.3120
16.108          1.1032
16.627          0.87955
17.147          0.78581
17.666          0.79192
18.186          0.90224
18.706          1.1395
19.225          1.3192
19.745          1.1799
20.264          0.93103
20.784          0.80090
21.304          0.78087
21.823          0.85707
22.343          1.0627
22.862          1.2960
23.382          1.2481
23.902          0.99352
24.421          0.82446
24.941          0.77725
25.460          0.82360
25.980          0.99145
26.500          1.2463
27.019          1.2971
27.539          1.0650
28.059          0.85828
28.578          0.78110
29.098          0.80032
29.617          0.92928
30.137          1.1776
30.657          1.3194
31.176          1.1419
31.696          0.90382
32.215          0.79238
32.735          0.78547
33.255          0.87815
33.774          1.1008
34.294          1.3113
34.813          1.2158
35.333          0.96101
35.853          0.81152
36.372          0.77813
36.892          0.83894
37.411          1.0261
37.931          1.2740
38.451          1.2756
38.970          1.0283
39.490          0.83997
40.009          0.77824
40.529          0.81080
41.049          0.95909
41.568          1.2137
42.088          1.3120
42.607          1.1032
43.127          0.87955
43.647          0.78581
44.166          0.79192
44.686          0.90224
45.205          1.1395
45.725          1.3192
46.245          1.1799
46.764          0.93103
47.284          0.80090
47.803          0.78087
48.323          0.85707
48.843          1.0627
49.362          1.2960
49.882          1.2481
50.401          0.99352
50.921          0.82446
51.441          0.77725
51.960          0.82360
52.480          0.99145
52.999          1.2463
