0.0000          0.82787
0.51960         0.77731
1.0392          0.82037
1.5588          0.98362
2.0784          1.2390
2.5980          1.3013
3.1176          1.0739
3.6372          0.86301
4.1568          0.78204
4.6764          0.79816
5.1960          0.92266
5.7156          1.1688
6.2352          1.3201
6.7548          1.1509
7.2744          0.90996
7.7940          0.79421
8.3136          0.78422
8.8332          0.87292
9.3528          1.0918
9.8724          1.3083
10.392          1.2238
10.912          0.96843
11.431          0.81435
11.951          0.77775
12.470          0.83509
12.990          1.0178
13.510          1.2680
14.029          1.2812
14.549          1.0368
15.068          0.84402
15.588          0.77875
16.108          0.80814
16.627          0.95184
17.147          1.2055
17.666          1.3144
18.186          1.1123
18.706          0.88498
19.225          0.78719
19.745          0.79023
20.264          0.89631
20.784          1.1304
21.304          1.3180
21.823          1.1886
22.343          0.93784
22.862          0.80320
23.382          0.78006
23.902          0.85255
24.421          1.0540
24.941          1.2914
25.460          1.2551
25.980          1.0015
26.500          0.82787
27.019          0.77731
27.539          0.82037
28.059          0.98362
28.578          1.2390
29.098          1.3013
29.617          1.0739
30.137          0.86301
30.657          0.78204
31.176          0.79816
31.696          0.92266
32.215          1.1688
32.735          1.3201
33.255          1.1509
33.774          0.90996
34.294          0.79421
34.813          0.78422
35.333          0.87292
35.853          1.0918
36.372          1.3083
36.892          1.2238
37.411          0.96843
37.931          0.81435
38.451          0.77775
38.970          0.83509
39.490          1.0178
40.009          1.2680
40.529          1.2812
41.049          1.0368
41.568          0.84402
42.088          0.77875
42.607          0.80814
43.127          0.95184
43.647          1.2055
44.166          1.3144
44.686          1.1123
45.205          0.88498
45.725          0.78719
46.245          0.79023
46.764          0.89631
47.284          1.1304
47.803          1.3180
48.323          1.1886
48.843          0.93784
49.362          0.80320
49.882          0.78006
50.401          0.85255
50.921          1.0540
51.441          1.2914
51.960          1.2551
52.480          1.0015
52.999          0.82787
