0.0000          0.89318
0.51960         1.1346
1.0392          1.3045
1.5588          1.1472
2.0784          0.90181
2.5980          0.78722
3.1176          0.79617
3.6372          0.93299
4.1568          1.1878
4.6764          1.2985
5.1960          1.0923
5.7156          0.86682
6.2352          0.77976
6.7548          0.81200
7.2744          0.97795
7.7940          1.2346
8.3136          1.2778
8.8332          1.0389
9.3528          0.83851
9.8724          0.77693
10.392          0.83290
10.912          1.0270
11.431          1.2711
11.951          1.2440
12.470          0.98890
12.990          0.81633
13.510          0.77870
14.029          0.85972
14.549          1.0798
15.068          1.2950
15.588          1.1993
16.108          0.94293
16.627          0.79939
17.147          0.78509
17.666          0.89318
18.186          1.1346
18.706          1.3045
19.225          1.1472
19.745          0.90181
20.264          0.78722
20.784          0.79617
21.304          0.93300
21.823          1.1878
22.343          1.2985
22.862          1.0923
23.382          0.86682
23.902          0.77976
24.421          0.81200
24.941          0.97795
25.460          1.2346
25.980          1.2778
26.500          1.0389
27.019          0.83851
27.539          0.77693
28.059          0.83290
28.578          1.0270
29.098          1.2711
29.617          1.2440
30.137          0.98890
30.657          0.81633
31.176          0.77870
31.696          0.85972
32.215          1.0797
32.735          1.2950
33.255          1.1993
33.774          0.94293
34.294          0.79939
34.813          0.78509
35.333          0.89318
35.853          1.1346
36.372          1.3045
36.892          1.1472
37.411          0.90181
37.931          0.78722
38.451          0.79617
38.970          0.93299
39.490          1.1878
40.009          1.2985
40.529          1.0923
41.049          0.86682
41.568          0.77976
42.088          0.81199
42.607          0.97795
43.127          1.2346
43.647          1.2778
44.166          1.0389
44.686          0.83851
45.205          0.77693
45.725          0.83290
46.245          1.0270
46.764          1.2711
47.284          1.2440
47.803          0.98890
48.323          0.81633
48.843          0.77870
49.362          0.85972
49.882          1.0797
50.401          1.2950
50.921          1.1993
51.441          0.94293
51.960          0.79939
52.480          0.78509
52.999          0.89318
