0.0000          0.80551
0.51960         0.94447
1.0392          1.1967
1.5588          1.3165
2.0784          1.1218
2.5980          0.89081
3.1176          0.78872
3.6372          0.78859
4.1568          0.89032
4.6764          1.1210
5.1960          1.3163
5.7156          1.1975
6.2352          0.94507
6.7548          0.80572
7.2744          0.77932
7.7940          0.84802
8.3136          1.0450
8.8332          1.2863
9.3528          1.2620
9.8724          1.0099
10.392          0.83156
10.912          0.77749
11.431          0.81716
11.951          0.97563
12.470          1.2312
12.990          1.3051
13.510          1.0832
14.029          0.86810
14.549          0.78313
15.068          0.79604
15.588          0.91596
16.108          1.1595
16.627          1.3203
17.147          1.1603
17.666          0.91651
18.186          0.79622
18.706          0.78303
19.225          0.86767
19.745          1.0824
20.264          1.3048
20.784          1.2318
21.304          0.97629
21.823          0.81742
22.343          0.77747
22.862          0.83125
23.382          1.0092
23.902          1.2614
24.421          1.2867
24.941          1.0457
25.460          0.84839
25.980          0.77938
26.500          0.80551
27.019          0.94447
27.539          1.1967
28.059          1.3165
28.578          1.1218
29.098          0.89081
29.617          0.78872
30.137          0.78859
30.657          0.89032
31.176          1.1210
31.696          1.3163
32.215          1.1975
32.735          0.94507
33.255          0.80572
33.774          0.77932
34.294          0.84802
34.813          1.0450
35.333          1.2863
35.853          1.2620
36.372          1.0099
36.892          0.83156
37.411          0.77749
37.931          0.81716
38.451          0.97563
38.970          1.2312
39.490          1.3051
40.009          1.0832
40.529          0.86810
41.049          0.78313
41.568          0.79604
42.088          0.91596
42.607          1.1595
43.127          1.3203
43.647          1.1603
44.166          0.91651
44.686          0.79622
45.205          0.78303
45.725          0.86767
46.245          1.0824
46.764          1.3048
47.284          1.2318
47.803          0.97629
48.323          0.81742
48.843          0.77747
49.362          0.83125
49.882          1.0092
50.401          1.2614
50.921          1.2867
51.441          1.0457
51.960          0.84839
52.480          0.77938
52.999          0.80551
