0.0000          0.96041
0.51960         1.2179
1.0392          1.2873
1.5588          1.0587
2.0784          0.84846
2.5980          0.77746
3.1176          0.82435
3.6372          1.0080
4.1568          1.2587
4.6764          1.2582
5.1960          1.0074
5.7156          0.82407
6.2352          0.77749
6.7548          0.84881
7.2744          1.0594
7.7940          1.2876
8.3136          1.2174
8.8332          0.95983
9.3528          0.80523
9.8724          0.78212
10.392          0.87972
10.912          1.1138
11.431          1.3027
11.951          1.1675
12.470          0.91672
12.990          0.79128
13.510          0.79142
14.029          0.91724
14.549          1.1682
15.068          1.3026
15.588          1.1131
16.108          0.87928
16.627          0.78203
17.147          0.80544
17.666          0.96041
18.186          1.2179
18.706          1.2873
19.225          1.0587
19.745          0.84846
20.264          0.77746
20.784          0.82435
21.304          1.0080
21.823          1.2587
22.343          1.2582
22.862          1.0074
23.382          0.82407
23.902          0.77749
24.421          0.84881
24.941          1.0594
25.460          1.2876
25.980          1.2173
26.500          0.95983
27.019          0.80523
27.539          0.78212
28.059          0.87972
28.578          1.1138
29.098          1.3027
29.617          1.1675
30.137          0.91672
30.657          0.79128
31.176          0.79142
31.696          0.91724
32.215          1.1682
32.735          1.3026
33.255          1.1131
33.774          0.87928
34.294          0.78203
34.813          0.80544
35.333          0.96041
35.853          1.2179
36.372          1.2873
36.892          1.0587
37.411          0.84846
37.931          0.77746
38.451          0.82435
38.970          1.0080
39.490          1.2587
40.009          1.2582
40.529          1.0074
41.049          0.82407
41.568          0.77749
42.088          0.84881
42.607          1.0594
43.127          1.2876
43.647          1.2173
44.166          0.95983
44.686          0.80523
45.205          0.78212
45.725          0.87972
46.245          1.1138
46.764          1.3027
47.284          1.1675
47.803          0.91672
48.323          0.79128
48.843          0.79142
49.362          0.91724
49.882          1.1682
50.401          1.3026
50.921          1.1131
51.441          0.87928
51.960          0.78203
52.480          0.80544
52.999          0.96041
