0.0000          0.80490
0.51960         0.94274
1.0392          1.1946
1.5588          1.3169
2.0784          1.1240
2.5980          0.89222
3.1176          0.78911
3.6372          0.78822
4.1568          0.88892
4.6764          1.1187
5.1960          1.3159
5.7156          1.1996
6.2352          0.94681
6.7548          0.80633
7.2744          0.77917
7.7940          0.84697
8.3136          1.0428
8.8332          1.2850
9.3528          1.2635
9.8724          1.0119
10.392          0.83246
10.912          0.77755
11.431          0.81642
11.951          0.97376
12.470          1.2293
12.990          1.3060
13.510          1.0854
14.029          0.86933
14.549          0.78340
15.068          0.79556
15.588          0.91439
16.108          1.1573
16.627          1.3202
17.147          1.1625
17.666          0.91809
18.186          0.79671
18.706          0.78277
19.225          0.86645
19.745          1.0802
20.264          1.3039
20.784          1.2337
21.304          0.97817
21.823          0.81817
22.343          0.77742
22.862          0.83036
23.382          1.0072
23.902          1.2598
24.421          1.2880
24.941          1.0478
25.460          0.84945
25.980          0.77955
26.500          0.80490
27.019          0.94274
27.539          1.1946
28.059          1.3169
28.578          1.1240
29.098          0.89222
29.617          0.78911
30.137          0.78822
30.657          0.88892
31.176          1.1187
31.696          1.3159
32.215          1.1996
32.735          0.94681
33.255          0.80633
33.774          0.77917
34.294          0.84697
34.813          1.0428
35.333          1.2850
35.853          1.2635
36.372          1.0119
36.892          0.83246
37.411          0.77755
37.931          0.81642
38.451          0.97376
38.970          1.2293
39.490          1.3060
40.009          1.0854
40.529          0.86933
41.049          0.78340
41.568          0.79556
42.088          0.91439
42.607          1.1573
43.127          1.3202
43.647          1.1625
44.166          0.91809
44.686          0.79671
45.205          0.78277
45.725          0.86645
46.245          1.0802
46.764          1.3039
47.284          1.2337
47.803          0.97817
48.323          0.81817
48.843          0.77742
49.362          0.83036
49.882          1.0072
50.401          1.2598
50.921          1.2880
51.441          1.0478
51.960          0.84945
52.480          0.77955
52.999          0.80490
