0.0000          0.80403
0.51960         0.95646
1.0392          1.2139
1.5588          1.2892
2.0784          1.0634
2.5980          0.85088
3.1176          0.77767
3.6372          0.82249
4.1568          1.0037
4.6764          1.2556
5.1960          1.2612
5.7156          1.0117
6.2352          0.82596
6.7548          0.77730
7.2744          0.84643
7.7940          1.0548
8.3136          1.2856
8.8332          1.2213
9.3528          0.96381
9.8724          0.80667
10.392          0.78153
10.912          0.87675
11.431          1.1090
11.951          1.3020
12.470          1.1721
12.990          0.92028
13.510          0.79230
14.029          0.79043
14.549          0.91373
15.068          1.1636
15.588          1.3032
16.108          1.1179
16.627          0.88229
17.147          0.78265
17.666          0.80403
18.186          0.95646
18.706          1.2139
19.225          1.2892
19.745          1.0634
20.264          0.85088
20.784          0.77767
21.304          0.82249
21.823          1.0037
22.343          1.2556
22.862          1.2612
23.382          1.0117
23.902          0.82596
24.421          0.77730
24.941          0.84643
25.460          1.0548
25.980          1.2856
26.500          1.2213
27.019          0.96381
27.539          0.80667
28.059          0.78153
28.578          0.87675
29.098          1.1090
29.617          1.3020
30.137          1.1721
30.657          0.92028
31.176          0.79230
31.696          0.79043
32.215          0.91373
32.735          1.1636
33.255          1.3032
33.774          1.1179
34.294          0.88229
34.813          0.78265
35.333          0.80403
35.853          0.95646
36.372          1.2139
36.892          1.2892
37.411          1.0634
37.931          0.85088
38.451          0.77767
38.970          0.82249
39.490          1.0037
40.009          1.2556
40.529          1.2612
41.049          1.0117
41.568          0.82596
42.088          0.77730
42.607          0.84643
43.127          1.0548
43.647          1.2856
44.166          1.2213
44.686          0.96381
45.205          0.80667
45.725          0.78153
46.245          0.87675
46.764          1.1090
47.284          1.3020
47.803          1.1721
48.323          0.92028
48.843          0.79230
49.362          0.79043
49.882          0.91373
50.401          1.1636
50.921          1.3032
51.441          1.1179
51.960          0.88229
52.480          0.78265
52.999          0.80403
