0.0000          1.2385
0.51960         1.2752
1.0392          1.0340
1.5588          0.83619
2.0784          0.77690
2.5980          0.83515
3.1176          1.0318
3.6372          1.2739
4.1568          1.2402
4.6764          0.98442
5.1960          0.81453
5.7156          0.77910
6.2352          0.86256
6.7548          1.0848
7.2744          1.2966
7.7940          1.1947
8.3136          0.93886
8.8332          0.79805
9.3528          0.78593
9.8724          0.89665
10.392          1.1397
10.912          1.3046
11.431          1.1421
11.951          0.89826
12.470          0.78633
12.990          0.79745
13.510          0.93701
14.029          1.1926
14.549          1.2972
15.068          1.0872
15.588          0.86388
16.108          0.77930
16.627          0.81373
17.147          0.98238
17.666          1.2385
18.186          1.2752
18.706          1.0340
19.225          0.83619
19.745          0.77690
20.264          0.83515
20.784          1.0318
21.304          1.2739
21.823          1.2402
22.343          0.98442
22.862          0.81453
23.382          0.77910
23.902          0.86256
24.421          1.0848
24.941          1.2966
25.460          1.1947
25.980          0.93886
26.500          0.79805
27.019          0.78593
27.539          0.89665
28.059          1.1397
28.578          1.3046
29.098          1.1421
29.617          0.89826
30.137          0.78633
30.657          0.79745
31.176          0.93701
31.696          1.1926
32.215          1.2972
32.735          1.0872
33.255          0.86389
33.774          0.77930
34.294          0.81373
34.813          0.98238
35.333          1.2385
35.853          1.2752
36.372          1.0340
36.892          0.83619
37.411          0.77690
37.931          0.83515
38.451          1.0318
38.970          1.2739
39.490          1.2402
40.009          0.98442
40.529          0.81454
41.049          0.77910
41.568          0.86256
42.088          1.0848
42.607          1.2966
43.127          1.1947
43.647          0.93886
44.166          0.79805
44.686          0.78593
45.205          0.89665
45.725          1.1397
46.245          1.3046
46.764          1.1421
47.284          0.89826
47.803          0.78633
48.323          0.79745
48.843          0.93701
49.362          1.1926
49.882          1.2972
50.401          1.0872
50.921          0.86389
51.441          0.77930
51.960          0.81373
52.480          0.98238
52.999          1.2385
