0.0000          1.3021
0.51960         1.1712
1.0392          0.91953
1.5588          0.79209
2.0784          0.79063
2.5980          0.91446
3.1176          1.1645
3.6372          1.3031
4.1568          1.1169
4.6764          0.88166
5.1960          0.78252
5.7156          0.80432
6.2352          0.95728
6.7548          1.2148
7.2744          1.2888
7.7940          1.0624
8.3136          0.85037
8.8332          0.77763
9.3528          0.82287
9.8724          1.0046
10.392          1.2562
10.912          1.2606
11.431          1.0108
11.951          0.82556
12.470          0.77734
12.990          0.84692
13.510          1.0558
14.029          1.2860
14.549          1.2205
15.068          0.96297
15.588          0.80637
16.108          0.78165
16.627          0.87737
17.147          1.1100
17.666          1.3021
18.186          1.1712
18.706          0.91953
19.225          0.79209
19.745          0.79063
20.264          0.91446
20.784          1.1645
21.304          1.3031
21.823          1.1169
22.343          0.88165
22.862          0.78252
23.382          0.80432
23.902          0.95728
24.421          1.2148
24.941          1.2888
25.460          1.0624
25.980          0.85037
26.500          0.77763
27.019          0.82287
27.539          1.0046
28.059          1.2562
28.578          1.2606
29.098          1.0108
29.617          0.82556
30.137          0.77734
30.657          0.84693
31.176          1.0558
31.696          1.2860
32.215          1.2205
32.735          0.96297
33.255          0.80637
33.774          0.78165
34.294          0.87737
34.813          1.1100
35.333          1.3021
35.853          1.1712
36.372          0.91953
36.892          0.79209
37.411          0.79063
37.931          0.91446
38.451          1.1645
38.970          1.3031
39.490          1.1169
40.009          0.88165
40.529          0.78252
41.049          0.80432
41.568          0.95728
42.088          1.2148
42.607          1.2888
43.127          1.0624
43.647          0.85037
44.166          0.77763
44.686          0.82287
45.205          1.0046
45.725          1.2562
46.245          1.2606
46.764          1.0108
47.284          0.82556
47.803          0.77734
48.323          0.84693
48.843          1.0558
49.362          1.2860
49.882          1.2205
50.401          0.96297
50.921          0.80637
51.441          0.78165
51.960          0.87737
52.480          1.1100
52.999          1.3021
