0.0000          0.91305
0.51960         0.79024
1.0392          0.79251
1.5588          0.92097
2.0784          1.1730
2.5980          1.3018
3.1176          1.1080
3.6372          0.87618
4.1568          0.78142
4.6764          0.80695
5.1960          0.96459
5.7156          1.2221
6.2352          1.2852
6.7548          1.0539
7.2744          0.84598
7.7940          0.77727
8.3136          0.82633
8.8332          1.0125
9.3528          1.2618
9.8724          1.2549
10.392          1.0029
10.912          0.82213
11.431          0.77772
11.951          0.85136
12.470          1.0643
12.990          1.2896
13.510          1.2131
14.029          0.95569
14.549          0.80376
15.068          0.78278
15.588          0.88288
16.108          1.1188
16.627          1.3033
17.147          1.1627
17.666          0.91305
18.186          0.79024
18.706          0.79251
19.225          0.92097
19.745          1.1730
20.264          1.3018
20.784          1.1080
21.304          0.87618
21.823          0.78142
22.343          0.80695
22.862          0.96459
23.382          1.2221
23.902          1.2852
24.421          1.0539
24.941          0.84598
25.460          0.77727
25.980          0.82633
26.500          1.0125
27.019          1.2618
27.539          1.2549
28.059          1.0029
28.578          0.82213
29.098          0.77772
29.617          0.85135
30.137          1.0643
30.657          1.2896
31.176          1.2131
31.696          0.95569
32.215          0.80376
32.735          0.78278
33.255          0.88288
33.774          1.1188
34.294          1.3033
34.813          1.1627
35.333          0.91305
35.853          0.79024
36.372          0.79251
36.892          0.92097
37.411          1.1730
37.931          1.3018
38.451          1.1080
38.970          0.87618
39.490          0.78142
40.009          0.80695
40.529          0.96459
41.049          1.2221
41.568          1.2852
42.088          1.0539
42.607          0.84598
43.127          0.77727
43.647          0.82633
44.166          1.0125
44.686          1.2618
45.205          1.2549
45.725          1.0029
46.245          0.82213
46.764          0.77772
47.284          0.85136
47.803          1.0643
48.323          1.2896
48.843          1.2131
49.362          0.95569
49.882          0.80376
50.401          0.78278
50.921          0.88288
51.441          1.1188
51.960          1.3033
52.480          1.1627
52.999          0.91305
