0.0000          1.2679
0.51960         1.2481
1.0392          0.99392
1.5588          0.81838
2.0784          0.77830
2.5980          0.85663
3.1176          1.0741
3.6372          1.2932
4.1568          1.2044
4.6764          0.94751
5.1960          0.80092
5.7156          0.78421
6.2352          0.88939
6.7548          1.1289
7.2744          1.3042
7.7940          1.1528
8.3136          0.90582
8.8332          0.78827
9.3528          0.79480
9.8724          0.92859
10.392          1.1825
10.912          1.2999
11.431          1.0980
11.951          0.87014
12.470          0.78031
12.990          0.81012
13.510          0.97307
14.029          1.2302
14.549          1.2806
15.068          1.0443
15.588          0.84115
16.108          0.77701
16.627          0.83047
17.147          1.0218
17.666          1.2679
18.186          1.2481
18.706          0.99392
19.225          0.81838
19.745          0.77830
20.264          0.85663
20.784          1.0741
21.304          1.2932
21.823          1.2044
22.343          0.94751
22.862          0.80092
23.382          0.78421
23.902          0.88939
24.421          1.1289
24.941          1.3042
25.460          1.1528
25.980          0.90582
26.500          0.78827
27.019          0.79480
27.539          0.92859
28.059          1.1825
28.578          1.2999
29.098          1.0980
29.617          0.87014
30.137          0.78031
30.657          0.81012
31.176          0.97307
31.696          1.2302
32.215          1.2806
32.735          1.0443
33.255          0.84115
33.774          0.77701
34.294          0.83047
34.813          1.0218
35.333          1.2679
35.853          1.2481
36.372          0.99392
36.892          0.81838
37.411          0.77830
37.931          0.85663
38.451          1.0741
38.970          1.2932
39.490          1.2044
40.009          0.94751
40.529          0.80092
41.049          0.78421
41.568          0.88939
42.088          1.1289
42.607          1.3042
43.127          1.1528
43.647          0.90582
44.166          0.78827
44.686          0.79480
45.205          0.92859
45.725          1.1825
46.245          1.2999
46.764          1.0980
47.284          0.87014
47.803          0.78031
48.323          0.81012
48.843          0.97307
49.362          1.2302
49.882          1.2806
50.401          1.0443
50.921          0.84115
51.441          0.77701
51.960          0.83047
52.480          1.0218
52.999          1.2679
