0.0000          1.2996
0.51960         1.0966
1.0392          0.86935
1.5588          0.78018
2.0784          0.81056
2.5980          0.97423
3.1176          1.2312
3.6372          1.2800
4.1568          1.0430
4.6764          0.84052
5.1960          0.77699
5.7156          0.83104
6.2352          1.0230
6.7548          1.2687
7.2744          1.2471
7.7940          0.99272
8.3136          0.81789
8.8332          0.77839
9.3528          0.85735
9.8724          1.0755
10.392          1.2936
10.912          1.2032
11.431          0.94642
11.951          0.80055
12.470          0.78441
12.990          0.89028
13.510          1.1303
14.029          1.3043
14.549          1.1515
15.068          0.90486
15.588          0.78802
16.108          0.79512
16.627          0.92963
17.147          1.1838
17.666          1.2996
18.186          1.0966
18.706          0.86935
19.225          0.78018
19.745          0.81056
20.264          0.97423
20.784          1.2312
21.304          1.2800
21.823          1.0430
22.343          0.84052
22.862          0.77699
23.382          0.83104
23.902          1.0230
24.421          1.2687
24.941          1.2471
25.460          0.99272
25.980          0.81789
26.500          0.77839
27.019          0.85735
27.539          1.0755
28.059          1.2936
28.578          1.2032
29.098          0.94642
29.617          0.80055
30.137          0.78441
30.657          0.89028
31.176          1.1303
31.696          1.3043
32.215          1.1515
32.735          0.90486
33.255          0.78802
33.774          0.79512
34.294          0.92963
34.813          1.1838
35.333          1.2996
35.853          1.0966
36.372          0.86935
36.892          0.78018
37.411          0.81056
37.931          0.97423
38.451          1.2312
38.970          1.2800
39.490          1.0430
40.009          0.84052
40.529          0.77699
41.049          0.83104
41.568          1.0230
42.088          1.2687
42.607          1.2471
43.127          0.99272
43.647          0.81789
44.166          0.77839
44.686          0.85735
45.205          1.0755
45.725          1.2936
46.245          1.2032
46.764          0.94642
47.284          0.80055
47.803          0.78441
48.323          0.89028
48.843          1.1303
49.362          1.3043
49.882          1.1515
50.401          0.90486
50.921          0.78802
51.441          0.79512
51.960          0.92963
52.480          1.1838
52.999          1.2996
