0.0000          0.96508
0.51960         0.82219
1.0392          0.81480
1.5588          0.94208
2.0784          1.1672
2.5980          1.2413
3.1176          1.0496
3.6372          0.85939
4.1568          0.80252
4.6764          0.87788
5.1960          1.0821
5.7156          1.2499
6.2352          1.1378
6.7548          0.91659
7.2744          0.80823
7.7940          0.83341
8.3136          0.99449
8.8332          1.2126
9.3528          1.2109
9.8724          0.99200
10.392          0.83239
10.912          0.80868
11.431          0.91861
11.951          1.1403
12.470          1.2494
12.990          1.0794
13.510          0.87625
14.029          0.80244
14.549          0.86085
15.068          1.0523
15.588          1.2423
16.108          1.1648
16.627          0.93985
17.147          0.81416
17.666          0.82306
18.186          0.96752
18.706          1.1916
19.225          1.2283
19.745          1.0202
20.264          0.84475
20.784          0.80461
21.304          0.89724
21.823          1.1118
22.343          1.2523
22.862          1.1089
23.382          0.89527
23.902          0.80432
24.421          0.84607
24.941          1.0230
25.460          1.2298
25.980          1.1894
26.500          0.96497
27.019          0.82216
27.539          0.81484
28.059          0.94221
28.578          1.1673
29.098          1.2413
29.617          1.0494
30.137          0.85931
30.657          0.80253
31.176          0.87798
31.696          1.0822
32.215          1.2499
32.735          1.1376
33.255          0.91646
33.774          0.80819
34.294          0.83347
34.813          0.99464
35.333          1.2127
35.853          1.2108
36.372          0.99185
36.892          0.83233
37.411          0.80869
37.931          0.91870
38.451          1.1404
38.970          1.2494
39.490          1.0792
40.009          0.87617
40.529          0.80241
41.049          0.86087
41.568          1.0524
42.088          1.2423
42.607          1.1648
43.127          0.93980
43.647          0.81413
44.166          0.82305
44.686          0.96752
45.205          1.1917
45.725          1.2283
46.245          1.0202
46.764          0.84474
47.284          0.80459
47.803          0.89719
48.323          1.1117
48.843          1.2523
49.362          1.1090
49.882          0.89531
50.401          0.80431
50.921          0.84600
51.441          1.0229
51.960          1.2297
52.480          1.1895
52.999          0.96508
