0.0000          0.77775
0.51960         0.82194
1.0392          1.0024
1.5588          1.2546
2.0784          1.2621
2.5980          1.0130
3.1176          0.82653
3.6372          0.77726
4.1568          0.84573
4.6764          1.0534
5.1960          1.2850
5.7156          1.2225
6.2352          0.96500
6.7548          0.80711
7.2744          0.78136
7.7940          0.87588
8.3136          1.1076
8.8332          1.3017
9.3528          1.1735
9.8724          0.92134
10.392          0.79262
10.912          0.79014
11.431          0.91269
11.951          1.1622
12.470          1.3034
12.990          1.1193
13.510          0.88319
14.029          0.78284
14.549          0.80361
15.068          0.95529
15.588          1.2127
16.108          1.2898
16.627          1.0648
17.147          0.85161
17.666          0.77775
18.186          0.82194
18.706          1.0024
19.225          1.2546
19.745          1.2621
20.264          1.0130
20.784          0.82653
21.304          0.77726
21.823          0.84573
22.343          1.0534
22.862          1.2850
23.382          1.2225
23.902          0.96500
24.421          0.80711
24.941          0.78136
25.460          0.87588
25.980          1.1076
26.500          1.3017
27.019          1.1735
27.539          0.92134
28.059          0.79262
28.578          0.79014
29.098          0.91269
29.617          1.1622
30.137          1.3034
30.657          1.1193
31.176          0.88319
31.696          0.78284
32.215          0.80361
32.735          0.95529
33.255          1.2127
33.774          1.2898
34.294          1.0648
34.813          0.85161
35.333          0.77775
35.853          0.82194
36.372          1.0024
36.892          1.2546
37.411          1.2621
37.931          1.0130
38.451          0.82653
38.970          0.77726
39.490          0.84573
40.009          1.0534
40.529          1.2850
41.049          1.2225
41.568          0.96500
42.088          0.80711
42.607          0.78136
43.127          0.87588
43.647          1.1076
44.166          1.3017
44.686          1.1735
45.205          0.92134
45.725          0.79262
46.245          0.79014
46.764          0.91269
47.284          1.1622
47.803          1.3034
48.323          1.1193
48.843          0.88319
49.362          0.78284
49.882          0.80361
50.401          0.95529
50.921          1.2127
51.441          1.2898
51.960          1.0648
52.480          0.85161
52.999          0.77775
