0.0000          0.89629
0.51960         0.79023
1.0392          0.78719
1.5588          0.88500
2.0784          1.1123
2.5980          1.3144
3.1176          1.2054
3.6372          0.95182
4.1568          0.80813
4.6764          0.77875
5.1960          0.84403
5.7156          1.0368
6.2352          1.2812
6.7548          1.2680
7.2744          1.0177
7.7940          0.83508
8.3136          0.77775
8.8332          0.81436
9.3528          0.96846
9.8724          1.2238
10.392          1.3083
10.912          1.0918
11.431          0.87291
11.951          0.78422
12.470          0.79421
12.990          0.90998
13.510          1.1510
14.029          1.3201
14.549          1.1688
15.068          0.92264
15.588          0.79816
16.108          0.78205
16.627          0.86303
17.147          1.0739
17.666          1.3013
18.186          1.2390
18.706          0.98360
19.225          0.82036
19.745          0.77731
20.264          0.82788
20.784          1.0015
21.304          1.2551
21.823          1.2914
22.343          1.0539
22.862          0.85253
23.382          0.78006
23.902          0.80321
24.421          0.93786
24.941          1.1886
25.460          1.3180
25.980          1.1304
26.500          0.89629
27.019          0.79023
27.539          0.78719
28.059          0.88500
28.578          1.1123
29.098          1.3144
29.617          1.2054
30.137          0.95182
30.657          0.80813
31.176          0.77875
31.696          0.84403
32.215          1.0368
32.735          1.2812
33.255          1.2680
33.774          1.0177
34.294          0.83508
34.813          0.77775
35.333          0.81436
35.853          0.96846
36.372          1.2238
36.892          1.3083
37.411          1.0918
37.931          0.87291
38.451          0.78422
38.970          0.79421
39.490          0.90998
40.009          1.1510
40.529          1.3201
41.049          1.1688
41.568          0.92264
42.088          0.79816
42.607          0.78205
43.127          0.86303
43.647          1.0739
44.166          1.3013
44.686          1.2390
45.205          0.98360
45.725          0.82036
46.245          0.77731
46.764          0.82788
47.284          1.0015
47.803          1.2551
48.323          1.2914
48.843          1.0539
49.362          0.85253
49.882          0.78006
50.401          0.80321
50.921          0.93786
51.441          1.1886
51.960          1.3180
52.480          1.1304
52.999          0.89629
