0.0000          0.86915
0.51960         1.0963
1.0392          1.2995
1.5588          1.1841
2.0784          0.92989
2.5980          0.79520
3.1176          0.78795
3.6372          0.90462
4.1568          1.1511
4.6764          1.3043
5.1960          1.1306
5.7156          0.89050
6.2352          0.78446
6.7548          0.80046
7.2744          0.94614
7.7940          1.2029
8.3136          1.2938
8.8332          1.0758
9.3528          0.85754
9.8724          0.77841
10.392          0.81777
10.912          0.99242
11.431          1.2469
11.951          1.2688
12.470          1.0233
12.990          0.83118
13.510          0.77698
14.029          0.84036
14.549          1.0427
15.068          1.2798
15.588          1.2315
16.108          0.97452
16.627          0.81067
17.147          0.78014
17.666          0.86915
18.186          1.0963
18.706          1.2995
19.225          1.1841
19.745          0.92989
20.264          0.79520
20.784          0.78795
21.304          0.90462
21.823          1.1511
22.343          1.3043
22.862          1.1306
23.382          0.89050
23.902          0.78446
24.421          0.80046
24.941          0.94614
25.460          1.2029
25.980          1.2938
26.500          1.0758
27.019          0.85754
27.539          0.77841
28.059          0.81777
28.578          0.99242
29.098          1.2469
29.617          1.2688
30.137          1.0233
30.657          0.83119
31.176          0.77698
31.696          0.84036
32.215          1.0427
32.735          1.2798
33.255          1.2315
33.774          0.97452
34.294          0.81067
34.813          0.78014
35.333          0.86915
35.853          1.0963
36.372          1.2995
36.892          1.1841
37.411          0.92989
37.931          0.79520
38.451          0.78795
38.970          0.90462
39.490          1.1511
40.009          1.3043
40.529          1.1306
41.049          0.89050
41.568          0.78446
42.088          0.80046
42.607          0.94614
43.127          1.2029
43.647          1.2938
44.166          1.0758
44.686          0.85754
45.205          0.77841
45.725          0.81777
46.245          0.99242
46.764          1.2469
47.284          1.2688
47.803          1.0233
48.323          0.83119
48.843          0.77698
49.362          0.84036
49.882          1.0427
50.401          1.2798
50.921          1.2315
51.441          0.97452
51.960          0.81067
52.480          0.78014
52.999          0.86915
