0.0000          0.81040
0.51960         0.78023
1.0392          0.86965
1.5588          1.0971
2.0784          1.2997
2.5980          1.1833
3.1176          0.92924
3.6372          0.79500
4.1568          0.78811
4.6764          0.90523
5.1960          1.1520
5.7156          1.3043
6.2352          1.1297
6.7548          0.88994
7.2744          0.78433
7.7940          0.80069
8.3136          0.94683
8.8332          1.2037
9.3528          1.2935
9.8724          1.0750
10.392          0.85708
10.912          0.77836
11.431          0.81808
11.951          0.99317
12.470          1.2475
12.990          1.2684
13.510          1.0225
14.029          0.83082
14.549          0.77700
15.068          0.84076
15.588          1.0435
16.108          1.2802
16.627          1.2308
17.147          0.97379
17.666          0.81040
18.186          0.78023
18.706          0.86965
19.225          1.0971
19.745          1.2997
20.264          1.1833
20.784          0.92924
21.304          0.79500
21.823          0.78811
22.343          0.90523
22.862          1.1520
23.382          1.3043
23.902          1.1297
24.421          0.88994
24.941          0.78433
25.460          0.80069
25.980          0.94683
26.500          1.2037
27.019          1.2935
27.539          1.0750
28.059          0.85708
28.578          0.77836
29.098          0.81808
29.617          0.99317
30.137          1.2475
30.657          1.2684
31.176          1.0225
31.696          0.83082
32.215          0.77700
32.735          0.84076
33.255          1.0435
33.774          1.2802
34.294          1.2308
34.813          0.97379
35.333          0.81040
35.853          0.78023
36.372          0.86965
36.892          1.0971
37.411          1.2997
37.931          1.1833
38.451          0.92924
38.970          0.79500
39.490          0.78811
40.009          0.90523
40.529          1.1520
41.049          1.3043
41.568          1.1297
42.088          0.88994
42.607          0.78433
43.127          0.80069
43.647          0.94683
44.166          1.2037
44.686          1.2935
45.205          1.0750
45.725          0.85708
46.245          0.77836
46.764          0.81808
47.284          0.99317
47.803          1.2475
48.323          1.2684
48.843          1.0225
49.362          0.83082
49.882          0.77700
50.401          0.84076
50.921          1.0435
51.441          1.2802
51.960          1.2308
52.480          0.97379
52.999          0.81040
