0.0000          0.81735
0.51960         0.99141
1.0392          1.2461
1.5588          1.2695
2.0784          1.0244
2.5980          0.83168
3.1176          0.77697
3.6372          0.83983
4.1568          1.0416
4.6764          1.2792
5.1960          1.2324
5.7156          0.97550
6.2352          0.81105
6.7548          0.78003
7.2744          0.86847
7.7940          1.0951
8.3136          1.2992
8.8332          1.1852
9.3528          0.93078
9.8724          0.79548
10.392          0.78774
10.912          0.90381
11.431          1.1500
11.951          1.3044
12.470          1.1318
12.990          0.89127
13.510          0.78464
14.029          0.80015
14.549          0.94522
15.068          1.2019
15.588          1.2941
16.108          1.0769
16.627          0.85816
17.147          0.77849
17.666          0.81735
18.186          0.99141
18.706          1.2461
19.225          1.2695
19.745          1.0244
20.264          0.83168
20.784          0.77697
21.304          0.83983
21.823          1.0416
22.343          1.2792
22.862          1.2324
23.382          0.97550
23.902          0.81105
24.421          0.78003
24.941          0.86847
25.460          1.0951
25.980          1.2992
26.500          1.1852
27.019          0.93078
27.539          0.79548
28.059          0.78774
28.578          0.90381
29.098          1.1500
29.617          1.3044
30.137          1.1318
30.657          0.89127
31.176          0.78464
31.696          0.80015
32.215          0.94522
32.735          1.2019
33.255          1.2941
33.774          1.0769
34.294          0.85816
34.813          0.77849
35.333          0.81735
35.853          0.99141
36.372          1.2461
36.892          1.2695
37.411          1.0244
37.931          0.83168
38.451          0.77697
38.970          0.83983
39.490          1.0416
40.009          1.2792
40.529          1.2324
41.049          0.97550
41.568          0.81105
42.088          0.78003
42.607          0.86847
43.127          1.0951
43.647          1.2992
44.166          1.1852
44.686          0.93078
45.205          0.79548
45.725          0.78774
46.245          0.90381
46.764          1.1500
47.284          1.3044
47.803          1.1318
48.323          0.89127
48.843          0.78464
49.362          0.80015
49.882          0.94522
50.401          1.2019
50.921          1.2941
51.441          1.0769
51.960          0.85816
52.480          0.77849
52.999          0.81735
