0.0000          0.97541
0.51960         1.2309
1.0392          1.3052
1.5588          1.0835
2.0784          0.86824
2.5980          0.78316
3.1176          0.79599
3.6372          0.91577
4.1568          1.1593
4.6764          1.3203
5.1960          1.1606
5.7156          0.91670
6.2352          0.79627
6.7548          0.78300
7.2744          0.86752
7.7940          1.0822
8.3136          1.3047
8.8332          1.2320
9.3528          0.97651
9.8724          0.81751
10.392          0.77747
10.912          0.83114
11.431          1.0090
11.951          1.2612
12.470          1.2869
12.990          1.0460
13.510          0.84851
14.029          0.77940
14.549          0.80543
15.068          0.94426
15.588          1.1965
16.108          1.3165
16.627          1.1220
17.147          0.89098
17.666          0.78877
18.186          0.78855
18.706          0.89015
19.225          1.1207
19.745          1.3163
20.264          1.1977
20.784          0.94528
21.304          0.80579
21.823          0.77931
22.343          0.84789
22.862          1.0447
23.382          1.2861
23.902          1.2621
24.421          1.0102
24.941          0.83167
25.460          0.77750
25.980          0.81707
26.500          0.97541
27.019          1.2309
27.539          1.3052
28.059          1.0835
28.578          0.86824
29.098          0.78316
29.617          0.79599
30.137          0.91577
30.657          1.1593
31.176          1.3203
31.696          1.1606
32.215          0.91670
32.735          0.79627
33.255          0.78300
33.774          0.86752
34.294          1.0822
34.813          1.3047
35.333          1.2320
35.853          0.97651
36.372          0.81751
36.892          0.77747
37.411          0.83114
37.931          1.0090
38.451          1.2612
38.970          1.2869
39.490          1.0460
40.009          0.84851
40.529          0.77940
41.049          0.80543
41.568          0.94426
42.088          1.1965
42.607          1.3165
43.127          1.1220
43.647          0.89098
44.166          0.78877
44.686          0.78855
45.205          0.89015
45.725          1.1207
46.245          1.3163
46.764          1.1977
47.284          0.94528
47.803          0.80579
48.323          0.77931
48.843          0.84789
49.362          1.0447
49.882          1.2861
50.401          1.2621
50.921          1.0102
51.441          0.83167
51.960          0.77750
52.480          0.81707
52.999          0.97541
