0.0000          1.0349
0.51960         0.84312
1.0392          0.77863
1.5588          0.80871
2.0784          0.95342
2.5980          1.2073
3.1176          1.3139
3.6372          1.1103
4.1568          0.88378
4.6764          0.78688
5.1960          0.79060
5.7156          0.89759
6.2352          1.1324
6.7548          1.3183
7.2744          1.1867
7.7940          0.93634
8.3136          0.80269
8.8332          0.78023
9.3528          0.85352
9.8724          1.0559
10.392          1.2924
10.912          1.2536
11.431          0.99974
11.951          0.82711
12.470          0.77729
12.990          0.82106
13.510          0.98533
14.029          1.2406
14.549          1.3004
15.068          1.0720
15.588          0.86196
16.108          0.78183
16.627          0.79863
17.147          0.92410
17.666          1.1707
18.186          1.3200
18.706          1.1490
19.225          0.90860
19.745          0.79380
20.264          0.78448
20.784          0.87405
21.304          1.0938
21.823          1.3090
22.343          1.2220
22.862          0.96679
23.382          0.81372
23.902          0.77783
24.421          0.83592
24.941          1.0196
25.460          1.2694
25.980          1.2800
26.500          1.0349
27.019          0.84312
27.539          0.77863
28.059          0.80871
28.578          0.95342
29.098          1.2073
29.617          1.3139
30.137          1.1103
30.657          0.88378
31.176          0.78688
31.696          0.79060
32.215          0.89759
32.735          1.1324
33.255          1.3183
33.774          1.1867
34.294          0.93634
34.813          0.80269
35.333          0.78023
35.853          0.85352
36.372          1.0559
36.892          1.2924
37.411          1.2536
37.931          0.99974
38.451          0.82711
38.970          0.77729
39.490          0.82106
40.009          0.98533
40.529          1.2406
41.049          1.3004
41.568          1.0720
42.088          0.86196
42.607          0.78183
43.127          0.79863
43.647          0.92410
44.166          1.1707
44.686          1.3200
45.205          1.1490
45.725          0.90860
46.245          0.79380
46.764          0.78448
47.284          0.87405
47.803          1.0938
48.323          1.3090
48.843          1.2220
49.362          0.96679
49.882          0.81372
50.401          0.77783
50.921          0.83592
51.441          1.0196
51.960          1.2694
52.480          1.2800
52.999          1.0349
