0.0000          1.2974
0.51960         1.1918
1.0392          0.93639
1.5588          0.79725
2.0784          0.78646
2.5980          0.89880
3.1176          1.1429
3.6372          1.3046
4.1568          1.1390
4.6764          0.89611
5.1960          0.78580
5.7156          0.79825
6.2352          0.93948
6.7548          1.1954
7.2744          1.2963
7.7940          1.0841
8.3136          0.86212
8.8332          0.77903
9.3528          0.81481
9.8724          0.98510
10.392          1.2408
10.912          1.2735
11.431          1.0311
11.951          0.83480
12.470          0.77691
12.990          0.83654
13.510          1.0348
14.029          1.2756
14.549          1.2379
15.068          0.98170
15.588          0.81346
16.108          0.77936
16.627          0.86433
17.147          1.0880
17.666          1.2974
18.186          1.1918
18.706          0.93639
19.225          0.79725
19.745          0.78646
20.264          0.89880
20.784          1.1429
21.304          1.3046
21.823          1.1390
22.343          0.89611
22.862          0.78580
23.382          0.79825
23.902          0.93948
24.421          1.1954
24.941          1.2963
25.460          1.0841
25.980          0.86212
26.500          0.77903
27.019          0.81481
27.539          0.98510
28.059          1.2408
28.578          1.2735
29.098          1.0311
29.617          0.83480
30.137          0.77691
30.657          0.83654
31.176          1.0348
31.696          1.2756
32.215          1.2379
32.735          0.98170
33.255          0.81346
33.774          0.77936
34.294          0.86433
34.813          1.0880
35.333          1.2974
35.853          1.1918
36.372          0.93639
36.892          0.79725
37.411          0.78646
37.931          0.89880
38.451          1.1429
38.970          1.3046
39.490          1.1390
40.009          0.89611
40.529          0.78580
41.049          0.79825
41.568          0.93948
42.088          1.1954
42.607          1.2963
43.127          1.0841
43.647          0.86212
44.166          0.77903
44.686          0.81481
45.205          0.98510
45.725          1.2408
46.245          1.2735
46.764          1.0311
47.284          0.83480
47.803          0.77691
48.323          0.83654
48.843          1.0348
49.362          1.2756
49.882          1.2379
50.401          0.98170
50.921          0.81346
51.441          0.77936
51.960          0.86433
52.480          1.0880
52.999          1.2974
