0.0000          1.0563
0.51960         0.84720
1.0392          0.77736
1.5588          0.82534
2.0784          1.0103
2.5980          1.2603
3.1176          1.2566
3.6372          1.0051
4.1568          0.82309
4.6764          0.77760
5.1960          0.85008
5.7156          1.0619
6.2352          1.2886
6.7548          1.2152
7.2744          0.95774
7.7940          0.80448
8.3136          0.78245
8.8332          0.88130
9.3528          1.1163
9.8724          1.3030
10.392          1.1651
10.912          0.91487
11.431          0.79075
11.951          0.79196
12.470          0.91911
12.990          1.1706
13.510          1.3022
14.029          1.1105
14.549          0.87772
15.068          0.78172
15.588          0.80620
16.108          0.96251
16.627          1.2200
17.147          1.2862
17.666          1.0563
18.186          0.84720
18.706          0.77736
19.225          0.82534
19.745          1.0103
20.264          1.2603
20.784          1.2566
21.304          1.0051
21.823          0.82309
22.343          0.77760
22.862          0.85008
23.382          1.0619
23.902          1.2886
24.421          1.2152
24.941          0.95774
25.460          0.80448
25.980          0.78245
26.500          0.88130
27.019          1.1163
27.539          1.3030
28.059          1.1651
28.578          0.91487
29.098          0.79075
29.617          0.79196
30.137          0.91911
30.657          1.1706
31.176          1.3022
31.696          1.1105
32.215          0.87772
32.735          0.78172
33.255          0.80620
33.774          0.96251
34.294          1.2200
34.813          1.2862
35.333          1.0563
35.853          0.84720
36.372          0.77736
36.892          0.82534
37.411          1.0103
37.931          1.2603
38.451          1.2566
38.970          1.0051
39.490          0.82309
40.009          0.77760
40.529          0.85008
41.049          1.0619
41.568          1.2886
42.088          1.2152
42.607          0.95774
43.127          0.80448
43.647          0.78245
44.166          0.88130
44.686          1.1163
45.205          1.3030
45.725          1.1651
46.245          0.91487
46.764          0.79075
47.284          0.79196
47.803          0.91911
48.323          1.1706
48.843          1.3022
49.362          1.1105
49.882          0.87772
50.401          0.78172
50.921          0.80620
51.441          0.96251
51.960          1.2200
52.480          1.2862
52.999          1.0563
