0.0000          0.87552
0.51960         1.1070
1.0392          1.3016
1.5588          1.1740
2.0784          0.92179
2.5980          0.79275
3.1176          0.79002
3.6372          0.91226
4.1568          1.1616
4.6764          1.3035
5.1960          1.1199
5.7156          0.88357
6.2352          0.78292
6.7548          0.80344
7.2744          0.95480
7.7940          1.2122
8.3136          1.2900
8.8332          1.0653
9.3528          0.85191
9.8724          0.77778
10.392          0.82172
10.912          1.0019
11.431          1.2542
11.951          1.2625
12.470          1.0135
12.990          0.82677
13.510          0.77724
14.029          0.84544
14.549          1.0529
15.068          1.2847
15.588          1.2230
16.108          0.96550
16.627          0.80729
17.147          0.78129
17.666          0.87552
18.186          1.1070
18.706          1.3016
19.225          1.1741
19.745          0.92179
20.264          0.79275
20.784          0.79002
21.304          0.91226
21.823          1.1616
22.343          1.3035
22.862          1.1199
23.382          0.88357
23.902          0.78292
24.421          0.80344
24.941          0.95480
25.460          1.2122
25.980          1.2900
26.500          1.0653
27.019          0.85191
27.539          0.77778
28.059          0.82172
28.578          1.0019
29.098          1.2542
29.617          1.2625
30.137          1.0135
30.657          0.82677
31.176          0.77724
31.696          0.84544
32.215          1.0529
32.735          1.2847
33.255          1.2230
33.774          0.96550
34.294          0.80729
34.813          0.78129
35.333          0.87552
35.853          1.1070
36.372          1.3016
36.892          1.1740
37.411          0.92179
37.931          0.79275
38.451          0.79002
38.970          0.91226
39.490          1.1616
40.009          1.3035
40.529          1.1199
41.049          0.88357
41.568          0.78292
42.088          0.80344
42.607          0.95480
43.127          1.2122
43.647          1.2900
44.166          1.0653
44.686          0.85191
45.205          0.77778
45.725          0.82172
46.245          1.0019
46.764          1.2542
47.284          1.2625
47.803          1.0135
48.323          0.82677
48.843          0.77724
49.362          0.84544
49.882          1.0529
50.401          1.2847
50.921          1.2230
51.441          0.96550
51.960          0.80729
52.480          0.78129
52.999          0.87552
