0.0000          0.88118
0.51960         0.78242
1.0392          0.80454
1.5588          0.95790
2.0784          1.2154
2.5980          1.2885
3.1176          1.0617
3.6372          0.84998
4.1568          0.77759
4.6764          0.82317
5.1960          1.0053
5.7156          1.2567
6.2352          1.2601
6.7548          1.0101
7.2744          0.82526
7.7940          0.77737
8.3136          0.84730
8.8332          1.0565
9.3528          1.2863
9.8724          1.2199
10.392          0.96234
10.912          0.80614
11.431          0.78174
11.951          0.87784
12.470          1.1107
12.990          1.3023
13.510          1.1704
14.029          0.91897
14.549          0.79192
15.068          0.79079
15.588          0.91501
16.108          1.1653
16.627          1.3030
17.147          1.1161
17.666          0.88118
18.186          0.78242
18.706          0.80454
19.225          0.95790
19.745          1.2154
20.264          1.2885
20.784          1.0617
21.304          0.84998
21.823          0.77759
22.343          0.82317
22.862          1.0053
23.382          1.2567
23.902          1.2601
24.421          1.0101
24.941          0.82526
25.460          0.77737
25.980          0.84730
26.500          1.0565
27.019          1.2863
27.539          1.2199
28.059          0.96234
28.578          0.80614
29.098          0.78174
29.617          0.87784
30.137          1.1107
30.657          1.3023
31.176          1.1704
31.696          0.91897
32.215          0.79192
32.735          0.79079
33.255          0.91501
33.774          1.1653
34.294          1.3030
34.813          1.1161
35.333          0.88118
35.853          0.78242
36.372          0.80454
36.892          0.95790
37.411          1.2154
37.931          1.2885
38.451          1.0617
38.970          0.84998
39.490          0.77759
40.009          0.82317
40.529          1.0053
41.049          1.2567
41.568          1.2601
42.088          1.0101
42.607          0.82526
43.127          0.77737
43.647          0.84730
44.166          1.0565
44.686          1.2863
45.205          1.2199
45.725          0.96234
46.245          0.80614
46.764          0.78174
47.284          0.87784
47.803          1.1107
48.323          1.3023
48.843          1.1704
49.362          0.91897
49.882          0.79192
50.401          0.79079
50.921          0.91501
51.441          1.1653
51.960          1.3030
52.480          1.1161
52.999          0.88118
