0.0000          1.0773
0.51960         0.85839
1.0392          0.77852
1.5588          0.81720
2.0784          0.99104
2.5980          1.2458
3.1176          1.2697
3.6372          1.0248
4.1568          0.83186
4.6764          0.77696
5.1960          0.83963
5.7156          1.0412
6.2352          1.2790
6.7548          1.2327
7.2744          0.97586
7.7940          0.81119
8.3136          0.77999
8.8332          0.86823
9.3528          1.0947
9.8724          1.2991
10.392          1.1856
10.912          0.93111
11.431          0.79558
11.951          0.78766
12.470          0.90352
12.990          1.1496
13.510          1.3044
14.029          1.1322
14.549          0.89155
15.068          0.78471
15.588          0.80004
16.108          0.94488
16.627          1.2015
17.147          1.2943
17.666          1.0773
18.186          0.85839
18.706          0.77852
19.225          0.81720
19.745          0.99104
20.264          1.2458
20.784          1.2697
21.304          1.0248
21.823          0.83186
22.343          0.77696
22.862          0.83963
23.382          1.0412
23.902          1.2790
24.421          1.2327
24.941          0.97586
25.460          0.81119
25.980          0.77999
26.500          0.86823
27.019          1.0947
27.539          1.2991
28.059          1.1856
28.578          0.93111
29.098          0.79558
29.617          0.78766
30.137          0.90352
30.657          1.1496
31.176          1.3044
31.696          1.1322
32.215          0.89155
32.735          0.78471
33.255          0.80004
33.774          0.94488
34.294          1.2015
34.813          1.2943
35.333          1.0773
35.853          0.85839
36.372          0.77852
36.892          0.81720
37.411          0.99104
37.931          1.2458
38.451          1.2697
38.970          1.0248
39.490          0.83186
40.009          0.77696
40.529          0.83963
41.049          1.0412
41.568          1.2790
42.088          1.2327
42.607          0.97586
43.127          0.81119
43.647          0.77999
44.166          0.86823
44.686          1.0947
45.205          1.2991
45.725          1.1856
46.245          0.93111
46.764          0.79558
47.284          0.78766
47.803          0.90352
48.323          1.1496
48.843          1.3044
49.362          1.1322
49.882          0.89155
50.401          0.78471
50.921          0.80004
51.441          0.94488
51.960          1.2015
52.480          1.2943
52.999          1.0773
