0.0000          0.78882
0.51960         0.90788
1.0392          1.1557
1.5588          1.3040
2.0784          1.1260
2.5980          0.88749
3.1176          0.78378
3.6372          0.80172
4.1568          0.94985
4.6764          1.2069
5.1960          1.2922
5.7156          1.0713
6.2352          0.85509
6.7548          0.77812
7.2744          0.81944
7.7940          0.99647
8.3136          1.2501
8.8332          1.2662
9.3528          1.0191
9.8724          0.82926
10.392          0.77707
10.912          0.84252
11.431          1.0470
11.951          1.2820
12.470          1.2279
12.990          0.97062
13.510          0.80920
14.029          0.78062
14.549          0.87186
15.068          1.1009
15.588          1.3005
16.108          1.1798
16.627          0.92638
17.147          0.79413
17.666          0.78882
18.186          0.90788
18.706          1.1557
19.225          1.3040
19.745          1.1260
20.264          0.88749
20.784          0.78378
21.304          0.80172
21.823          0.94985
22.343          1.2069
22.862          1.2922
23.382          1.0713
23.902          0.85509
24.421          0.77812
24.941          0.81944
25.460          0.99647
25.980          1.2501
26.500          1.2662
27.019          1.0191
27.539          0.82926
28.059          0.77707
28.578          0.84252
29.098          1.0470
29.617          1.2820
30.137          1.2279
30.657          0.97062
31.176          0.80920
31.696          0.78062
32.215          0.87186
32.735          1.1009
33.255          1.3005
33.774          1.1798
34.294          0.92638
34.813          0.79413
35.333          0.78882
35.853          0.90788
36.372          1.1557
36.892          1.3040
37.411          1.1260
37.931          0.88749
38.451          0.78378
38.970          0.80172
39.490          0.94985
40.009          1.2069
40.529          1.2922
41.049          1.0713
41.568          0.85509
42.088          0.77812
42.607          0.81944
43.127          0.99647
43.647          1.2501
44.166          1.2662
44.686          1.0191
45.205          0.82926
45.725          0.77707
46.245          0.84252
46.764          1.0470
47.284          1.2820
47.803          1.2279
48.323          0.97062
48.843          0.80920
49.362          0.78062
49.882          0.87186
50.401          1.1009
50.921          1.3005
51.441          1.1798
51.960          0.92638
52.480          0.79413
52.999          0.78882
