0.0000          1.2940
0.51960         1.2024
1.0392          0.94564
1.5588          0.80029
2.0784          0.78456
2.5980          0.89092
3.1176          1.1312
3.6372          1.3044
4.1568          1.1505
4.6764          0.90418
5.1960          0.78784
5.7156          0.79535
6.2352          0.93038
6.7548          1.1847
7.2744          1.2994
7.7940          1.0957
8.3136          0.86878
8.8332          0.78008
9.3528          0.81088
9.8724          0.97506
10.392          1.2320
10.912          1.2795
11.431          1.0421
11.951          0.84007
12.470          0.77697
12.990          0.83145
13.510          1.0239
14.029          1.2692
14.549          1.2464
15.068          0.99187
15.588          0.81754
16.108          0.77846
16.627          0.85788
17.147          1.0764
17.666          1.2940
18.186          1.2024
18.706          0.94564
19.225          0.80029
19.745          0.78456
20.264          0.89092
20.784          1.1312
21.304          1.3044
21.823          1.1505
22.343          0.90418
22.862          0.78784
23.382          0.79535
23.902          0.93038
24.421          1.1847
24.941          1.2994
25.460          1.0957
25.980          0.86878
26.500          0.78008
27.019          0.81088
27.539          0.97506
28.059          1.2320
28.578          1.2795
29.098          1.0421
29.617          0.84007
30.137          0.77697
30.657          0.83145
31.176          1.0239
31.696          1.2692
32.215          1.2464
32.735          0.99187
33.255          0.81754
33.774          0.77846
34.294          0.85788
34.813          1.0764
35.333          1.2940
35.853          1.2024
36.372          0.94564
36.892          0.80029
37.411          0.78456
37.931          0.89092
38.451          1.1312
38.970          1.3044
39.490          1.1505
40.009          0.90418
40.529          0.78784
41.049          0.79535
41.568          0.93038
42.088          1.1847
42.607          1.2994
43.127          1.0957
43.647          0.86878
44.166          0.78008
44.686          0.81088
45.205          0.97506
45.725          1.2320
46.245          1.2795
46.764          1.0421
47.284          0.84007
47.803          0.77697
48.323          0.83145
48.843          1.0239
49.362          1.2692
49.882          1.2464
50.401          0.99187
50.921          0.81754
51.441          0.77846
51.960          0.85788
52.480          1.0764
52.999          1.2940
