0.0000          1.3152
0.51960         1.1157
1.0392          0.88708
1.5588          0.78773
2.0784          0.78962
2.5980          0.89411
3.1176          1.1270
3.6372          1.3174
4.1568          1.1918
4.6764          0.94046
5.1960          0.80410
5.7156          0.77978
6.2352          0.85088
6.7548          1.0507
7.2744          1.2896
7.7940          1.2576
8.3136          1.0046
8.8332          0.82920
9.3528          0.77737
9.8724          0.81918
10.392          0.98069
10.912          1.2362
11.431          1.3027
11.951          1.0773
12.470          0.86484
12.990          0.78242
13.510          0.79738
14.029          0.92020
14.549          1.1654
15.068          1.3202
15.588          1.1544
16.108          0.91233
16.627          0.79493
17.147          0.78377
17.666          0.87099
18.186          1.0884
18.706          1.3071
19.225          1.2267
19.745          0.97128
20.264          0.81545
20.784          0.77764
21.304          0.83367
21.823          1.0146
22.343          1.2656
22.862          1.2833
23.382          1.0400
23.902          0.84559
24.421          0.77897
24.941          0.80717
25.460          0.94914
25.980          1.2023
26.500          1.3152
27.019          1.1157
27.539          0.88708
28.059          0.78773
28.578          0.78962
29.098          0.89411
29.617          1.1270
30.137          1.3174
30.657          1.1918
31.176          0.94046
31.696          0.80410
32.215          0.77978
32.735          0.85088
33.255          1.0507
33.774          1.2896
34.294          1.2576
34.813          1.0046
35.333          0.82920
35.853          0.77737
36.372          0.81918
36.892          0.98069
37.411          1.2362
37.931          1.3027
38.451          1.0773
38.970          0.86484
39.490          0.78242
40.009          0.79738
40.529          0.92020
41.049          1.1654
41.568          1.3202
42.088          1.1544
42.607          0.91233
43.127          0.79493
43.647          0.78377
44.166          0.87099
44.686          1.0884
45.205          1.3071
45.725          1.2267
46.245          0.97128
46.764          0.81545
47.284          0.77764
47.803          0.83367
48.323          1.0146
48.843          1.2656
49.362          1.2833
49.882          1.0400
50.401          0.84559
50.921          0.77897
51.441          0.80717
51.960          0.94914
52.480          1.2023
52.999          1.3152
