0.0000          1.00000
0.51960         1.00000
1.0392          1.00000
1.5588          1.00000
2.0784          1.0000
2.5980          1.0000
3.1176          1.0000
3.6372          1.0000
4.1568          1.0000
4.6764          1.00000
5.1960          1.00000
5.7156          1.00000
6.2352          1.00000
6.7548          1.0000
7.2744          1.0000
7.7940          1.0000
8.3136          1.0000
8.8332          1.00000
9.3528          1.00000
9.8724          1.00000
10.392          1.00000
10.912          1.0000
11.431          1.0000
11.951          1.0000
12.470          1.0000
12.990          1.0000
13.510          1.00000
14.029          1.00000
14.549          1.00000
15.068          1.00000
15.588          1.0000
16.108          1.0000
16.627          1.0000
17.147          1.0000
17.666          1.00000
18.186          1.00000
18.706          1.00000
19.225          1.00000
19.745          1.0000
20.264          1.0000
20.784          1.0000
21.304          1.0000
21.823          1.0000
22.343          1.00000
22.862          1.00000
23.382          1.00000
23.902          1.00000
24.421          1.0000
24.941          1.0000
25.460          1.0000
25.980          1.0000
26.500          1.00000
27.019          1.00000
27.539          1.00000
28.059          1.00000
28.578          1.0000
29.098          1.0000
29.617          1.0000
30.137          1.0000
30.657          1.0000
31.176          1.00000
31.696          1.00000
32.215          1.00000
32.735          1.00000
33.255          1.0000
33.774          1.0000
34.294          1.0000
34.813          1.0000
35.333          1.00000
35.853          1.00000
36.372          1.00000
36.892          1.00000
37.411          1.0000
37.931          1.0000
38.451          1.0000
38.970          1.0000
39.490          1.0000
40.009          1.00000
40.529          1.00000
41.049          1.00000
41.568          1.00000
42.088          1.0000
42.607          1.0000
43.127          1.0000
43.647          1.0000
44.166          1.00000
44.686          1.00000
45.205          1.00000
45.725          1.00000
46.245          1.0000
46.764          1.0000
47.284          1.0000
47.803          1.0000
48.323          1.0000
48.843          1.00000
49.362          1.00000
49.882          1.00000
50.401          1.00000
50.921          1.0000
51.441          1.0000
51.960          1.0000
52.480          1.0000
52.999          1.00000
