0.0000          0.96773
0.51960         1.2251
1.0392          1.2835
1.5588          1.0503
2.0784          0.84415
2.5980          0.77716
3.1176          0.82785
3.6372          1.0160
4.1568          1.2641
4.6764          1.2524
5.1960          0.99951
5.7156          0.82071
6.2352          0.77792
6.7548          0.85329
7.2744          1.0679
7.7940          1.2910
8.3136          1.2099
8.8332          0.95263
9.3528          0.80268
9.8724          0.78329
10.392          0.88528
10.912          1.1226
11.431          1.3037
11.951          1.1590
12.470          0.91033
12.990          0.78949
13.510          0.79334
14.029          0.92379
14.549          1.1766
15.068          1.3012
15.588          1.1043
16.108          0.87391
16.627          0.78099
17.147          0.80812
17.666          0.96773
18.186          1.2251
18.706          1.2835
19.225          1.0503
19.745          0.84415
20.264          0.77716
20.784          0.82785
21.304          1.0160
21.823          1.2641
22.343          1.2524
22.862          0.99951
23.382          0.82071
23.902          0.77792
24.421          0.85329
24.941          1.0679
25.460          1.2910
25.980          1.2099
26.500          0.95262
27.019          0.80268
27.539          0.78329
28.059          0.88528
28.578          1.1226
29.098          1.3037
29.617          1.1590
30.137          0.91033
30.657          0.78949
31.176          0.79334
31.696          0.92379
32.215          1.1766
32.735          1.3012
33.255          1.1043
33.774          0.87391
34.294          0.78099
34.813          0.80812
35.333          0.96773
35.853          1.2251
36.372          1.2835
36.892          1.0503
37.411          0.84415
37.931          0.77716
38.451          0.82785
38.970          1.0160
39.490          1.2641
40.009          1.2524
40.529          0.99951
41.049          0.82071
41.568          0.77792
42.088          0.85329
42.607          1.0679
43.127          1.2910
43.647          1.2099
44.166          0.95263
44.686          0.80268
45.205          0.78329
45.725          0.88528
46.245          1.1226
46.764          1.3037
47.284          1.1590
47.803          0.91033
48.323          0.78949
48.843          0.79334
49.362          0.92379
49.882          1.1766
50.401          1.3012
50.921          1.1043
51.441          0.87391
51.960          0.78099
52.480          0.80812
52.999          0.96773
