0.0000          1.2114
0.51960         1.2903
1.0392          1.0663
1.5588          0.85242
2.0784          0.77783
2.5980          0.82135
3.1176          1.0010
3.6372          1.2536
4.1568          1.2631
4.6764          1.0144
5.1960          0.82717
5.7156          0.77721
6.2352          0.84497
6.7548          1.0519
7.2744          1.2843
7.7940          1.2238
8.3136          0.96632
8.8332          0.80759
9.3528          0.78118
9.8724          0.87492
10.392          1.1060
10.912          1.3015
11.431          1.1750
11.951          0.92252
12.470          0.79297
12.990          0.78982
13.510          0.91155
14.029          1.1607
14.549          1.3036
15.068          1.1209
15.588          0.88420
16.108          0.78306
16.627          0.80316
17.147          0.95400
17.666          1.2114
18.186          1.2903
18.706          1.0663
19.225          0.85242
19.745          0.77783
20.264          0.82135
20.784          1.0010
21.304          1.2536
21.823          1.2631
22.343          1.0144
22.862          0.82717
23.382          0.77721
23.902          0.84497
24.421          1.0519
24.941          1.2843
25.460          1.2238
25.980          0.96632
26.500          0.80759
27.019          0.78118
27.539          0.87492
28.059          1.1060
28.578          1.3015
29.098          1.1750
29.617          0.92252
30.137          0.79297
30.657          0.78982
31.176          0.91155
31.696          1.1607
32.215          1.3036
32.735          1.1209
33.255          0.88420
33.774          0.78306
34.294          0.80316
34.813          0.95400
35.333          1.2114
35.853          1.2903
36.372          1.0663
36.892          0.85242
37.411          0.77783
37.931          0.82135
38.451          1.0010
38.970          1.2536
39.490          1.2631
40.009          1.0144
40.529          0.82717
41.049          0.77721
41.568          0.84497
42.088          1.0519
42.607          1.2843
43.127          1.2238
43.647          0.96632
44.166          0.80759
44.686          0.78118
45.205          0.87492
45.725          1.1060
46.245          1.3015
46.764          1.1750
47.284          0.92252
47.803          0.79297
48.323          0.78982
48.843          0.91155
49.362          1.1607
49.882          1.3036
50.401          1.1209
50.921          0.88420
51.441          0.78306
51.960          0.80316
52.480          0.95400
52.999          1.2114
