0.0000          1.3046
0.51960         1.1439
1.0392          0.89953
1.5588          0.78664
2.0784          0.79699
2.5980          0.93556
3.1176          1.1909
3.6372          1.2977
4.1568          1.0890
4.6764          0.86493
5.1960          0.77946
5.7156          0.81310
6.2352          0.98078
6.7548          1.2371
7.2744          1.2761
7.7940          1.0358
8.3136          0.83702
8.8332          0.77691
9.3528          0.83433
9.8724          1.0301
10.392          1.2729
10.912          1.2416
11.431          0.98603
11.951          0.81518
12.470          0.77895
12.990          0.86153
13.510          1.0830
14.029          1.2960
14.549          1.1964
15.068          0.94032
15.588          0.79853
16.108          0.78562
16.627          0.89539
17.147          1.1379
17.666          1.3046
18.186          1.1439
18.706          0.89953
19.225          0.78664
19.745          0.79699
20.264          0.93556
20.784          1.1909
21.304          1.2977
21.823          1.0890
22.343          0.86493
22.862          0.77946
23.382          0.81310
23.902          0.98078
24.421          1.2371
24.941          1.2761
25.460          1.0358
25.980          0.83702
26.500          0.77691
27.019          0.83433
27.539          1.0301
28.059          1.2729
28.578          1.2416
29.098          0.98603
29.617          0.81518
30.137          0.77895
30.657          0.86153
31.176          1.0830
31.696          1.2960
32.215          1.1964
32.735          0.94032
33.255          0.79853
33.774          0.78562
34.294          0.89539
34.813          1.1379
35.333          1.3046
35.853          1.1439
36.372          0.89953
36.892          0.78664
37.411          0.79699
37.931          0.93556
38.451          1.1909
38.970          1.2977
39.490          1.0890
40.009          0.86493
40.529          0.77946
41.049          0.81310
41.568          0.98078
42.088          1.2371
42.607          1.2761
43.127          1.0358
43.647          0.83702
44.166          0.77691
44.686          0.83433
45.205          1.0301
45.725          1.2729
46.245          1.2416
46.764          0.98603
47.284          0.81518
47.803          0.77895
48.323          0.86153
48.843          1.0830
49.362          1.2960
49.882          1.1964
50.401          0.94032
50.921          0.79853
51.441          0.78562
51.960          0.89539
52.480          1.1379
52.999          1.3046
