0.0000          0.77871
0.51960         0.81630
1.0392          0.98881
1.5588          1.2439
2.0784          1.2712
2.5980          1.0271
3.1176          0.83295
3.6372          0.77693
4.1568          0.83847
4.6764          1.0388
5.1960          1.2778
5.7156          1.2347
6.2352          0.97804
6.7548          0.81203
7.2744          0.77975
7.7940          0.86676
8.3136          1.0922
8.8332          1.2985
9.3528          1.1879
9.8724          0.93308
10.392          0.79620
10.912          0.78721
11.431          0.90174
11.951          1.1471
12.470          1.3045
12.990          1.1347
13.510          0.89325
14.029          0.78511
14.549          0.79936
15.068          0.94285
15.588          1.1992
16.108          1.2951
16.627          1.0799
17.147          0.85977
17.666          0.77871
18.186          0.81630
18.706          0.98881
19.225          1.2439
19.745          1.2712
20.264          1.0271
20.784          0.83295
21.304          0.77693
21.823          0.83847
22.343          1.0388
22.862          1.2778
23.382          1.2347
23.902          0.97804
24.421          0.81203
24.941          0.77975
25.460          0.86676
25.980          1.0922
26.500          1.2985
27.019          1.1879
27.539          0.93308
28.059          0.79620
28.578          0.78721
29.098          0.90174
29.617          1.1471
30.137          1.3045
30.657          1.1347
31.176          0.89325
31.696          0.78511
32.215          0.79936
32.735          0.94285
33.255          1.1992
33.774          1.2951
34.294          1.0799
34.813          0.85977
35.333          0.77871
35.853          0.81630
36.372          0.98881
36.892          1.2439
37.411          1.2712
37.931          1.0271
38.451          0.83295
38.970          0.77693
39.490          0.83847
40.009          1.0388
40.529          1.2778
41.049          1.2347
41.568          0.97804
42.088          0.81203
42.607          0.77975
43.127          0.86676
43.647          1.0922
44.166          1.2985
44.686          1.1879
45.205          0.93308
45.725          0.79620
46.245          0.78721
46.764          0.90174
47.284          1.1471
47.803          1.3045
48.323          1.1347
48.843          0.89325
49.362          0.78511
49.882          0.79936
50.401          0.94285
50.921          1.1992
51.441          1.2951
51.960          1.0799
52.480          0.85977
52.999          0.77871
