0.0000          1.2522
0.51960         1.1044
1.0392          0.89220
1.5588          0.80390
2.0784          0.84819
2.5980          1.0275
3.1176          1.2320
3.6372          1.1858
4.1568          0.96101
4.6764          0.82080
5.1960          0.81596
5.7156          0.94597
6.2352          1.1712
6.7548          1.2396
7.2744          1.0449
7.7940          0.85694
8.3136          0.80272
8.8332          0.88079
9.3528          1.0868
9.8724          1.2506
10.392          1.1333
10.912          0.91308
11.431          0.80748
11.951          0.83527
12.470          0.99892
12.990          1.2156
13.510          1.2077
14.029          0.98761
14.549          0.83063
15.068          0.80952
15.588          0.92221
16.108          1.1447
16.627          1.2484
17.147          1.0746
17.666          0.87342
18.186          0.80231
18.706          0.86340
19.225          1.0570
19.745          1.2438
20.264          1.1607
20.784          0.93603
21.304          0.81308
21.823          0.82454
22.343          0.97166
22.862          1.1952
23.382          1.2259
23.902          1.0157
24.421          0.84265
24.941          0.80511
25.460          0.90044
25.980          1.1163
26.500          1.2522
27.019          1.1043
27.539          0.89215
28.059          0.80388
28.578          0.84820
29.098          1.0275
29.617          1.2320
30.137          1.1858
30.657          0.96097
31.176          0.82078
31.696          0.81596
32.215          0.94598
32.735          1.1713
33.255          1.2396
33.774          1.0449
34.294          0.85693
34.813          0.80271
35.333          0.88078
35.853          1.0868
36.372          1.2506
36.892          1.1333
37.411          0.91309
37.931          0.80747
38.451          0.83524
38.970          0.99888
39.490          1.2156
40.009          1.2078
40.529          0.98767
41.049          0.83064
41.568          0.80949
42.088          0.92215
42.607          1.1447
43.127          1.2485
43.647          1.0747
44.166          0.87346
44.686          0.80231
45.205          0.86334
45.725          1.0569
46.245          1.2438
46.764          1.1608
47.284          0.93611
47.803          0.81310
48.323          0.82451
48.843          0.97158
49.362          1.1951
49.882          1.2259
50.401          1.0158
50.921          0.84269
51.441          0.80510
51.960          0.90039
52.480          1.1162
52.999          1.2522
