0.0000          0.78232
0.51960         0.80477
1.0392          0.95854
1.5588          1.2160
2.0784          1.2882
2.5980          1.0609
3.1176          0.84959
3.6372          0.77756
4.1568          0.82347
4.6764          1.0060
5.1960          1.2572
5.7156          1.2597
6.2352          1.0094
6.7548          0.82496
7.2744          0.77740
7.7940          0.84768
8.3136          1.0572
8.8332          1.2867
9.3528          1.2192
9.8724          0.96170
10.392          0.80590
10.912          0.78184
11.431          0.87832
11.951          1.1115
12.470          1.3024
12.990          1.1697
13.510          0.91839
14.029          0.79176
14.549          0.79095
15.068          0.91558
15.588          1.1660
16.108          1.3029
16.627          1.1153
17.147          0.88069
17.666          0.78232
18.186          0.80477
18.706          0.95854
19.225          1.2160
19.745          1.2882
20.264          1.0609
20.784          0.84959
21.304          0.77756
21.823          0.82347
22.343          1.0060
22.862          1.2572
23.382          1.2597
23.902          1.0094
24.421          0.82496
24.941          0.77740
25.460          0.84768
25.980          1.0572
26.500          1.2867
27.019          1.2192
27.539          0.96170
28.059          0.80590
28.578          0.78184
29.098          0.87832
29.617          1.1115
30.137          1.3024
30.657          1.1697
31.176          0.91839
31.696          0.79176
32.215          0.79095
32.735          0.91558
33.255          1.1660
33.774          1.3029
34.294          1.1153
34.813          0.88069
35.333          0.78232
35.853          0.80477
36.372          0.95854
36.892          1.2160
37.411          1.2882
37.931          1.0609
38.451          0.84959
38.970          0.77756
39.490          0.82347
40.009          1.0060
40.529          1.2572
41.049          1.2597
41.568          1.0094
42.088          0.82496
42.607          0.77740
43.127          0.84768
43.647          1.0572
44.166          1.2867
44.686          1.2192
45.205          0.96170
45.725          0.80590
46.245          0.78184
46.764          0.87832
47.284          1.1115
47.803          1.3024
48.323          1.1697
48.843          0.91839
49.362          0.79176
49.882          0.79095
50.401          0.91558
50.921          1.1660
51.441          1.3029
51.960          1.1153
52.480          0.88069
52.999          0.78232
