0.0000          1.0384
0.51960         0.85357
1.0392          0.80306
1.5588          0.88494
2.0784          1.0934
2.5980          1.2514
3.1176          1.1270
3.6372          0.90826
4.1568          0.80649
4.6764          0.83792
5.1960          1.0051
5.7156          1.2196
6.2352          1.2032
6.7548          0.98160
7.2744          0.82826
7.7940          0.81074
8.3136          0.92727
8.8332          1.1508
9.3528          1.2470
9.8724          1.0681
10.392          0.86959
10.912          0.80222
11.431          0.86702
11.951          1.0635
12.470          1.2458
12.990          1.1549
13.510          0.93082
14.029          0.81166
14.549          0.82671
15.068          0.97752
15.588          1.2000
16.108          1.2222
16.627          1.0094
17.147          0.83981
17.666          0.80590
18.186          0.90504
18.706          1.1227
19.225          1.2518
19.745          1.0978
20.264          0.88784
20.784          0.80336
21.304          0.85134
21.823          1.0339
22.343          1.2350
22.862          1.1805
23.382          0.95534
23.902          0.81890
24.421          0.81765
24.941          0.95146
25.460          1.1768
25.980          1.2370
26.500          1.0384
27.019          0.85359
27.539          0.80305
28.059          0.88489
28.578          1.0933
29.098          1.2514
29.617          1.1271
30.137          0.90831
30.657          0.80650
31.176          0.83789
31.696          1.0051
32.215          1.2196
32.735          1.2033
33.255          0.98167
33.774          0.82829
34.294          0.81074
34.813          0.92723
35.333          1.1507
35.853          1.2469
36.372          1.0681
36.892          0.86963
37.411          0.80223
37.931          0.86701
38.451          1.0635
38.970          1.2457
39.490          1.1549
40.009          0.93084
40.529          0.81168
41.049          0.82671
41.568          0.97751
42.088          1.2000
42.607          1.2222
43.127          1.0094
43.647          0.83983
44.166          0.80591
44.686          0.90505
45.205          1.1227
45.725          1.2518
46.245          1.0978
46.764          0.88784
47.284          0.80337
47.803          0.85137
48.323          1.0340
48.843          1.2350
49.362          1.1805
49.882          0.95530
50.401          0.81890
50.921          0.81768
51.441          0.95151
51.960          1.1768
52.480          1.2370
52.999          1.0384
