0.0000          1.2246
0.51960         0.96716
1.0392          0.80790
1.5588          0.78107
2.0784          0.87432
2.5980          1.1050
3.1176          1.3013
3.6372          1.1759
4.1568          0.92327
4.6764          0.79319
5.1960          0.78962
5.7156          0.91083
6.2352          1.1597
6.7548          1.3037
7.2744          1.1219
7.7940          0.88484
8.3136          0.78320
8.8332          0.80288
9.3528          0.95318
9.8724          1.2105
10.392          1.2907
10.912          1.0673
11.431          0.85294
11.951          0.77788
12.470          0.82097
12.990          1.0001
13.510          1.2529
14.029          1.2637
14.549          1.0153
15.068          0.82757
15.588          0.77718
16.108          0.84448
16.627          1.0510
17.147          1.2838
17.666          1.2246
18.186          0.96716
18.706          0.80790
19.225          0.78107
19.745          0.87432
20.264          1.1050
20.784          1.3013
21.304          1.1759
21.823          0.92327
22.343          0.79319
22.862          0.78962
23.382          0.91083
23.902          1.1597
24.421          1.3037
24.941          1.1219
25.460          0.88484
25.980          0.78320
26.500          0.80288
27.019          0.95318
27.539          1.2105
28.059          1.2907
28.578          1.0673
29.098          0.85294
29.617          0.77788
30.137          0.82097
30.657          1.0001
31.176          1.2529
31.696          1.2637
32.215          1.0153
32.735          0.82757
33.255          0.77718
33.774          0.84448
34.294          1.0510
34.813          1.2838
35.333          1.2246
35.853          0.96716
36.372          0.80790
36.892          0.78107
37.411          0.87432
37.931          1.1050
38.451          1.3013
38.970          1.1759
39.490          0.92327
40.009          0.79319
40.529          0.78962
41.049          0.91083
41.568          1.1597
42.088          1.3037
42.607          1.1219
43.127          0.88484
43.647          0.78320
44.166          0.80288
44.686          0.95318
45.205          1.2105
45.725          1.2907
46.245          1.0673
46.764          0.85294
47.284          0.77788
47.803          0.82097
48.323          1.0001
48.843          1.2529
49.362          1.2637
49.882          1.0153
50.401          0.82757
50.921          0.77718
51.441          0.84448
51.960          1.0510
52.480          1.2838
52.999          1.2246
