0.0000          1.2986
0.51960         1.0923
1.0392          0.86685
1.5588          0.77976
2.0784          0.81198
2.5980          0.97791
3.1176          1.2346
3.6372          1.2778
4.1568          1.0389
4.6764          0.83854
5.1960          0.77693
5.7156          0.83288
6.2352          1.0270
6.7548          1.2711
7.2744          1.2440
7.7940          0.98894
8.3136          0.81635
8.8332          0.77869
9.3528          0.85969
9.8724          1.0797
10.392          1.2950
10.912          1.1994
11.431          0.94297
11.951          0.79940
12.470          0.78508
12.990          0.89314
13.510          1.1346
14.029          1.3045
14.549          1.1472
15.068          0.90185
15.588          0.78723
16.108          0.79616
16.627          0.93296
17.147          1.1878
17.666          1.2986
18.186          1.0923
18.706          0.86685
19.225          0.77976
19.745          0.81198
20.264          0.97791
20.784          1.2346
21.304          1.2778
21.823          1.0389
22.343          0.83854
22.862          0.77693
23.382          0.83288
23.902          1.0270
24.421          1.2711
24.941          1.2440
25.460          0.98894
25.980          0.81635
26.500          0.77869
27.019          0.85969
27.539          1.0797
28.059          1.2950
28.578          1.1994
29.098          0.94297
29.617          0.79940
30.137          0.78508
30.657          0.89314
31.176          1.1346
31.696          1.3045
32.215          1.1472
32.735          0.90185
33.255          0.78723
33.774          0.79616
34.294          0.93296
34.813          1.1878
35.333          1.2986
35.853          1.0923
36.372          0.86685
36.892          0.77976
37.411          0.81198
37.931          0.97791
38.451          1.2346
38.970          1.2778
39.490          1.0389
40.009          0.83854
40.529          0.77693
41.049          0.83288
41.568          1.0270
42.088          1.2711
42.607          1.2440
43.127          0.98894
43.647          0.81635
44.166          0.77869
44.686          0.85969
45.205          1.0797
45.725          1.2950
46.245          1.1994
46.764          0.94297
47.284          0.79940
47.803          0.78508
48.323          0.89314
48.843          1.1346
49.362          1.3045
49.882          1.1472
50.401          0.90185
50.921          0.78723
51.441          0.79616
51.960          0.93296
52.480          1.1878
52.999          1.2986
