0.0000          1.1641
0.51960         1.3032
1.0392          1.1173
1.5588          0.88193
2.0784          0.78258
2.5980          0.80419
3.1176          0.95692
3.6372          1.2144
4.1568          1.2890
4.6764          1.0628
5.1960          0.85059
5.7156          0.77765
6.2352          0.82271
6.7548          1.0042
7.2744          1.2559
7.7940          1.2609
8.3136          1.0112
8.8332          0.82574
9.3528          0.77732
9.8724          0.84671
10.392          1.0553
10.912          1.2858
11.431          1.2209
11.951          0.96334
12.470          0.80650
12.990          0.78160
13.510          0.87710
14.029          1.1095
14.549          1.3021
15.068          1.1716
15.588          0.91985
16.108          0.79218
16.627          0.79054
17.147          0.91414
17.666          1.1641
18.186          1.3032
18.706          1.1173
19.225          0.88193
19.745          0.78258
20.264          0.80419
20.784          0.95692
21.304          1.2144
21.823          1.2890
22.343          1.0628
22.862          0.85059
23.382          0.77765
23.902          0.82271
24.421          1.0042
24.941          1.2559
25.460          1.2609
25.980          1.0112
26.500          0.82574
27.019          0.77732
27.539          0.84671
28.059          1.0553
28.578          1.2858
29.098          1.2209
29.617          0.96334
30.137          0.80650
30.657          0.78160
31.176          0.87710
31.696          1.1095
32.215          1.3021
32.735          1.1716
33.255          0.91985
33.774          0.79218
34.294          0.79054
34.813          0.91414
35.333          1.1641
35.853          1.3032
36.372          1.1173
36.892          0.88193
37.411          0.78258
37.931          0.80419
38.451          0.95692
38.970          1.2144
39.490          1.2890
40.009          1.0628
40.529          0.85059
41.049          0.77765
41.568          0.82271
42.088          1.0042
42.607          1.2559
43.127          1.2609
43.647          1.0112
44.166          0.82574
44.686          0.77732
45.205          0.84671
45.725          1.0553
46.245          1.2858
46.764          1.2209
47.284          0.96334
47.803          0.80650
48.323          0.78160
48.843          0.87710
49.362          1.1095
49.882          1.3021
50.401          1.1716
50.921          0.91985
51.441          0.79218
51.960          0.79054
52.480          0.91414
52.999          1.1641
