0.0000          1.1638
0.51960         0.91391
1.0392          0.79048
1.5588          0.79225
2.0784          0.92009
2.5980          1.1719
3.1176          1.3020
3.6372          1.1092
4.1568          0.87691
4.6764          0.78156
5.1960          0.80659
5.7156          0.96360
6.2352          1.2211
6.7548          1.2857
7.2744          1.0550
7.7940          0.84656
8.3136          0.77731
8.8332          0.82586
9.3528          1.0115
9.8724          1.2611
10.392          1.2557
10.912          1.0039
11.431          0.82259
11.951          0.77766
12.470          0.85075
12.990          1.0631
13.510          1.2891
14.029          1.2141
14.549          0.95667
15.068          0.80410
15.588          0.78262
16.108          0.88213
16.627          1.1176
17.147          1.3032
17.666          1.1638
18.186          0.91391
18.706          0.79048
19.225          0.79225
19.745          0.92009
20.264          1.1719
20.784          1.3020
21.304          1.1092
21.823          0.87691
22.343          0.78156
22.862          0.80659
23.382          0.96360
23.902          1.2211
24.421          1.2857
24.941          1.0550
25.460          0.84656
25.980          0.77731
26.500          0.82586
27.019          1.0115
27.539          1.2611
28.059          1.2557
28.578          1.0039
29.098          0.82259
29.617          0.77766
30.137          0.85075
30.657          1.0631
31.176          1.2891
31.696          1.2141
32.215          0.95667
32.735          0.80410
33.255          0.78262
33.774          0.88213
34.294          1.1176
34.813          1.3032
35.333          1.1638
35.853          0.91391
36.372          0.79048
36.892          0.79225
37.411          0.92009
37.931          1.1719
38.451          1.3020
38.970          1.1092
39.490          0.87691
40.009          0.78156
40.529          0.80659
41.049          0.96360
41.568          1.2211
42.088          1.2857
42.607          1.0550
43.127          0.84656
43.647          0.77731
44.166          0.82586
44.686          1.0115
45.205          1.2611
45.725          1.2557
46.245          1.0039
46.764          0.82259
47.284          0.77766
47.803          0.85075
48.323          1.0631
48.843          1.2891
49.362          1.2141
49.882          0.95667
50.401          0.80410
50.921          0.78262
51.441          0.88213
51.960          1.1176
52.480          1.3032
52.999          1.1638
