0.0000          1.2930
0.51960         1.2048
1.0392          0.94789
1.5588          0.80105
2.0784          0.78414
2.5980          0.88907
3.1176          1.1284
3.6372          1.3042
4.1568          1.1533
4.6764          0.90616
5.1960          0.78836
5.7156          0.79469
6.2352          0.92823
6.7548          1.1821
7.2744          1.3000
7.7940          1.0985
8.3136          0.87042
8.8332          0.78036
9.3528          0.80997
9.8724          0.97267
10.392          1.2298
10.912          1.2808
11.431          1.0447
11.951          0.84138
12.470          0.77702
12.990          0.83027
13.510          1.0213
14.029          1.2676
14.549          1.2484
15.068          0.99434
15.588          0.81855
16.108          0.77827
16.627          0.85637
17.147          1.0737
17.666          1.2930
18.186          1.2048
18.706          0.94789
19.225          0.80105
19.745          0.78414
20.264          0.88907
20.784          1.1284
21.304          1.3042
21.823          1.1533
22.343          0.90616
22.862          0.78836
23.382          0.79469
23.902          0.92823
24.421          1.1821
24.941          1.3000
25.460          1.0985
25.980          0.87042
26.500          0.78036
27.019          0.80997
27.539          0.97267
28.059          1.2298
28.578          1.2808
29.098          1.0447
29.617          0.84138
30.137          0.77702
30.657          0.83027
31.176          1.0213
31.696          1.2676
32.215          1.2484
32.735          0.99434
33.255          0.81855
33.774          0.77827
34.294          0.85637
34.813          1.0737
35.333          1.2930
35.853          1.2048
36.372          0.94789
36.892          0.80105
37.411          0.78414
37.931          0.88907
38.451          1.1284
38.970          1.3042
39.490          1.1533
40.009          0.90616
40.529          0.78836
41.049          0.79469
41.568          0.92823
42.088          1.1821
42.607          1.3000
43.127          1.0985
43.647          0.87042
44.166          0.78036
44.686          0.80997
45.205          0.97267
45.725          1.2298
46.245          1.2808
46.764          1.0447
47.284          0.84138
47.803          0.77702
48.323          0.83027
48.843          1.0213
49.362          1.2676
49.882          1.2484
50.401          0.99434
50.921          0.81855
51.441          0.77827
51.960          0.85637
52.480          1.0737
52.999          1.2930
