0.0000          1.2378
0.51960         0.98157
1.0392          0.81341
1.5588          0.77938
2.0784          0.86441
2.5980          1.0881
3.1176          1.2975
3.6372          1.1917
4.1568          0.93628
4.6764          0.79722
5.1960          0.78649
5.7156          0.89890
6.2352          1.1430
6.7548          1.3046
7.2744          1.1388
7.7940          0.89602
8.3136          0.78577
8.8332          0.79829
9.3528          0.93959
9.8724          1.1956
10.392          1.2963
10.912          1.0839
11.431          0.86204
11.951          0.77902
12.470          0.81486
12.990          0.98523
13.510          1.2409
14.029          1.2734
14.549          1.0310
15.068          0.83474
15.588          0.77691
16.108          0.83661
16.627          1.0349
17.147          1.2757
17.666          1.2378
18.186          0.98158
18.706          0.81341
19.225          0.77938
19.745          0.86441
20.264          1.0881
20.784          1.2975
21.304          1.1917
21.823          0.93628
22.343          0.79722
22.862          0.78649
23.382          0.89890
23.902          1.1430
24.421          1.3046
24.941          1.1388
25.460          0.89602
25.980          0.78577
26.500          0.79829
27.019          0.93959
27.539          1.1956
28.059          1.2963
28.578          1.0839
29.098          0.86204
29.617          0.77902
30.137          0.81486
30.657          0.98523
31.176          1.2409
31.696          1.2734
32.215          1.0310
32.735          0.83474
33.255          0.77691
33.774          0.83661
34.294          1.0349
34.813          1.2757
35.333          1.2378
35.853          0.98157
36.372          0.81341
36.892          0.77938
37.411          0.86441
37.931          1.0881
38.451          1.2975
38.970          1.1917
39.490          0.93628
40.009          0.79722
40.529          0.78649
41.049          0.89890
41.568          1.1430
42.088          1.3046
42.607          1.1388
43.127          0.89602
43.647          0.78577
44.166          0.79829
44.686          0.93959
45.205          1.1956
45.725          1.2963
46.245          1.0839
46.764          0.86204
47.284          0.77902
47.803          0.81486
48.323          0.98523
48.843          1.2409
49.362          1.2734
49.882          1.0310
50.401          0.83474
50.921          0.77691
51.441          0.83661
51.960          1.0349
52.480          1.2757
52.999          1.2378
