0.0000          0.77701
0.51960         0.84102
1.0392          1.0440
1.5588          1.2805
2.0784          1.2304
2.5980          0.97332
3.1176          0.81022
3.6372          0.78028
4.1568          0.86997
4.6764          1.0977
5.1960          1.2998
5.7156          1.1828
6.2352          0.92882
6.7548          0.79487
7.2744          0.78821
7.7940          0.90561
8.3136          1.1525
8.8332          1.3042
9.3528          1.1292
9.8724          0.88958
10.392          0.78425
10.912          0.80084
11.431          0.94727
11.951          1.2042
12.470          1.2933
12.990          1.0744
13.510          0.85678
14.029          0.77832
14.549          0.81828
15.068          0.99366
15.588          1.2479
16.108          1.2680
16.627          1.0220
17.147          0.83059
17.666          0.77701
18.186          0.84102
18.706          1.0440
19.225          1.2805
19.745          1.2304
20.264          0.97332
20.784          0.81022
21.304          0.78028
21.823          0.86997
22.343          1.0977
22.862          1.2998
23.382          1.1828
23.902          0.92882
24.421          0.79487
24.941          0.78821
25.460          0.90562
25.980          1.1525
26.500          1.3042
27.019          1.1292
27.539          0.88958
28.059          0.78425
28.578          0.80084
29.098          0.94727
29.617          1.2042
30.137          1.2933
30.657          1.0744
31.176          0.85678
31.696          0.77832
32.215          0.81828
32.735          0.99366
33.255          1.2479
33.774          1.2680
34.294          1.0220
34.813          0.83059
35.333          0.77701
35.853          0.84102
36.372          1.0440
36.892          1.2805
37.411          1.2304
37.931          0.97332
38.451          0.81022
38.970          0.78028
39.490          0.86997
40.009          1.0977
40.529          1.2998
41.049          1.1828
41.568          0.92882
42.088          0.79487
42.607          0.78821
43.127          0.90561
43.647          1.1525
44.166          1.3042
44.686          1.1292
45.205          0.88958
45.725          0.78425
46.245          0.80084
46.764          0.94727
47.284          1.2042
47.803          1.2933
48.323          1.0744
48.843          0.85678
49.362          0.77832
49.882          0.81828
50.401          0.99366
50.921          1.2479
51.441          1.2680
51.960          1.0220
52.480          0.83059
52.999          0.77701
