0.0000          0.83954
0.51960         0.77696
1.0392          0.83194
1.5588          1.0250
2.0784          1.2699
2.5980          1.2456
3.1176          0.99086
3.6372          0.81713
4.1568          0.77854
4.6764          0.85850
5.1960          1.0775
5.7156          1.2943
6.2352          1.2013
6.7548          0.94472
7.2744          0.79998
7.7940          0.78474
8.3136          0.89168
8.8332          1.1324
9.3528          1.3044
9.8724          1.1494
10.392          0.90338
10.912          0.78763
11.431          0.79563
11.951          0.93126
12.470          1.1858
12.990          1.2991
13.510          1.0945
14.029          0.86811
14.549          0.77997
15.068          0.81125
15.588          0.97603
16.108          1.2329
16.627          1.2789
17.147          1.0410
17.666          0.83954
18.186          0.77696
18.706          0.83194
19.225          1.0250
19.745          1.2699
20.264          1.2456
20.784          0.99086
21.304          0.81713
21.823          0.77854
22.343          0.85850
22.862          1.0775
23.382          1.2943
23.902          1.2013
24.421          0.94472
24.941          0.79998
25.460          0.78474
25.980          0.89168
26.500          1.1324
27.019          1.3044
27.539          1.1494
28.059          0.90338
28.578          0.78763
29.098          0.79563
29.617          0.93126
30.137          1.1858
30.657          1.2991
31.176          1.0945
31.696          0.86811
32.215          0.77997
32.735          0.81125
33.255          0.97603
33.774          1.2329
34.294          1.2789
34.813          1.0410
35.333          0.83954
35.853          0.77696
36.372          0.83194
36.892          1.0250
37.411          1.2699
37.931          1.2456
38.451          0.99086
38.970          0.81713
39.490          0.77854
40.009          0.85850
40.529          1.0775
41.049          1.2943
41.568          1.2013
42.088          0.94472
42.607          0.79998
43.127          0.78474
43.647          0.89168
44.166          1.1324
44.686          1.3044
45.205          1.1494
45.725          0.90338
46.245          0.78763
46.764          0.79563
47.284          0.93126
47.803          1.1858
48.323          1.2991
48.843          1.0945
49.362          0.86811
49.882          0.77997
50.401          0.81125
50.921          0.97603
51.441          1.2329
51.960          1.2789
52.480          1.0410
52.999          0.83954
