0.0000          1.2443
0.51960         0.98923
1.0392          0.81647
1.5588          0.77867
2.0784          0.85951
2.5980          1.0794
3.1176          1.2949
3.6372          1.1997
4.1568          0.94323
4.6764          0.79949
5.1960          0.78503
5.7156          0.89292
6.2352          1.1342
6.7548          1.3045
7.2744          1.1476
7.7940          0.90207
8.3136          0.78729
8.8332          0.79608
9.3528          0.93270
9.8724          1.1875
10.392          1.2986
10.912          1.0927
11.431          0.86703
11.951          0.77979
12.470          0.81187
12.990          0.97763
13.510          1.2343
14.029          1.2780
14.549          1.0392
15.068          0.83869
15.588          0.77694
16.108          0.83274
16.627          1.0267
17.147          1.2709
17.666          1.2443
18.186          0.98923
18.706          0.81647
19.225          0.77867
19.745          0.85951
20.264          1.0794
20.784          1.2949
21.304          1.1997
21.823          0.94323
22.343          0.79949
22.862          0.78503
23.382          0.89292
23.902          1.1342
24.421          1.3045
24.941          1.1476
25.460          0.90207
25.980          0.78729
26.500          0.79608
27.019          0.93270
27.539          1.1875
28.059          1.2986
28.578          1.0927
29.098          0.86703
29.617          0.77979
30.137          0.81187
30.657          0.97763
31.176          1.2343
31.696          1.2780
32.215          1.0392
32.735          0.83869
33.255          0.77694
33.774          0.83274
34.294          1.0267
34.813          1.2709
35.333          1.2443
35.853          0.98923
36.372          0.81647
36.892          0.77867
37.411          0.85951
37.931          1.0794
38.451          1.2949
38.970          1.1997
39.490          0.94323
40.009          0.79949
40.529          0.78503
41.049          0.89292
41.568          1.1342
42.088          1.3045
42.607          1.1476
43.127          0.90207
43.647          0.78729
44.166          0.79608
44.686          0.93270
45.205          1.1875
45.725          1.2986
46.245          1.0927
46.764          0.86703
47.284          0.77979
47.803          0.81187
48.323          0.97763
48.843          1.2343
49.362          1.2780
49.882          1.0392
50.401          0.83869
50.921          0.77694
51.441          0.83274
51.960          1.0267
52.480          1.2709
52.999          1.2443
