0.0000          1.3046
0.51960         1.1401
1.0392          0.89688
1.5588          0.78598
2.0784          0.79796
2.5980          0.93859
3.1176          1.1944
3.6372          1.2967
4.1568          1.0852
4.6764          0.86275
5.1960          0.77913
5.7156          0.81442
6.2352          0.98413
6.7548          1.2400
7.2744          1.2741
7.7940          1.0321
8.3136          0.83530
8.8332          0.77690
9.3528          0.83604
9.8724          1.0337
10.392          1.2750
10.912          1.2387
11.431          0.98267
11.951          0.81384
12.470          0.77927
12.990          0.86369
13.510          1.0868
14.029          1.2971
14.549          1.1929
15.068          0.93727
15.588          0.79754
16.108          0.78627
16.627          0.89803
17.147          1.1417
17.666          1.3046
18.186          1.1401
18.706          0.89688
19.225          0.78598
19.745          0.79796
20.264          0.93859
20.784          1.1944
21.304          1.2967
21.823          1.0852
22.343          0.86275
22.862          0.77913
23.382          0.81442
23.902          0.98413
24.421          1.2400
24.941          1.2741
25.460          1.0321
25.980          0.83530
26.500          0.77690
27.019          0.83604
27.539          1.0337
28.059          1.2750
28.578          1.2387
29.098          0.98267
29.617          0.81384
30.137          0.77927
30.657          0.86369
31.176          1.0868
31.696          1.2971
32.215          1.1929
32.735          0.93727
33.255          0.79754
33.774          0.78627
34.294          0.89803
34.813          1.1417
35.333          1.3046
35.853          1.1401
36.372          0.89688
36.892          0.78598
37.411          0.79796
37.931          0.93859
38.451          1.1944
38.970          1.2967
39.490          1.0852
40.009          0.86275
40.529          0.77913
41.049          0.81442
41.568          0.98413
42.088          1.2400
42.607          1.2741
43.127          1.0321
43.647          0.83530
44.166          0.77690
44.686          0.83604
45.205          1.0337
45.725          1.2750
46.245          1.2387
46.764          0.98267
47.284          0.81384
47.803          0.77927
48.323          0.86369
48.843          1.0868
49.362          1.2971
49.882          1.1929
50.401          0.93727
50.921          0.79754
51.441          0.78627
51.960          0.89803
52.480          1.1417
52.999          1.3046
