0.0000          1.1090
0.51960         1.3020
1.0392          1.1721
1.5588          0.92027
2.0784          0.79230
2.5980          0.79043
3.1176          0.91373
3.6372          1.1636
4.1568          1.3032
4.6764          1.1179
5.1960          0.88229
5.7156          0.78265
6.2352          0.80403
6.7548          0.95646
7.2744          1.2139
7.7940          1.2892
8.3136          1.0634
8.8332          0.85088
9.3528          0.77767
9.8724          0.82249
10.392          1.0037
10.912          1.2556
11.431          1.2612
11.951          1.0117
12.470          0.82596
12.990          0.77730
13.510          0.84643
14.029          1.0548
14.549          1.2856
15.068          1.2213
15.588          0.96381
16.108          0.80667
16.627          0.78153
17.147          0.87676
17.666          1.1090
18.186          1.3020
18.706          1.1721
19.225          0.92027
19.745          0.79230
20.264          0.79043
20.784          0.91373
21.304          1.1636
21.823          1.3032
22.343          1.1179
22.862          0.88229
23.382          0.78265
23.902          0.80403
24.421          0.95646
24.941          1.2139
25.460          1.2892
25.980          1.0634
26.500          0.85088
27.019          0.77767
27.539          0.82249
28.059          1.0037
28.578          1.2556
29.098          1.2612
29.617          1.0117
30.137          0.82596
30.657          0.77730
31.176          0.84643
31.696          1.0548
32.215          1.2856
32.735          1.2213
33.255          0.96381
33.774          0.80667
34.294          0.78153
34.813          0.87676
35.333          1.1090
35.853          1.3020
36.372          1.1721
36.892          0.92028
37.411          0.79230
37.931          0.79043
38.451          0.91373
38.970          1.1636
39.490          1.3032
40.009          1.1179
40.529          0.88229
41.049          0.78265
41.568          0.80403
42.088          0.95646
42.607          1.2139
43.127          1.2892
43.647          1.0634
44.166          0.85088
44.686          0.77767
45.205          0.82249
45.725          1.0037
46.245          1.2556
46.764          1.2612
47.284          1.0117
47.803          0.82596
48.323          0.77730
48.843          0.84643
49.362          1.0548
49.882          1.2856
50.401          1.2213
50.921          0.96381
51.441          0.80667
51.960          0.78153
52.480          0.87676
52.999          1.1090
