0.0000          0.96649
0.51960         1.2239
1.0392          1.2842
1.5588          1.0517
2.0784          0.84487
2.5980          0.77720
3.1176          0.82725
3.6372          1.0146
4.1568          1.2632
4.6764          1.2534
5.1960          1.0008
5.7156          0.82127
6.2352          0.77784
6.7548          0.85252
7.2744          1.0665
7.7940          1.2904
8.3136          1.2112
8.8332          0.95384
9.3528          0.80310
9.8724          0.78308
10.392          0.88432
10.912          1.1211
11.431          1.3036
11.951          1.1605
12.470          0.91140
12.990          0.78978
13.510          0.79301
14.029          0.92267
14.549          1.1752
15.068          1.3014
15.588          1.1058
16.108          0.87480
16.627          0.78116
17.147          0.80765
17.666          0.96649
18.186          1.2239
18.706          1.2842
19.225          1.0517
19.745          0.84487
20.264          0.77720
20.784          0.82725
21.304          1.0146
21.823          1.2632
22.343          1.2534
22.862          1.0008
23.382          0.82127
23.902          0.77784
24.421          0.85252
24.941          1.0665
25.460          1.2904
25.980          1.2112
26.500          0.95384
27.019          0.80310
27.539          0.78308
28.059          0.88432
28.578          1.1211
29.098          1.3036
29.617          1.1605
30.137          0.91140
30.657          0.78978
31.176          0.79301
31.696          0.92267
32.215          1.1752
32.735          1.3014
33.255          1.1058
33.774          0.87480
34.294          0.78116
34.813          0.80765
35.333          0.96649
35.853          1.2239
36.372          1.2842
36.892          1.0517
37.411          0.84487
37.931          0.77720
38.451          0.82725
38.970          1.0146
39.490          1.2632
40.009          1.2534
40.529          1.0008
41.049          0.82127
41.568          0.77784
42.088          0.85252
42.607          1.0665
43.127          1.2904
43.647          1.2112
44.166          0.95384
44.686          0.80310
45.205          0.78308
45.725          0.88432
46.245          1.1211
46.764          1.3036
47.284          1.1605
47.803          0.91140
48.323          0.78978
48.843          0.79301
49.362          0.92267
49.882          1.1752
50.401          1.3014
50.921          1.1058
51.441          0.87480
51.960          0.78116
52.480          0.80765
52.999          0.96649
