0.0000          0.91573
0.51960         1.1662
1.0392          1.3029
1.5588          1.1151
2.0784          0.88056
2.5980          0.78229
3.1176          0.80483
3.6372          0.95871
4.1568          1.2162
4.6764          1.2881
5.1960          1.0607
5.7156          0.84949
6.2352          0.77755
6.7548          0.82355
7.2744          1.0062
7.7940          1.2573
8.3136          1.2595
8.8332          1.0092
9.3528          0.82487
9.8724          0.77741
10.392          0.84779
10.912          1.0574
11.431          1.2867
11.951          1.2191
12.470          0.96153
12.990          0.80584
13.510          0.78186
14.029          0.87844
14.549          1.1117
15.068          1.3024
15.588          1.1695
16.108          0.91824
16.627          0.79171
17.147          0.79099
17.666          0.91573
18.186          1.1662
18.706          1.3029
19.225          1.1151
19.745          0.88056
20.264          0.78229
20.784          0.80483
21.304          0.95871
21.823          1.2162
22.343          1.2881
22.862          1.0607
23.382          0.84949
23.902          0.77755
24.421          0.82355
24.941          1.0062
25.460          1.2573
25.980          1.2595
26.500          1.0092
27.019          0.82487
27.539          0.77741
28.059          0.84779
28.578          1.0574
29.098          1.2867
29.617          1.2191
30.137          0.96153
30.657          0.80584
31.176          0.78186
31.696          0.87844
32.215          1.1117
32.735          1.3024
33.255          1.1695
33.774          0.91824
34.294          0.79171
34.813          0.79099
35.333          0.91573
35.853          1.1662
36.372          1.3029
36.892          1.1151
37.411          0.88056
37.931          0.78229
38.451          0.80483
38.970          0.95871
39.490          1.2162
40.009          1.2881
40.529          1.0607
41.049          0.84949
41.568          0.77755
42.088          0.82355
42.607          1.0062
43.127          1.2573
43.647          1.2595
44.166          1.0092
44.686          0.82487
45.205          0.77741
45.725          0.84779
46.245          1.0574
46.764          1.2867
47.284          1.2191
47.803          0.96153
48.323          0.80584
48.843          0.78186
49.362          0.87844
49.882          1.1117
50.401          1.3024
50.921          1.1695
51.441          0.91824
51.960          0.79171
52.480          0.79099
52.999          0.91573
