0.0000          1.2231
0.51960         1.2846
1.0392          1.0527
1.5588          0.84535
2.0784          0.77723
2.5980          0.82685
3.1176          1.0137
3.6372          1.2626
4.1568          1.2541
4.6764          1.0017
5.1960          0.82164
5.7156          0.77779
6.2352          0.85202
6.7548          1.0655
7.2744          1.2901
7.7940          1.2120
8.3136          0.95463
8.8332          0.80338
9.3528          0.78295
9.8724          0.88370
10.392          1.1201
10.912          1.3035
11.431          1.1614
11.951          0.91211
12.470          0.78998
12.990          0.79279
13.510          0.92194
14.029          1.1742
14.549          1.3016
15.068          1.1068
15.588          0.87540
16.108          0.78127
16.627          0.80735
17.147          0.96567
17.666          1.2231
18.186          1.2846
18.706          1.0527
19.225          0.84535
19.745          0.77723
20.264          0.82685
20.784          1.0137
21.304          1.2626
21.823          1.2541
22.343          1.0017
22.862          0.82164
23.382          0.77779
23.902          0.85202
24.421          1.0655
24.941          1.2901
25.460          1.2120
25.980          0.95463
26.500          0.80338
27.019          0.78295
27.539          0.88370
28.059          1.1201
28.578          1.3035
29.098          1.1614
29.617          0.91211
30.137          0.78998
30.657          0.79279
31.176          0.92194
31.696          1.1742
32.215          1.3016
32.735          1.1068
33.255          0.87540
33.774          0.78127
34.294          0.80735
34.813          0.96567
35.333          1.2231
35.853          1.2846
36.372          1.0527
36.892          0.84535
37.411          0.77723
37.931          0.82685
38.451          1.0137
38.970          1.2626
39.490          1.2541
40.009          1.0017
40.529          0.82164
41.049          0.77779
41.568          0.85202
42.088          1.0655
42.607          1.2901
43.127          1.2120
43.647          0.95463
44.166          0.80338
44.686          0.78295
45.205          0.88370
45.725          1.1201
46.245          1.3035
46.764          1.1614
47.284          0.91211
47.803          0.78998
48.323          0.79279
48.843          0.92194
49.362          1.1742
49.882          1.3016
50.401          1.1068
50.921          0.87540
51.441          0.78127
51.960          0.80735
52.480          0.96567
52.999          1.2231
