0.0000          0.96182
0.51960         0.81183
1.0392          0.77808
1.5588          0.83851
2.0784          1.0252
2.5980          1.2734
3.1176          1.2762
3.6372          1.0292
4.1568          0.84041
4.6764          0.77829
5.1960          0.81051
5.7156          0.95828
6.2352          1.2128
6.7548          1.3122
7.2744          1.1042
7.7940          0.88014
8.3136          0.78596
8.8332          0.79173
9.3528          0.90158
9.8724          1.1385
10.392          1.3191
10.912          1.1809
11.431          0.93178
11.951          0.80115
12.470          0.78078
12.990          0.85656
13.510          1.0618
14.029          1.2955
14.549          1.2489
15.068          0.99439
15.588          0.82483
16.108          0.77725
16.627          0.82323
17.147          0.99058
17.666          1.2455
18.186          1.2976
18.706          1.0660
19.225          0.85879
19.745          0.78120
20.264          0.80008
20.784          0.92854
21.304          1.1767
21.823          1.3195
22.343          1.1429
22.862          0.90449
23.382          0.79258
23.902          0.78532
24.421          0.87757
24.941          1.0998
25.460          1.3109
25.980          1.2167
26.500          0.96182
27.019          0.81183
27.539          0.77808
28.059          0.83851
28.578          1.0252
29.098          1.2734
29.617          1.2762
30.137          1.0292
30.657          0.84041
31.176          0.77829
31.696          0.81051
32.215          0.95828
32.735          1.2128
33.255          1.3122
33.774          1.1042
34.294          0.88014
34.813          0.78596
35.333          0.79173
35.853          0.90158
36.372          1.1385
36.892          1.3191
37.411          1.1809
37.931          0.93178
38.451          0.80115
38.970          0.78078
39.490          0.85656
40.009          1.0618
40.529          1.2955
41.049          1.2489
41.568          0.99439
42.088          0.82483
42.607          0.77725
43.127          0.82323
43.647          0.99058
44.166          1.2455
44.686          1.2976
45.205          1.0660
45.725          0.85879
46.245          0.78120
46.764          0.80008
47.284          0.92854
47.803          1.1767
48.323          1.3195
48.843          1.1429
49.362          0.90449
49.882          0.79258
50.401          0.78532
50.921          0.87757
51.441          1.0998
51.960          1.3109
52.480          1.2167
52.999          0.96182
