0.0000          0.94663
0.51960         0.80063
1.0392          0.78437
1.5588          0.89010
2.0784          1.1300
2.5980          1.3043
3.1176          1.1517
3.6372          0.90505
4.1568          0.78807
4.6764          0.79506
5.1960          0.92943
5.7156          1.1836
6.2352          1.2996
6.7548          1.0969
7.2744          0.86950
7.7940          0.78020
8.3136          0.81048
8.8332          0.97400
9.3528          1.2310
9.8724          1.2801
10.392          1.0432
10.912          0.84065
11.431          0.77699
11.951          0.83093
12.470          1.0228
12.990          1.2685
13.510          1.2473
14.029          0.99296
14.549          0.81799
15.068          0.77837
15.588          0.85721
16.108          1.0752
16.627          1.2936
17.147          1.2034
17.666          0.94663
18.186          0.80063
18.706          0.78437
19.225          0.89010
19.745          1.1300
20.264          1.3043
20.784          1.1517
21.304          0.90505
21.823          0.78807
22.343          0.79506
22.862          0.92943
23.382          1.1836
23.902          1.2996
24.421          1.0969
24.941          0.86950
25.460          0.78020
25.980          0.81048
26.500          0.97400
27.019          1.2310
27.539          1.2801
28.059          1.0432
28.578          0.84064
29.098          0.77699
29.617          0.83093
30.137          1.0228
30.657          1.2685
31.176          1.2473
31.696          0.99295
32.215          0.81799
32.735          0.77837
33.255          0.85721
33.774          1.0752
34.294          1.2936
34.813          1.2034
35.333          0.94663
35.853          0.80063
36.372          0.78437
36.892          0.89010
37.411          1.1300
37.931          1.3043
38.451          1.1517
38.970          0.90505
39.490          0.78807
40.009          0.79506
40.529          0.92943
41.049          1.1836
41.568          1.2996
42.088          1.0969
42.607          0.86950
43.127          0.78020
43.647          0.81048
44.166          0.97400
44.686          1.2310
45.205          1.2801
45.725          1.0432
46.245          0.84065
46.764          0.77699
47.284          0.83093
47.803          1.0228
48.323          1.2685
48.843          1.2473
49.362          0.99296
49.882          0.81799
50.401          0.77837
50.921          0.85721
51.441          1.0752
51.960          1.2936
52.480          1.2034
52.999          0.94663
