0.0000          1.0129
0.51960         0.82648
1.0392          0.77726
1.5588          0.84580
2.0784          1.0536
2.5980          1.2850
3.1176          1.2224
3.6372          0.96489
4.1568          0.80706
4.6764          0.78138
5.1960          0.87597
5.7156          1.1077
6.2352          1.3018
6.7548          1.1734
7.2744          0.92124
7.7940          0.79259
8.3136          0.79016
8.8332          0.91279
9.3528          1.1623
9.8724          1.3034
10.392          1.1192
10.912          0.88311
11.431          0.78282
11.951          0.80365
12.470          0.95540
12.990          1.2128
13.510          1.2897
14.029          1.0646
14.549          0.85154
15.068          0.77774
15.588          0.82200
16.108          1.0025
16.627          1.2547
17.147          1.2620
17.666          1.0129
18.186          0.82648
18.706          0.77726
19.225          0.84580
19.745          1.0536
20.264          1.2850
20.784          1.2224
21.304          0.96489
21.823          0.80706
22.343          0.78138
22.862          0.87597
23.382          1.1077
23.902          1.3018
24.421          1.1734
24.941          0.92124
25.460          0.79259
25.980          0.79016
26.500          0.91279
27.019          1.1623
27.539          1.3034
28.059          1.1192
28.578          0.88311
29.098          0.78282
29.617          0.80365
30.137          0.95540
30.657          1.2128
31.176          1.2897
31.696          1.0646
32.215          0.85154
32.735          0.77774
33.255          0.82200
33.774          1.0025
34.294          1.2547
34.813          1.2620
35.333          1.0129
35.853          0.82648
36.372          0.77726
36.892          0.84580
37.411          1.0536
37.931          1.2850
38.451          1.2224
38.970          0.96489
39.490          0.80706
40.009          0.78138
40.529          0.87597
41.049          1.1077
41.568          1.3018
42.088          1.1734
42.607          0.92124
43.127          0.79259
43.647          0.79016
44.166          0.91279
44.686          1.1623
45.205          1.3034
45.725          1.1192
46.245          0.88311
46.764          0.78282
47.284          0.80365
47.803          0.95540
48.323          1.2128
48.843          1.2897
49.362          1.0646
49.882          0.85154
50.401          0.77774
50.921          0.82200
51.441          1.0025
51.960          1.2547
52.480          1.2620
52.999          1.0129
