0.0000          1.3046
0.51960         1.1374
1.0392          0.89506
1.5588          0.78554
2.0784          0.79865
2.5980          0.94071
3.1176          1.1968
3.6372          1.2959
4.1568          1.0825
4.6764          0.86126
5.1960          0.77891
5.7156          0.81535
6.2352          0.98645
6.7548          1.2420
7.2744          1.2727
7.7940          1.0296
8.3136          0.83412
8.8332          0.77691
9.3528          0.83724
9.8724          1.0362
10.392          1.2764
10.912          1.2367
11.431          0.98036
11.951          0.81293
12.470          0.77950
12.990          0.86521
13.510          1.0895
14.029          1.2978
14.549          1.1904
15.068          0.93518
15.588          0.79686
16.108          0.78673
16.627          0.89987
17.147          1.1444
17.666          1.3046
18.186          1.1374
18.706          0.89506
19.225          0.78554
19.745          0.79865
20.264          0.94071
20.784          1.1968
21.304          1.2959
21.823          1.0825
22.343          0.86126
22.862          0.77891
23.382          0.81535
23.902          0.98645
24.421          1.2420
24.941          1.2727
25.460          1.0296
25.980          0.83412
26.500          0.77691
27.019          0.83724
27.539          1.0362
28.059          1.2764
28.578          1.2367
29.098          0.98036
29.617          0.81293
30.137          0.77950
30.657          0.86521
31.176          1.0895
31.696          1.2978
32.215          1.1904
32.735          0.93518
33.255          0.79686
33.774          0.78673
34.294          0.89987
34.813          1.1444
35.333          1.3046
35.853          1.1374
36.372          0.89506
36.892          0.78554
37.411          0.79865
37.931          0.94071
38.451          1.1968
38.970          1.2959
39.490          1.0825
40.009          0.86126
40.529          0.77891
41.049          0.81535
41.568          0.98645
42.088          1.2420
42.607          1.2727
43.127          1.0296
43.647          0.83412
44.166          0.77691
44.686          0.83724
45.205          1.0362
45.725          1.2764
46.245          1.2367
46.764          0.98036
47.284          0.81293
47.803          0.77950
48.323          0.86521
48.843          1.0895
49.362          1.2978
49.882          1.1904
50.401          0.93518
50.921          0.79686
51.441          0.78673
51.960          0.89987
52.480          1.1444
52.999          1.3046
