0.0000          0.80027
0.51960         0.94558
1.0392          1.2023
1.5588          1.2940
2.0784          1.0765
2.5980          0.85792
3.1176          0.77846
3.6372          0.81751
4.1568          0.99180
4.6764          1.2464
5.1960          1.2692
5.7156          1.0240
6.2352          0.83148
6.7548          0.77697
7.2744          0.84004
7.7940          1.0420
8.3136          1.2794
8.8332          1.2320
9.3528          0.97512
9.8724          0.81090
10.392          0.78007
10.912          0.86874
11.431          1.0956
11.951          1.2993
12.470          1.1848
12.990          0.93044
13.510          0.79537
14.029          0.78782
14.549          0.90413
15.068          1.1505
15.588          1.3044
16.108          1.1313
16.627          0.89097
17.147          0.78457
17.666          0.80027
18.186          0.94558
18.706          1.2023
19.225          1.2940
19.745          1.0765
20.264          0.85792
20.784          0.77846
21.304          0.81751
21.823          0.99180
22.343          1.2464
22.862          1.2692
23.382          1.0240
23.902          0.83148
24.421          0.77697
24.941          0.84004
25.460          1.0420
25.980          1.2794
26.500          1.2320
27.019          0.97512
27.539          0.81090
28.059          0.78007
28.578          0.86874
29.098          1.0956
29.617          1.2993
30.137          1.1848
30.657          0.93044
31.176          0.79537
31.696          0.78782
32.215          0.90413
32.735          1.1505
33.255          1.3044
33.774          1.1313
34.294          0.89097
34.813          0.78457
35.333          0.80027
35.853          0.94558
36.372          1.2023
36.892          1.2940
37.411          1.0765
37.931          0.85792
38.451          0.77846
38.970          0.81751
39.490          0.99180
40.009          1.2464
40.529          1.2692
41.049          1.0240
41.568          0.83148
42.088          0.77697
42.607          0.84004
43.127          1.0420
43.647          1.2794
44.166          1.2320
44.686          0.97512
45.205          0.81090
45.725          0.78007
46.245          0.86874
46.764          1.0956
47.284          1.2993
47.803          1.1848
48.323          0.93044
48.843          0.79537
49.362          0.78782
49.882          0.90413
50.401          1.1505
50.921          1.3044
51.441          1.1313
51.960          0.89097
52.480          0.78457
52.999          0.80027
