0.0000          0.78803
0.51960         0.79511
1.0392          0.92959
1.5588          1.1837
2.0784          1.2996
2.5980          1.0967
3.1176          0.86938
3.6372          0.78018
4.1568          0.81054
4.6764          0.97418
5.1960          1.2312
5.7156          1.2800
6.2352          1.0430
6.7548          0.84055
7.2744          0.77699
7.7940          0.83102
8.3136          1.0229
8.8332          1.2686
9.3528          1.2472
9.8724          0.99277
10.392          0.81791
10.912          0.77839
11.431          0.85732
11.951          1.0754
12.470          1.2936
12.990          1.2033
13.510          0.94646
14.029          0.80057
14.549          0.78440
15.068          0.89024
15.588          1.1302
16.108          1.3043
16.627          1.1515
17.147          0.90491
17.666          0.78803
18.186          0.79511
18.706          0.92959
19.225          1.1837
19.745          1.2996
20.264          1.0967
20.784          0.86938
21.304          0.78018
21.823          0.81054
22.343          0.97418
22.862          1.2312
23.382          1.2800
23.902          1.0430
24.421          0.84055
24.941          0.77699
25.460          0.83102
25.980          1.0229
26.500          1.2686
27.019          1.2472
27.539          0.99277
28.059          0.81791
28.578          0.77839
29.098          0.85732
29.617          1.0754
30.137          1.2936
30.657          1.2033
31.176          0.94646
31.696          0.80057
32.215          0.78440
32.735          0.89024
33.255          1.1302
33.774          1.3043
34.294          1.1515
34.813          0.90491
35.333          0.78803
35.853          0.79511
36.372          0.92959
36.892          1.1837
37.411          1.2996
37.931          1.0967
38.451          0.86938
38.970          0.78018
39.490          0.81054
40.009          0.97418
40.529          1.2312
41.049          1.2800
41.568          1.0430
42.088          0.84055
42.607          0.77699
43.127          0.83102
43.647          1.0229
44.166          1.2686
44.686          1.2472
45.205          0.99277
45.725          0.81791
46.245          0.77839
46.764          0.85732
47.284          1.0754
47.803          1.2936
48.323          1.2033
48.843          0.94646
49.362          0.80057
49.882          0.78440
50.401          0.89024
50.921          1.1302
51.441          1.3043
51.960          1.1515
52.480          0.90491
52.999          0.78803
