0.0000          1.2981
0.51960         1.1893
1.0392          0.93426
1.5588          0.79657
2.0784          0.78693
2.5980          0.90068
3.1176          1.1456
3.6372          1.3045
4.1568          1.1362
4.6764          0.89427
5.1960          0.78535
5.7156          0.79896
6.2352          0.94164
6.7548          1.1979
7.2744          1.2955
7.7940          1.0814
8.3136          0.86061
8.8332          0.77882
9.3528          0.81576
9.8724          0.98748
10.392          1.2428
10.912          1.2720
11.431          1.0285
11.951          0.83361
12.470          0.77692
12.990          0.83777
13.510          1.0373
14.029          1.2770
14.549          1.2358
15.068          0.97935
15.588          0.81254
16.108          0.77961
16.627          0.86588
17.147          1.0907
17.666          1.2981
18.186          1.1893
18.706          0.93426
19.225          0.79657
19.745          0.78693
20.264          0.90068
20.784          1.1456
21.304          1.3045
21.823          1.1362
22.343          0.89427
22.862          0.78535
23.382          0.79896
23.902          0.94164
24.421          1.1979
24.941          1.2955
25.460          1.0814
25.980          0.86061
26.500          0.77882
27.019          0.81576
27.539          0.98748
28.059          1.2428
28.578          1.2720
29.098          1.0285
29.617          0.83361
30.137          0.77692
30.657          0.83777
31.176          1.0373
31.696          1.2770
32.215          1.2358
32.735          0.97935
33.255          0.81254
33.774          0.77961
34.294          0.86588
34.813          1.0907
35.333          1.2981
35.853          1.1893
36.372          0.93426
36.892          0.79657
37.411          0.78693
37.931          0.90068
38.451          1.1456
38.970          1.3045
39.490          1.1362
40.009          0.89427
40.529          0.78535
41.049          0.79896
41.568          0.94164
42.088          1.1979
42.607          1.2955
43.127          1.0814
43.647          0.86061
44.166          0.77882
44.686          0.81576
45.205          0.98748
45.725          1.2428
46.245          1.2720
46.764          1.0285
47.284          0.83361
47.803          0.77692
48.323          0.83777
48.843          1.0373
49.362          1.2770
49.882          1.2358
50.401          0.97935
50.921          0.81254
51.441          0.77961
51.960          0.86588
52.480          1.0907
52.999          1.2981
