0.0000          0.83609
0.51960         1.0338
1.0392          1.2750
1.5588          1.2387
2.0784          0.98258
2.5980          0.81381
3.1176          0.77928
3.6372          0.86375
4.1568          1.0869
4.6764          1.2971
5.1960          1.1928
5.7156          0.93719
6.2352          0.79751
6.7548          0.78629
7.2744          0.89810
7.7940          1.1418
8.3136          1.3046
8.8332          1.1400
9.3528          0.89681
9.8724          0.78597
10.392          0.79799
10.912          0.93867
11.431          1.1945
11.951          1.2966
12.470          1.0851
12.990          0.86269
13.510          0.77912
14.029          0.81445
14.549          0.98422
15.068          1.2401
15.588          1.2740
16.108          1.0320
16.627          0.83525
17.147          0.77690
17.666          0.83609
18.186          1.0338
18.706          1.2750
19.225          1.2387
19.745          0.98258
20.264          0.81381
20.784          0.77928
21.304          0.86375
21.823          1.0869
22.343          1.2971
22.862          1.1928
23.382          0.93719
23.902          0.79751
24.421          0.78629
24.941          0.89810
25.460          1.1418
25.980          1.3046
26.500          1.1400
27.019          0.89681
27.539          0.78597
28.059          0.79799
28.578          0.93867
29.098          1.1945
29.617          1.2966
30.137          1.0851
30.657          0.86269
31.176          0.77912
31.696          0.81445
32.215          0.98422
32.735          1.2401
33.255          1.2740
33.774          1.0320
34.294          0.83525
34.813          0.77690
35.333          0.83609
35.853          1.0338
36.372          1.2750
36.892          1.2387
37.411          0.98258
37.931          0.81381
38.451          0.77928
38.970          0.86375
39.490          1.0869
40.009          1.2971
40.529          1.1928
41.049          0.93719
41.568          0.79751
42.088          0.78629
42.607          0.89810
43.127          1.1418
43.647          1.3046
44.166          1.1400
44.686          0.89681
45.205          0.78597
45.725          0.79799
46.245          0.93867
46.764          1.1945
47.284          1.2966
47.803          1.0851
48.323          0.86269
48.843          0.77912
49.362          0.81445
49.882          0.98422
50.401          1.2401
50.921          1.2740
51.441          1.0320
51.960          0.83525
52.480          0.77690
52.999          0.83609
