0.0000          1.0268
0.51960         1.2710
1.0392          1.2442
1.5588          0.98910
2.0784          0.81642
2.5980          0.77868
3.1176          0.85959
3.6372          1.0795
4.1568          1.2950
4.6764          1.1996
5.1960          0.94312
5.7156          0.79945
6.2352          0.78505
6.7548          0.89302
7.2744          1.1344
7.7940          1.3045
8.3136          1.1474
8.8332          0.90197
9.3528          0.78727
9.8724          0.79612
10.392          0.93281
10.912          1.1876
11.431          1.2986
11.951          1.0925
12.470          0.86695
12.990          0.77978
13.510          0.81192
14.029          0.97775
14.549          1.2344
15.068          1.2779
15.588          1.0391
16.108          0.83862
16.627          0.77694
17.147          0.83280
17.666          1.0268
18.186          1.2710
18.706          1.2442
19.225          0.98911
19.745          0.81642
20.264          0.77868
20.784          0.85959
21.304          1.0795
21.823          1.2950
22.343          1.1996
22.862          0.94312
23.382          0.79945
23.902          0.78505
24.421          0.89302
24.941          1.1344
25.460          1.3045
25.980          1.1474
26.500          0.90197
27.019          0.78727
27.539          0.79611
28.059          0.93281
28.578          1.1876
29.098          1.2986
29.617          1.0925
30.137          0.86695
30.657          0.77978
31.176          0.81192
31.696          0.97775
32.215          1.2344
32.735          1.2779
33.255          1.0391
33.774          0.83862
34.294          0.77694
34.813          0.83280
35.333          1.0268
35.853          1.2710
36.372          1.2442
36.892          0.98911
37.411          0.81642
37.931          0.77868
38.451          0.85959
38.970          1.0795
39.490          1.2950
40.009          1.1996
40.529          0.94312
41.049          0.79945
41.568          0.78505
42.088          0.89302
42.607          1.1344
43.127          1.3045
43.647          1.1474
44.166          0.90197
44.686          0.78727
45.205          0.79612
45.725          0.93281
46.245          1.1876
46.764          1.2986
47.284          1.0925
47.803          0.86695
48.323          0.77978
48.843          0.81192
49.362          0.97775
49.882          1.2344
50.401          1.2779
50.921          1.0391
51.441          0.83862
51.960          0.77694
52.480          0.83280
52.999          1.0268
