0.0000          0.81022
0.51960         0.77834
1.0392          0.84083
1.5588          1.0301
2.0784          1.2768
2.5980          1.2728
3.1176          1.0243
3.6372          0.83810
4.1568          0.77804
4.6764          0.81212
5.1960          0.96259
5.7156          1.2175
6.2352          1.3107
6.7548          1.0989
7.2744          0.87702
7.7940          0.78519
8.3136          0.79276
8.8332          0.90512
9.3528          1.1438
9.8724          1.3196
10.392          1.1757
10.912          0.92785
11.431          0.79985
11.951          0.78129
12.470          0.85928
12.990          1.0669
13.510          1.2981
14.029          1.2447
14.549          0.98976
15.068          0.82289
15.588          0.77725
16.108          0.82518
16.627          0.99522
17.147          1.2496
17.666          1.2950
18.186          1.0609
18.706          0.85609
19.225          0.78069
19.745          0.80139
20.264          0.93248
20.784          1.1818
21.304          1.3190
21.823          1.1376
22.343          0.90096
22.862          0.79155
23.382          0.78610
23.902          0.88070
24.421          1.1051
24.941          1.3125
25.460          1.2119
25.980          0.95752
26.500          0.81022
27.019          0.77834
27.539          0.84083
28.059          1.0301
28.578          1.2768
29.098          1.2728
29.617          1.0243
30.137          0.83810
30.657          0.77804
31.176          0.81212
31.696          0.96259
32.215          1.2175
32.735          1.3107
33.255          1.0989
33.774          0.87702
34.294          0.78519
34.813          0.79276
35.333          0.90512
35.853          1.1438
36.372          1.3196
36.892          1.1757
37.411          0.92785
37.931          0.79985
38.451          0.78129
38.970          0.85928
39.490          1.0669
40.009          1.2981
40.529          1.2447
41.049          0.98976
41.568          0.82289
42.088          0.77725
42.607          0.82518
43.127          0.99522
43.647          1.2496
44.166          1.2950
44.686          1.0609
45.205          0.85609
45.725          0.78069
46.245          0.80139
46.764          0.93248
47.284          1.1818
47.803          1.3190
48.323          1.1376
48.843          0.90096
49.362          0.79155
49.882          0.78610
50.401          0.88070
50.921          1.1051
51.441          1.3125
51.960          1.2119
52.480          0.95752
52.999          0.81022
