0.0000          0.78241
0.51960         0.80455
1.0392          0.95794
1.5588          1.2154
2.0784          1.2885
2.5980          1.0616
3.1176          0.84996
3.6372          0.77759
4.1568          0.82318
4.6764          1.0053
5.1960          1.2567
5.7156          1.2601
6.2352          1.0101
6.7548          0.82524
7.2744          0.77737
7.7940          0.84732
8.3136          1.0565
8.8332          1.2864
9.3528          1.2198
9.8724          0.96230
10.392          0.80612
10.912          0.78175
11.431          0.87787
11.951          1.1108
12.470          1.3023
12.990          1.1704
13.510          0.91893
14.029          0.79191
14.549          0.79080
15.068          0.91505
15.588          1.1653
16.108          1.3030
16.627          1.1161
17.147          0.88115
17.666          0.78241
18.186          0.80455
18.706          0.95794
19.225          1.2154
19.745          1.2885
20.264          1.0616
20.784          0.84996
21.304          0.77759
21.823          0.82318
22.343          1.0053
22.862          1.2567
23.382          1.2601
23.902          1.0101
24.421          0.82524
24.941          0.77737
25.460          0.84732
25.980          1.0565
26.500          1.2864
27.019          1.2198
27.539          0.96230
28.059          0.80612
28.578          0.78175
29.098          0.87787
29.617          1.1108
30.137          1.3023
30.657          1.1704
31.176          0.91893
31.696          0.79191
32.215          0.79080
32.735          0.91505
33.255          1.1653
33.774          1.3030
34.294          1.1161
34.813          0.88115
35.333          0.78241
35.853          0.80455
36.372          0.95794
36.892          1.2154
37.411          1.2885
37.931          1.0616
38.451          0.84996
38.970          0.77759
39.490          0.82318
40.009          1.0053
40.529          1.2567
41.049          1.2601
41.568          1.0101
42.088          0.82524
42.607          0.77737
43.127          0.84732
43.647          1.0565
44.166          1.2864
44.686          1.2198
45.205          0.96230
45.725          0.80612
46.245          0.78175
46.764          0.87787
47.284          1.1108
47.803          1.3023
48.323          1.1704
48.843          0.91893
49.362          0.79191
49.882          0.79080
50.401          0.91505
50.921          1.1653
51.441          1.3030
51.960          1.1161
52.480          0.88115
52.999          0.78241
