0.0000          0.79439
0.51960         0.91058
1.0392          1.1518
1.5588          1.3201
2.0784          1.1679
2.5980          0.92202
3.1176          0.79796
3.6372          0.78214
4.1568          0.86349
4.6764          1.0748
5.1960          1.3016
5.7156          1.2382
6.2352          0.98286
6.7548          0.82006
7.2744          0.77733
7.7940          0.82822
8.3136          1.0023
8.8332          1.2557
9.3528          1.2909
9.8724          1.0531
10.392          0.85211
10.912          0.77999
11.431          0.80344
11.951          0.93852
12.470          1.1894
12.990          1.3179
13.510          1.1295
14.029          0.89573
14.549          0.79007
15.068          0.78733
15.588          0.88553
16.108          1.1132
16.627          1.3146
17.147          1.2046
17.666          0.95113
18.186          0.80788
18.706          0.77880
19.225          0.84443
19.745          1.0376
20.264          1.2818
20.784          1.2674
21.304          1.0169
21.823          0.83472
22.343          0.77772
22.862          0.81463
23.382          0.96917
23.902          1.2245
24.421          1.3080
24.941          1.0909
25.460          0.87241
25.980          0.78410
26.500          0.79439
27.019          0.91058
27.539          1.1518
28.059          1.3201
28.578          1.1679
29.098          0.92202
29.617          0.79796
30.137          0.78214
30.657          0.86349
31.176          1.0748
31.696          1.3016
32.215          1.2382
32.735          0.98286
33.255          0.82006
33.774          0.77733
34.294          0.82822
34.813          1.0023
35.333          1.2557
35.853          1.2909
36.372          1.0531
36.892          0.85211
37.411          0.77999
37.931          0.80344
38.451          0.93852
38.970          1.1894
39.490          1.3179
40.009          1.1295
40.529          0.89573
41.049          0.79007
41.568          0.78733
42.088          0.88553
42.607          1.1132
43.127          1.3146
43.647          1.2046
44.166          0.95113
44.686          0.80788
45.205          0.77880
45.725          0.84443
46.245          1.0376
46.764          1.2818
47.284          1.2674
47.803          1.0169
48.323          0.83472
48.843          0.77772
49.362          0.81463
49.882          0.96917
50.401          1.2245
50.921          1.3080
51.441          1.0909
51.960          0.87241
52.480          0.78410
52.999          0.79439
