0.0000          0.84453
0.51960         1.0511
1.0392          1.2839
1.5588          1.2245
2.0784          0.96707
2.5980          0.80787
3.1176          0.78108
3.6372          0.87438
4.1568          1.1051
4.6764          1.3013
5.1960          1.1758
5.7156          0.92320
6.2352          0.79317
6.7548          0.78964
7.2744          0.91090
7.7940          1.1598
8.3136          1.3037
8.8332          1.1218
9.3528          0.88477
9.8724          0.78318
10.392          0.80291
10.912          0.95327
11.431          1.2106
11.951          1.2907
12.470          1.0672
12.990          0.85288
13.510          0.77788
14.029          0.82101
14.549          1.0002
15.068          1.2530
15.588          1.2636
16.108          1.0152
16.627          0.82753
17.147          0.77718
17.666          0.84453
18.186          1.0511
18.706          1.2839
19.225          1.2245
19.745          0.96707
20.264          0.80787
20.784          0.78108
21.304          0.87438
21.823          1.1051
22.343          1.3013
22.862          1.1758
23.382          0.92320
23.902          0.79317
24.421          0.78964
24.941          0.91090
25.460          1.1598
25.980          1.3037
26.500          1.1218
27.019          0.88477
27.539          0.78318
28.059          0.80291
28.578          0.95327
29.098          1.2106
29.617          1.2907
30.137          1.0672
30.657          0.85288
31.176          0.77788
31.696          0.82101
32.215          1.0002
32.735          1.2530
33.255          1.2636
33.774          1.0152
34.294          0.82753
34.813          0.77718
35.333          0.84453
35.853          1.0511
36.372          1.2839
36.892          1.2245
37.411          0.96707
37.931          0.80787
38.451          0.78108
38.970          0.87438
39.490          1.1051
40.009          1.3013
40.529          1.1758
41.049          0.92320
41.568          0.79317
42.088          0.78964
42.607          0.91090
43.127          1.1598
43.647          1.3037
44.166          1.1218
44.686          0.88477
45.205          0.78318
45.725          0.80291
46.245          0.95327
46.764          1.2106
47.284          1.2907
47.803          1.0672
48.323          0.85288
48.843          0.77788
49.362          0.82101
49.882          1.0002
50.401          1.2530
50.921          1.2636
51.441          1.0152
51.960          0.82753
52.480          0.77718
52.999          0.84453
