0.0000          1.0219
0.51960         1.2679
1.0392          1.2480
1.5588          0.99380
2.0784          0.81833
2.5980          0.77831
3.1176          0.85670
3.6372          1.0743
4.1568          1.2932
4.6764          1.2043
5.1960          0.94740
5.7156          0.80089
6.2352          0.78423
6.7548          0.88947
7.2744          1.1290
7.7940          1.3042
8.3136          1.1527
8.8332          0.90573
9.3528          0.78825
9.8724          0.79483
10.392          0.92869
10.912          1.1827
11.431          1.2998
11.951          1.0978
12.470          0.87007
12.990          0.78030
13.510          0.81017
14.029          0.97318
14.549          1.2303
15.068          1.2805
15.588          1.0442
16.108          0.84109
16.627          0.77701
17.147          0.83052
17.666          1.0219
18.186          1.2679
18.706          1.2480
19.225          0.99380
19.745          0.81833
20.264          0.77831
20.784          0.85670
21.304          1.0743
21.823          1.2932
22.343          1.2043
22.862          0.94740
23.382          0.80089
23.902          0.78423
24.421          0.88947
24.941          1.1290
25.460          1.3042
25.980          1.1527
26.500          0.90573
27.019          0.78825
27.539          0.79483
28.059          0.92869
28.578          1.1827
29.098          1.2998
29.617          1.0978
30.137          0.87007
30.657          0.78030
31.176          0.81017
31.696          0.97318
32.215          1.2303
32.735          1.2805
33.255          1.0442
33.774          0.84109
34.294          0.77701
34.813          0.83052
35.333          1.0219
35.853          1.2679
36.372          1.2480
36.892          0.99380
37.411          0.81833
37.931          0.77831
38.451          0.85670
38.970          1.0743
39.490          1.2932
40.009          1.2043
40.529          0.94740
41.049          0.80089
41.568          0.78423
42.088          0.88947
42.607          1.1290
43.127          1.3042
43.647          1.1527
44.166          0.90573
44.686          0.78825
45.205          0.79483
45.725          0.92869
46.245          1.1827
46.764          1.2998
47.284          1.0978
47.803          0.87007
48.323          0.78030
48.843          0.81017
49.362          0.97318
49.882          1.2303
50.401          1.2805
50.921          1.0442
51.441          0.84109
51.960          0.77701
52.480          0.83052
52.999          1.0219
