0.0000          1.0235
0.51960         1.2689
1.0392          1.2468
1.5588          0.99227
2.0784          0.81771
2.5980          0.77842
3.1176          0.85763
3.6372          1.0760
4.1568          1.2938
4.6764          1.2028
5.1960          0.94601
5.7156          0.80042
6.2352          0.78449
6.7548          0.89062
7.2744          1.1308
7.7940          1.3043
8.3136          1.1510
8.8332          0.90450
9.3528          0.78792
9.8724          0.79524
10.392          0.93002
10.912          1.1843
11.431          1.2995
11.951          1.0961
12.470          0.86905
12.990          0.78013
13.510          0.81073
14.029          0.97466
14.549          1.2316
15.068          1.2797
15.588          1.0425
16.108          0.84028
16.627          0.77698
17.147          0.83126
17.666          1.0235
18.186          1.2689
18.706          1.2468
19.225          0.99227
19.745          0.81771
20.264          0.77842
20.784          0.85763
21.304          1.0760
21.823          1.2938
22.343          1.2028
22.862          0.94601
23.382          0.80042
23.902          0.78449
24.421          0.89062
24.941          1.1308
25.460          1.3043
25.980          1.1510
26.500          0.90450
27.019          0.78792
27.539          0.79524
28.059          0.93002
28.578          1.1843
29.098          1.2995
29.617          1.0961
30.137          0.86905
30.657          0.78013
31.176          0.81073
31.696          0.97466
32.215          1.2316
32.735          1.2797
33.255          1.0425
33.774          0.84028
34.294          0.77698
34.813          0.83126
35.333          1.0235
35.853          1.2689
36.372          1.2468
36.892          0.99227
37.411          0.81771
37.931          0.77842
38.451          0.85763
38.970          1.0760
39.490          1.2938
40.009          1.2028
40.529          0.94601
41.049          0.80042
41.568          0.78449
42.088          0.89062
42.607          1.1308
43.127          1.3043
43.647          1.1510
44.166          0.90450
44.686          0.78792
45.205          0.79524
45.725          0.93002
46.245          1.1843
46.764          1.2995
47.284          1.0961
47.803          0.86905
48.323          0.78013
48.843          0.81073
49.362          0.97466
49.882          1.2316
50.401          1.2797
50.921          1.0425
51.441          0.84028
51.960          0.77698
52.480          0.83126
52.999          1.0235
