0.0000          1.0286
0.51960         1.2721
1.0392          1.2428
1.5588          0.98739
2.0784          0.81572
2.5980          0.77883
3.1176          0.86067
3.6372          1.0815
4.1568          1.2956
4.6764          1.1978
5.1960          0.94156
5.7156          0.79894
6.2352          0.78537
6.7548          0.89433
7.2744          1.1363
7.7940          1.3045
8.3136          1.1455
8.8332          0.90061
9.3528          0.78692
9.8724          0.79660
10.392          0.93434
10.912          1.1894
11.431          1.2981
11.951          1.0906
12.470          0.86583
12.990          0.77960
13.510          0.81257
14.029          0.97943
14.549          1.2359
15.068          1.2769
15.588          1.0372
16.108          0.83773
16.627          0.77692
17.147          0.83365
17.666          1.0286
18.186          1.2721
18.706          1.2428
19.225          0.98739
19.745          0.81572
20.264          0.77883
20.784          0.86067
21.304          1.0815
21.823          1.2956
22.343          1.1978
22.862          0.94156
23.382          0.79894
23.902          0.78537
24.421          0.89433
24.941          1.1363
25.460          1.3045
25.980          1.1455
26.500          0.90061
27.019          0.78692
27.539          0.79660
28.059          0.93434
28.578          1.1894
29.098          1.2981
29.617          1.0906
30.137          0.86583
30.657          0.77960
31.176          0.81257
31.696          0.97943
32.215          1.2359
32.735          1.2769
33.255          1.0372
33.774          0.83773
34.294          0.77692
34.813          0.83365
35.333          1.0286
35.853          1.2721
36.372          1.2428
36.892          0.98739
37.411          0.81572
37.931          0.77883
38.451          0.86067
38.970          1.0815
39.490          1.2956
40.009          1.1978
40.529          0.94156
41.049          0.79894
41.568          0.78537
42.088          0.89433
42.607          1.1363
43.127          1.3045
43.647          1.1455
44.166          0.90061
44.686          0.78692
45.205          0.79660
45.725          0.93434
46.245          1.1894
46.764          1.2981
47.284          1.0906
47.803          0.86583
48.323          0.77960
48.843          0.81257
49.362          0.97943
49.882          1.2359
50.401          1.2769
50.921          1.0372
51.441          0.83773
51.960          0.77692
52.480          0.83365
52.999          1.0286
