0.0000          1.0239
0.51960         1.2692
1.0392          1.2465
1.5588          0.99189
2.0784          0.81755
2.5980          0.77845
3.1176          0.85786
3.6372          1.0764
4.1568          1.2939
4.6764          1.2024
5.1960          0.94566
5.7156          0.80030
6.2352          0.78456
6.7548          0.89090
7.2744          1.1312
7.7940          1.3044
8.3136          1.1506
8.8332          0.90420
9.3528          0.78784
9.8724          0.79535
10.392          0.93036
10.912          1.1847
11.431          1.2994
11.951          1.0957
12.470          0.86880
12.990          0.78008
13.510          0.81087
14.029          0.97503
14.549          1.2320
15.068          1.2795
15.588          1.0421
16.108          0.84008
16.627          0.77697
17.147          0.83144
17.666          1.0239
18.186          1.2692
18.706          1.2465
19.225          0.99189
19.745          0.81755
20.264          0.77845
20.784          0.85786
21.304          1.0764
21.823          1.2939
22.343          1.2024
22.862          0.94566
23.382          0.80030
23.902          0.78456
24.421          0.89090
24.941          1.1312
25.460          1.3044
25.980          1.1506
26.500          0.90420
27.019          0.78784
27.539          0.79535
28.059          0.93036
28.578          1.1847
29.098          1.2994
29.617          1.0957
30.137          0.86880
30.657          0.78008
31.176          0.81087
31.696          0.97503
32.215          1.2320
32.735          1.2795
33.255          1.0421
33.774          0.84008
34.294          0.77697
34.813          0.83144
35.333          1.0239
35.853          1.2692
36.372          1.2465
36.892          0.99189
37.411          0.81755
37.931          0.77845
38.451          0.85786
38.970          1.0764
39.490          1.2939
40.009          1.2024
40.529          0.94566
41.049          0.80030
41.568          0.78456
42.088          0.89090
42.607          1.1312
43.127          1.3044
43.647          1.1506
44.166          0.90420
44.686          0.78784
45.205          0.79535
45.725          0.93036
46.245          1.1847
46.764          1.2994
47.284          1.0957
47.803          0.86880
48.323          0.78008
48.843          0.81087
49.362          0.97503
49.882          1.2320
50.401          1.2795
50.921          1.0421
51.441          0.84008
51.960          0.77697
52.480          0.83144
52.999          1.0239
