0.0000          1.0104
0.51960         1.2603
1.0392          1.2565
1.5588          1.0050
2.0784          0.82305
2.5980          0.77761
3.1176          0.85013
3.6372          1.0619
4.1568          1.2886
4.6764          1.2152
5.1960          0.95767
5.7156          0.80446
6.2352          0.78246
6.7548          0.88136
7.2744          1.1164
7.7940          1.3031
8.3136          1.1650
8.8332          0.91480
9.3528          0.79073
9.8724          0.79198
10.392          0.91918
10.912          1.1707
11.431          1.3022
11.951          1.1105
12.470          0.87766
12.990          0.78171
13.510          0.80622
14.029          0.96258
14.549          1.2201
15.068          1.2862
15.588          1.0562
16.108          0.84716
16.627          0.77736
17.147          0.82538
17.666          1.0104
18.186          1.2603
18.706          1.2565
19.225          1.0050
19.745          0.82305
20.264          0.77761
20.784          0.85013
21.304          1.0619
21.823          1.2886
22.343          1.2152
22.862          0.95767
23.382          0.80446
23.902          0.78246
24.421          0.88136
24.941          1.1164
25.460          1.3031
25.980          1.1650
26.500          0.91480
27.019          0.79073
27.539          0.79198
28.059          0.91918
28.578          1.1707
29.098          1.3022
29.617          1.1105
30.137          0.87766
30.657          0.78171
31.176          0.80622
31.696          0.96258
32.215          1.2201
32.735          1.2862
33.255          1.0562
33.774          0.84716
34.294          0.77736
34.813          0.82538
35.333          1.0104
35.853          1.2603
36.372          1.2565
36.892          1.0050
37.411          0.82305
37.931          0.77761
38.451          0.85013
38.970          1.0619
39.490          1.2886
40.009          1.2152
40.529          0.95767
41.049          0.80446
41.568          0.78246
42.088          0.88136
42.607          1.1164
43.127          1.3031
43.647          1.1650
44.166          0.91480
44.686          0.79073
45.205          0.79198
45.725          0.91918
46.245          1.1707
46.764          1.3022
47.284          1.1105
47.803          0.87766
48.323          0.78171
48.843          0.80622
49.362          0.96258
49.882          1.2201
50.401          1.2862
50.921          1.0562
51.441          0.84716
51.960          0.77736
52.480          0.82538
52.999          1.0104
