0.0000          1.0230
0.51960         1.2686
1.0392          1.2471
1.5588          0.99273
2.0784          0.81790
2.5980          0.77839
3.1176          0.85735
3.6372          1.0754
4.1568          1.2936
4.6764          1.2032
5.1960          0.94643
5.7156          0.80056
6.2352          0.78441
6.7548          0.89027
7.2744          1.1302
7.7940          1.3043
8.3136          1.1515
8.8332          0.90487
9.3528          0.78802
9.8724          0.79512
10.392          0.92962
10.912          1.1838
11.431          1.2996
11.951          1.0966
12.470          0.86936
12.990          0.78018
13.510          0.81056
14.029          0.97421
14.549          1.2312
15.068          1.2800
15.588          1.0430
16.108          0.84053
16.627          0.77699
17.147          0.83103
17.666          1.0230
18.186          1.2686
18.706          1.2471
19.225          0.99273
19.745          0.81790
20.264          0.77839
20.784          0.85735
21.304          1.0754
21.823          1.2936
22.343          1.2032
22.862          0.94643
23.382          0.80056
23.902          0.78441
24.421          0.89027
24.941          1.1302
25.460          1.3043
25.980          1.1515
26.500          0.90487
27.019          0.78802
27.539          0.79512
28.059          0.92962
28.578          1.1838
29.098          1.2996
29.617          1.0966
30.137          0.86936
30.657          0.78018
31.176          0.81056
31.696          0.97421
32.215          1.2312
32.735          1.2800
33.255          1.0430
33.774          0.84053
34.294          0.77699
34.813          0.83103
35.333          1.0230
35.853          1.2686
36.372          1.2471
36.892          0.99273
37.411          0.81790
37.931          0.77839
38.451          0.85735
38.970          1.0754
39.490          1.2936
40.009          1.2032
40.529          0.94643
41.049          0.80056
41.568          0.78441
42.088          0.89027
42.607          1.1302
43.127          1.3043
43.647          1.1515
44.166          0.90487
44.686          0.78802
45.205          0.79512
45.725          0.92962
46.245          1.1838
46.764          1.2996
47.284          1.0966
47.803          0.86936
48.323          0.78018
48.843          0.81056
49.362          0.97421
49.882          1.2312
50.401          1.2800
50.921          1.0430
51.441          0.84053
51.960          0.77699
52.480          0.83103
52.999          1.0230
