0.0000          1.0078
0.51960         1.2585
1.0392          1.2583
1.5588          1.0075
2.0784          0.82414
2.5980          0.77748
3.1176          0.84872
3.6372          1.0592
4.1568          1.2875
4.6764          1.2175
5.1960          0.95998
5.7156          0.80528
6.2352          0.78210
6.7548          0.87960
7.2744          1.1136
7.7940          1.3027
8.3136          1.1677
8.8332          0.91686
9.3528          0.79132
9.8724          0.79138
10.392          0.91710
10.912          1.1680
11.431          1.3026
11.951          1.1133
12.470          0.87940
12.990          0.78206
13.510          0.80538
14.029          0.96025
14.549          1.2178
15.068          1.2874
15.588          1.0589
16.108          0.84855
16.627          0.77747
17.147          0.82427
17.666          1.0078
18.186          1.2585
18.706          1.2583
19.225          1.0075
19.745          0.82414
20.264          0.77748
20.784          0.84872
21.304          1.0592
21.823          1.2875
22.343          1.2175
22.862          0.95998
23.382          0.80528
23.902          0.78210
24.421          0.87960
24.941          1.1136
25.460          1.3027
25.980          1.1677
26.500          0.91686
27.019          0.79132
27.539          0.79138
28.059          0.91710
28.578          1.1680
29.098          1.3026
29.617          1.1133
30.137          0.87940
30.657          0.78206
31.176          0.80538
31.696          0.96025
32.215          1.2178
32.735          1.2874
33.255          1.0589
33.774          0.84855
34.294          0.77747
34.813          0.82427
35.333          1.0078
35.853          1.2585
36.372          1.2583
36.892          1.0075
37.411          0.82414
37.931          0.77748
38.451          0.84872
38.970          1.0592
39.490          1.2875
40.009          1.2175
40.529          0.95998
41.049          0.80528
41.568          0.78210
42.088          0.87960
42.607          1.1136
43.127          1.3027
43.647          1.1677
44.166          0.91686
44.686          0.79132
45.205          0.79138
45.725          0.91710
46.245          1.1680
46.764          1.3026
47.284          1.1133
47.803          0.87940
48.323          0.78206
48.843          0.80538
49.362          0.96025
49.882          1.2178
50.401          1.2874
50.921          1.0589
51.441          0.84855
51.960          0.77747
52.480          0.82427
52.999          1.0078
