0.0000          1.0870
0.51960         1.2972
1.0392          1.1928
1.5588          0.93717
2.0784          0.79750
2.5980          0.78629
3.1176          0.89812
3.6372          1.1419
4.1568          1.3046
4.6764          1.1399
5.1960          0.89679
5.7156          0.78596
6.2352          0.79800
6.7548          0.93870
7.2744          1.1945
7.7940          1.2966
8.3136          1.0850
8.8332          0.86268
9.3528          0.77911
9.8724          0.81447
10.392          0.98424
10.912          1.2401
11.431          1.2740
11.951          1.0320
12.470          0.83524
12.990          0.77690
13.510          0.83610
14.029          1.0338
14.549          1.2751
15.068          1.2386
15.588          0.98255
16.108          0.81380
16.627          0.77928
17.147          0.86377
17.666          1.0870
18.186          1.2972
18.706          1.1928
19.225          0.93717
19.745          0.79750
20.264          0.78629
20.784          0.89812
21.304          1.1419
21.823          1.3046
22.343          1.1399
22.862          0.89679
23.382          0.78596
23.902          0.79800
24.421          0.93870
24.941          1.1945
25.460          1.2966
25.980          1.0850
26.500          0.86268
27.019          0.77911
27.539          0.81447
28.059          0.98424
28.578          1.2401
29.098          1.2740
29.617          1.0320
30.137          0.83524
30.657          0.77690
31.176          0.83610
31.696          1.0338
32.215          1.2751
32.735          1.2386
33.255          0.98255
33.774          0.81380
34.294          0.77928
34.813          0.86377
35.333          1.0870
35.853          1.2972
36.372          1.1928
36.892          0.93717
37.411          0.79750
37.931          0.78629
38.451          0.89812
38.970          1.1419
39.490          1.3046
40.009          1.1399
40.529          0.89679
41.049          0.78596
41.568          0.79800
42.088          0.93870
42.607          1.1945
43.127          1.2966
43.647          1.0850
44.166          0.86268
44.686          0.77911
45.205          0.81447
45.725          0.98424
46.245          1.2401
46.764          1.2740
47.284          1.0320
47.803          0.83524
48.323          0.77690
48.843          0.83610
49.362          1.0338
49.882          1.2751
50.401          1.2386
50.921          0.98255
51.441          0.81380
51.960          0.77928
52.480          0.86377
52.999          1.0870
