0.0000          1.0025
0.51960         1.2547
1.0392          1.2621
1.5588          1.0129
2.0784          0.82650
2.5980          0.77726
3.1176          0.84577
3.6372          1.0535
4.1568          1.2850
4.6764          1.2224
5.1960          0.96494
5.7156          0.80708
6.2352          0.78137
6.7548          0.87593
7.2744          1.1076
7.7940          1.3018
8.3136          1.1734
8.8332          0.92128
9.3528          0.79260
9.8724          0.79015
10.392          0.91275
10.912          1.1623
11.431          1.3034
11.951          1.1192
12.470          0.88314
12.990          0.78283
13.510          0.80364
14.029          0.95535
14.549          1.2128
15.068          1.2897
15.588          1.0647
16.108          0.85157
16.627          0.77774
17.147          0.82197
17.666          1.0025
18.186          1.2547
18.706          1.2621
19.225          1.0129
19.745          0.82650
20.264          0.77726
20.784          0.84577
21.304          1.0535
21.823          1.2850
22.343          1.2224
22.862          0.96494
23.382          0.80708
23.902          0.78137
24.421          0.87593
24.941          1.1076
25.460          1.3018
25.980          1.1734
26.500          0.92128
27.019          0.79260
27.539          0.79015
28.059          0.91275
28.578          1.1623
29.098          1.3034
29.617          1.1192
30.137          0.88314
30.657          0.78283
31.176          0.80364
31.696          0.95535
32.215          1.2128
32.735          1.2897
33.255          1.0647
33.774          0.85157
34.294          0.77774
34.813          0.82197
35.333          1.0025
35.853          1.2547
36.372          1.2621
36.892          1.0129
37.411          0.82650
37.931          0.77726
38.451          0.84577
38.970          1.0535
39.490          1.2850
40.009          1.2224
40.529          0.96494
41.049          0.80708
41.568          0.78137
42.088          0.87593
42.607          1.1076
43.127          1.3018
43.647          1.1734
44.166          0.92128
44.686          0.79260
45.205          0.79015
45.725          0.91275
46.245          1.1623
46.764          1.3034
47.284          1.1192
47.803          0.88314
48.323          0.78283
48.843          0.80364
49.362          0.95535
49.882          1.2128
50.401          1.2897
50.921          1.0647
51.441          0.85157
51.960          0.77774
52.480          0.82197
52.999          1.0025
