0.0000          1.0212
0.51960         1.2675
1.0392          1.2485
1.5588          0.99440
2.0784          0.81858
2.5980          0.77826
3.1176          0.85633
3.6372          1.0736
4.1568          1.2930
4.6764          1.2049
5.1960          0.94795
5.7156          0.80108
6.2352          0.78412
6.7548          0.88902
7.2744          1.1283
7.7940          1.3042
8.3136          1.1534
8.8332          0.90621
9.3528          0.78837
9.8724          0.79467
10.392          0.92817
10.912          1.1820
11.431          1.3000
11.951          1.0985
12.470          0.87047
12.990          0.78037
13.510          0.80995
14.029          0.97260
14.549          1.2297
15.068          1.2809
15.588          1.0448
16.108          0.84141
16.627          0.77702
17.147          0.83024
17.666          1.0212
18.186          1.2675
18.706          1.2485
19.225          0.99440
19.745          0.81858
20.264          0.77826
20.784          0.85633
21.304          1.0736
21.823          1.2930
22.343          1.2049
22.862          0.94795
23.382          0.80108
23.902          0.78413
24.421          0.88902
24.941          1.1283
25.460          1.3042
25.980          1.1534
26.500          0.90621
27.019          0.78837
27.539          0.79467
28.059          0.92817
28.578          1.1820
29.098          1.3000
29.617          1.0985
30.137          0.87047
30.657          0.78037
31.176          0.80995
31.696          0.97260
32.215          1.2297
32.735          1.2809
33.255          1.0448
33.774          0.84141
34.294          0.77702
34.813          0.83024
35.333          1.0212
35.853          1.2675
36.372          1.2485
36.892          0.99440
37.411          0.81858
37.931          0.77826
38.451          0.85633
38.970          1.0736
39.490          1.2930
40.009          1.2049
40.529          0.94795
41.049          0.80108
41.568          0.78412
42.088          0.88902
42.607          1.1283
43.127          1.3042
43.647          1.1534
44.166          0.90621
44.686          0.78837
45.205          0.79467
45.725          0.92817
46.245          1.1820
46.764          1.3000
47.284          1.0985
47.803          0.87047
48.323          0.78037
48.843          0.80995
49.362          0.97260
49.882          1.2297
50.401          1.2809
50.921          1.0448
51.441          0.84141
51.960          0.77702
52.480          0.83024
52.999          1.0212
