0.0000          1.0122
0.51960         1.2616
1.0392          1.2552
1.5588          1.0032
2.0784          0.82226
2.5980          0.77770
3.1176          0.85118
3.6372          1.0640
4.1568          1.2894
4.6764          1.2134
5.1960          0.95597
5.7156          0.80385
6.2352          0.78273
6.7548          0.88267
7.2744          1.1185
7.7940          1.3033
8.3136          1.1630
8.8332          0.91329
9.3528          0.79030
9.8724          0.79244
10.392          0.92072
10.912          1.1727
11.431          1.3019
11.951          1.1084
12.470          0.87639
12.990          0.78146
13.510          0.80685
14.029          0.96431
14.549          1.2218
15.068          1.2853
15.588          1.0542
16.108          0.84614
16.627          0.77728
17.147          0.82620
17.666          1.0122
18.186          1.2616
18.706          1.2552
19.225          1.0032
19.745          0.82226
20.264          0.77770
20.784          0.85118
21.304          1.0640
21.823          1.2894
22.343          1.2134
22.862          0.95597
23.382          0.80385
23.902          0.78273
24.421          0.88267
24.941          1.1185
25.460          1.3033
25.980          1.1630
26.500          0.91329
27.019          0.79030
27.539          0.79244
28.059          0.92072
28.578          1.1727
29.098          1.3019
29.617          1.1084
30.137          0.87639
30.657          0.78146
31.176          0.80685
31.696          0.96431
32.215          1.2218
32.735          1.2853
33.255          1.0542
33.774          0.84614
34.294          0.77728
34.813          0.82620
35.333          1.0122
35.853          1.2616
36.372          1.2552
36.892          1.0032
37.411          0.82226
37.931          0.77770
38.451          0.85118
38.970          1.0640
39.490          1.2894
40.009          1.2134
40.529          0.95597
41.049          0.80385
41.568          0.78273
42.088          0.88267
42.607          1.1185
43.127          1.3033
43.647          1.1630
44.166          0.91329
44.686          0.79030
45.205          0.79244
45.725          0.92072
46.245          1.1727
46.764          1.3019
47.284          1.1084
47.803          0.87639
48.323          0.78146
48.843          0.80685
49.362          0.96431
49.882          1.2218
50.401          1.2853
50.921          1.0542
51.441          0.84614
51.960          0.77728
52.480          0.82620
52.999          1.0122
