0.0000          1.0328
0.51960         1.2745
1.0392          1.2395
1.5588          0.98353
2.0784          0.81418
2.5980          0.77918
3.1176          0.86314
3.6372          1.0859
4.1568          1.2968
4.6764          1.1938
5.1960          0.93805
5.7156          0.79779
6.2352          0.78610
6.7548          0.89735
7.2744          1.1408
7.7940          1.3046
8.3136          1.1411
8.8332          0.89755
9.3528          0.78615
9.8724          0.79771
10.392          0.93781
10.912          1.1935
11.431          1.2969
11.951          1.0862
12.470          0.86331
12.990          0.77921
13.510          0.81408
14.029          0.98327
14.549          1.2393
15.068          1.2746
15.588          1.0331
16.108          0.83573
16.627          0.77690
17.147          0.83560
17.666          1.0328
18.186          1.2745
18.706          1.2395
19.225          0.98353
19.745          0.81418
20.264          0.77918
20.784          0.86314
21.304          1.0859
21.823          1.2968
22.343          1.1938
22.862          0.93805
23.382          0.79779
23.902          0.78610
24.421          0.89735
24.941          1.1408
25.460          1.3046
25.980          1.1411
26.500          0.89755
27.019          0.78615
27.539          0.79771
28.059          0.93781
28.578          1.1935
29.098          1.2969
29.617          1.0862
30.137          0.86331
30.657          0.77921
31.176          0.81408
31.696          0.98327
32.215          1.2393
32.735          1.2746
33.255          1.0331
33.774          0.83573
34.294          0.77690
34.813          0.83560
35.333          1.0328
35.853          1.2745
36.372          1.2395
36.892          0.98353
37.411          0.81418
37.931          0.77918
38.451          0.86314
38.970          1.0859
39.490          1.2968
40.009          1.1938
40.529          0.93805
41.049          0.79779
41.568          0.78610
42.088          0.89735
42.607          1.1408
43.127          1.3046
43.647          1.1411
44.166          0.89755
44.686          0.78615
45.205          0.79771
45.725          0.93781
46.245          1.1935
46.764          1.2969
47.284          1.0862
47.803          0.86331
48.323          0.77921
48.843          0.81408
49.362          0.98327
49.882          1.2393
50.401          1.2746
50.921          1.0331
51.441          0.83573
51.960          0.77690
52.480          0.83560
52.999          1.0328
