0.0000          1.0127
0.51960         1.2619
1.0392          1.2548
1.5588          1.0027
2.0784          0.82207
2.5980          0.77773
3.1176          0.85144
3.6372          1.0644
4.1568          1.2896
4.6764          1.2130
5.1960          0.95556
5.7156          0.80371
6.2352          0.78280
6.7548          0.88298
7.2744          1.1190
7.7940          1.3034
8.3136          1.1625
8.8332          0.91293
9.3528          0.79020
9.8724          0.79254
10.392          0.92109
10.912          1.1732
11.431          1.3018
11.951          1.1079
12.470          0.87609
12.990          0.78140
13.510          0.80700
14.029          0.96472
14.549          1.2222
15.068          1.2851
15.588          1.0537
16.108          0.84590
16.627          0.77727
17.147          0.82640
17.666          1.0127
18.186          1.2619
18.706          1.2548
19.225          1.0027
19.745          0.82207
20.264          0.77773
20.784          0.85144
21.304          1.0644
21.823          1.2896
22.343          1.2130
22.862          0.95556
23.382          0.80371
23.902          0.78280
24.421          0.88298
24.941          1.1190
25.460          1.3034
25.980          1.1625
26.500          0.91293
27.019          0.79020
27.539          0.79254
28.059          0.92109
28.578          1.1732
29.098          1.3018
29.617          1.1079
30.137          0.87609
30.657          0.78140
31.176          0.80700
31.696          0.96472
32.215          1.2222
32.735          1.2851
33.255          1.0537
33.774          0.84590
34.294          0.77727
34.813          0.82640
35.333          1.0127
35.853          1.2619
36.372          1.2548
36.892          1.0027
37.411          0.82207
37.931          0.77773
38.451          0.85144
38.970          1.0644
39.490          1.2896
40.009          1.2130
40.529          0.95556
41.049          0.80371
41.568          0.78280
42.088          0.88298
42.607          1.1190
43.127          1.3034
43.647          1.1625
44.166          0.91293
44.686          0.79020
45.205          0.79254
45.725          0.92109
46.245          1.1732
46.764          1.3018
47.284          1.1079
47.803          0.87609
48.323          0.78140
48.843          0.80700
49.362          0.96472
49.882          1.2222
50.401          1.2851
50.921          1.0537
51.441          0.84590
51.960          0.77727
52.480          0.82640
52.999          1.0127
