0.0000          1.0100
0.51960         1.2601
1.0392          1.2568
1.5588          1.0053
2.0784          0.82320
2.5980          0.77759
3.1176          0.84994
3.6372          1.0616
4.1568          1.2885
4.6764          1.2155
5.1960          0.95797
5.7156          0.80456
6.2352          0.78241
6.7548          0.88112
7.2744          1.1160
7.7940          1.3030
8.3136          1.1654
8.8332          0.91507
9.3528          0.79081
9.8724          0.79190
10.392          0.91890
10.912          1.1704
11.431          1.3023
11.951          1.1108
12.470          0.87789
12.990          0.78175
13.510          0.80611
14.029          0.96227
14.549          1.2198
15.068          1.2864
15.588          1.0566
16.108          0.84734
16.627          0.77737
17.147          0.82523
17.666          1.0100
18.186          1.2601
18.706          1.2568
19.225          1.0053
19.745          0.82320
20.264          0.77759
20.784          0.84994
21.304          1.0616
21.823          1.2885
22.343          1.2155
22.862          0.95797
23.382          0.80456
23.902          0.78241
24.421          0.88112
24.941          1.1160
25.460          1.3030
25.980          1.1654
26.500          0.91507
27.019          0.79081
27.539          0.79190
28.059          0.91890
28.578          1.1704
29.098          1.3023
29.617          1.1108
30.137          0.87789
30.657          0.78175
31.176          0.80611
31.696          0.96227
32.215          1.2198
32.735          1.2864
33.255          1.0566
33.774          0.84734
34.294          0.77737
34.813          0.82523
35.333          1.0100
35.853          1.2601
36.372          1.2568
36.892          1.0053
37.411          0.82320
37.931          0.77759
38.451          0.84994
38.970          1.0616
39.490          1.2885
40.009          1.2155
40.529          0.95797
41.049          0.80456
41.568          0.78241
42.088          0.88112
42.607          1.1160
43.127          1.3030
43.647          1.1654
44.166          0.91507
44.686          0.79081
45.205          0.79190
45.725          0.91890
46.245          1.1704
46.764          1.3023
47.284          1.1108
47.803          0.87789
48.323          0.78175
48.843          0.80611
49.362          0.96227
49.882          1.2198
50.401          1.2864
50.921          1.0566
51.441          0.84734
51.960          0.77737
52.480          0.82523
52.999          1.0100
