0.0000          1.0084
0.51960         1.2589
1.0392          1.2580
1.5588          1.0070
2.0784          0.82392
2.5980          0.77751
3.1176          0.84901
3.6372          1.0598
4.1568          1.2877
4.6764          1.2170
5.1960          0.95950
5.7156          0.80511
6.2352          0.78217
6.7548          0.87996
7.2744          1.1142
7.7940          1.3028
8.3136          1.1671
8.8332          0.91643
9.3528          0.79119
9.8724          0.79151
10.392          0.91753
10.912          1.1686
11.431          1.3026
11.951          1.1127
12.470          0.87903
12.990          0.78198
13.510          0.80556
14.029          0.96074
14.549          1.2183
15.068          1.2871
15.588          1.0584
16.108          0.84826
16.627          0.77744
17.147          0.82450
17.666          1.0084
18.186          1.2589
18.706          1.2580
19.225          1.0070
19.745          0.82392
20.264          0.77751
20.784          0.84901
21.304          1.0598
21.823          1.2877
22.343          1.2170
22.862          0.95950
23.382          0.80511
23.902          0.78217
24.421          0.87996
24.941          1.1142
25.460          1.3028
25.980          1.1671
26.500          0.91643
27.019          0.79119
27.539          0.79151
28.059          0.91753
28.578          1.1686
29.098          1.3026
29.617          1.1127
30.137          0.87903
30.657          0.78198
31.176          0.80556
31.696          0.96074
32.215          1.2183
32.735          1.2871
33.255          1.0584
33.774          0.84826
34.294          0.77744
34.813          0.82450
35.333          1.0084
35.853          1.2589
36.372          1.2580
36.892          1.0070
37.411          0.82392
37.931          0.77751
38.451          0.84901
38.970          1.0598
39.490          1.2877
40.009          1.2170
40.529          0.95950
41.049          0.80511
41.568          0.78217
42.088          0.87996
42.607          1.1142
43.127          1.3028
43.647          1.1671
44.166          0.91643
44.686          0.79119
45.205          0.79151
45.725          0.91753
46.245          1.1686
46.764          1.3026
47.284          1.1127
47.803          0.87903
48.323          0.78198
48.843          0.80556
49.362          0.96074
49.882          1.2183
50.401          1.2871
50.921          1.0584
51.441          0.84826
51.960          0.77744
52.480          0.82450
52.999          1.0084
