0.0000          1.0586
0.51960         1.2872
1.0392          1.2181
1.5588          0.96056
2.0784          0.80549
2.5980          0.78201
3.1176          0.87917
3.6372          1.1129
4.1568          1.3026
4.6764          1.1684
5.1960          0.91737
5.7156          0.79146
6.2352          0.79124
6.7548          0.91659
7.2744          1.1674
7.7940          1.3027
8.3136          1.1140
8.8332          0.87983
9.3528          0.78214
9.8724          0.80518
10.392          0.95968
10.912          1.2172
11.431          1.2877
11.951          1.0596
12.470          0.84890
12.990          0.77750
13.510          0.82400
14.029          1.0072
14.549          1.2581
15.068          1.2588
15.588          1.0082
16.108          0.82441
16.627          0.77745
17.147          0.84837
17.666          1.0586
18.186          1.2872
18.706          1.2181
19.225          0.96056
19.745          0.80549
20.264          0.78201
20.784          0.87917
21.304          1.1129
21.823          1.3026
22.343          1.1684
22.862          0.91737
23.382          0.79146
23.902          0.79124
24.421          0.91659
24.941          1.1674
25.460          1.3027
25.980          1.1140
26.500          0.87983
27.019          0.78214
27.539          0.80518
28.059          0.95968
28.578          1.2172
29.098          1.2877
29.617          1.0596
30.137          0.84890
30.657          0.77750
31.176          0.82400
31.696          1.0072
32.215          1.2581
32.735          1.2588
33.255          1.0082
33.774          0.82441
34.294          0.77745
34.813          0.84837
35.333          1.0586
35.853          1.2872
36.372          1.2181
36.892          0.96056
37.411          0.80549
37.931          0.78201
38.451          0.87917
38.970          1.1129
39.490          1.3026
40.009          1.1684
40.529          0.91737
41.049          0.79146
41.568          0.79124
42.088          0.91659
42.607          1.1674
43.127          1.3027
43.647          1.1140
44.166          0.87983
44.686          0.78214
45.205          0.80518
45.725          0.95968
46.245          1.2172
46.764          1.2877
47.284          1.0596
47.803          0.84890
48.323          0.77750
48.843          0.82400
49.362          1.0072
49.882          1.2581
50.401          1.2588
50.921          1.0082
51.441          0.82441
51.960          0.77745
52.480          0.84837
52.999          1.0586
