0.0000          1.0647
0.51960         1.2897
1.0392          1.2127
1.5588          0.95533
2.0784          0.80363
2.5980          0.78284
3.1176          0.88316
3.6372          1.1193
4.1568          1.3034
4.6764          1.1622
5.1960          0.91273
5.7156          0.79015
6.2352          0.79261
6.7548          0.92130
7.2744          1.1734
7.7940          1.3018
8.3136          1.1076
8.8332          0.87592
9.3528          0.78137
9.8724          0.80709
10.392          0.96496
10.912          1.2224
11.431          1.2850
11.951          1.0535
12.470          0.84576
12.990          0.77726
13.510          0.82651
14.029          1.0129
14.549          1.2621
15.068          1.2546
15.588          1.0025
16.108          0.82196
16.627          0.77774
17.147          0.85158
17.666          1.0647
18.186          1.2897
18.706          1.2127
19.225          0.95533
19.745          0.80363
20.264          0.78284
20.784          0.88316
21.304          1.1193
21.823          1.3034
22.343          1.1622
22.862          0.91273
23.382          0.79015
23.902          0.79261
24.421          0.92130
24.941          1.1734
25.460          1.3018
25.980          1.1076
26.500          0.87591
27.019          0.78137
27.539          0.80709
28.059          0.96496
28.578          1.2224
29.098          1.2850
29.617          1.0535
30.137          0.84576
30.657          0.77726
31.176          0.82651
31.696          1.0129
32.215          1.2621
32.735          1.2546
33.255          1.0025
33.774          0.82196
34.294          0.77774
34.813          0.85158
35.333          1.0647
35.853          1.2897
36.372          1.2127
36.892          0.95533
37.411          0.80363
37.931          0.78284
38.451          0.88316
38.970          1.1193
39.490          1.3034
40.009          1.1622
40.529          0.91273
41.049          0.79015
41.568          0.79261
42.088          0.92130
42.607          1.1734
43.127          1.3018
43.647          1.1076
44.166          0.87591
44.686          0.78137
45.205          0.80709
45.725          0.96496
46.245          1.2224
46.764          1.2850
47.284          1.0535
47.803          0.84576
48.323          0.77726
48.843          0.82651
49.362          1.0129
49.882          1.2621
50.401          1.2546
50.921          1.0025
51.441          0.82196
51.960          0.77774
52.480          0.85158
52.999          1.0647
