0.0000          1.0667
0.51960         1.2905
1.0392          1.2110
1.5588          0.95365
2.0784          0.80304
2.5980          0.78312
3.1176          0.88447
3.6372          1.1213
4.1568          1.3036
4.6764          1.1602
5.1960          0.91124
5.7156          0.78973
6.2352          0.79306
6.7548          0.92284
7.2744          1.1754
7.7940          1.3014
8.3136          1.1056
8.8332          0.87467
9.3528          0.78113
9.8724          0.80772
10.392          0.96667
10.912          1.2241
11.431          1.2841
11.951          1.0515
12.470          0.84476
12.990          0.77719
13.510          0.82734
14.029          1.0148
14.549          1.2634
15.068          1.2533
15.588          1.0006
16.108          0.82119
16.627          0.77785
17.147          0.85264
17.666          1.0667
18.186          1.2905
18.706          1.2110
19.225          0.95365
19.745          0.80304
20.264          0.78312
20.784          0.88447
21.304          1.1213
21.823          1.3036
22.343          1.1602
22.862          0.91124
23.382          0.78973
23.902          0.79306
24.421          0.92284
24.941          1.1754
25.460          1.3014
25.980          1.1056
26.500          0.87467
27.019          0.78113
27.539          0.80772
28.059          0.96667
28.578          1.2241
29.098          1.2841
29.617          1.0515
30.137          0.84476
30.657          0.77719
31.176          0.82734
31.696          1.0148
32.215          1.2634
32.735          1.2533
33.255          1.0006
33.774          0.82119
34.294          0.77785
34.813          0.85264
35.333          1.0667
35.853          1.2905
36.372          1.2110
36.892          0.95365
37.411          0.80304
37.931          0.78312
38.451          0.88447
38.970          1.1213
39.490          1.3036
40.009          1.1602
40.529          0.91124
41.049          0.78973
41.568          0.79306
42.088          0.92284
42.607          1.1754
43.127          1.3014
43.647          1.1056
44.166          0.87467
44.686          0.78113
45.205          0.80772
45.725          0.96667
46.245          1.2241
46.764          1.2841
47.284          1.0515
47.803          0.84476
48.323          0.77719
48.843          0.82734
49.362          1.0148
49.882          1.2634
50.401          1.2533
50.921          1.0006
51.441          0.82119
51.960          0.77785
52.480          0.85264
52.999          1.0667
