0.0000          1.1437
0.51960         1.3046
1.0392          1.1381
1.5588          0.89551
2.0784          0.78565
2.5980          0.79848
3.1176          0.94018
3.6372          1.1962
4.1568          1.2961
4.6764          1.0832
5.1960          0.86163
5.7156          0.77896
6.2352          0.81511
6.7548          0.98587
7.2744          1.2415
7.7940          1.2730
8.3136          1.0303
8.8332          0.83441
9.3528          0.77691
9.8724          0.83694
10.392          1.0356
10.912          1.2760
11.431          1.2372
11.951          0.98094
12.470          0.81316
12.990          0.77944
13.510          0.86483
14.029          1.0888
14.549          1.2977
15.068          1.1910
15.588          0.93570
16.108          0.79703
16.627          0.78661
17.147          0.89941
17.666          1.1437
18.186          1.3046
18.706          1.1381
19.225          0.89551
19.745          0.78565
20.264          0.79848
20.784          0.94018
21.304          1.1962
21.823          1.2961
22.343          1.0832
22.862          0.86163
23.382          0.77896
23.902          0.81511
24.421          0.98587
24.941          1.2415
25.460          1.2730
25.980          1.0303
26.500          0.83441
27.019          0.77691
27.539          0.83694
28.059          1.0356
28.578          1.2760
29.098          1.2372
29.617          0.98094
30.137          0.81316
30.657          0.77944
31.176          0.86483
31.696          1.0888
32.215          1.2977
32.735          1.1910
33.255          0.93570
33.774          0.79703
34.294          0.78661
34.813          0.89941
35.333          1.1437
35.853          1.3046
36.372          1.1381
36.892          0.89551
37.411          0.78565
37.931          0.79848
38.451          0.94018
38.970          1.1962
39.490          1.2961
40.009          1.0832
40.529          0.86163
41.049          0.77896
41.568          0.81511
42.088          0.98587
42.607          1.2415
43.127          1.2730
43.647          1.0303
44.166          0.83441
44.686          0.77691
45.205          0.83694
45.725          1.0356
46.245          1.2760
46.764          1.2372
47.284          0.98094
47.803          0.81316
48.323          0.77944
48.843          0.86483
49.362          1.0888
49.882          1.2977
50.401          1.1910
50.921          0.93570
51.441          0.79703
51.960          0.78661
52.480          0.89941
52.999          1.1437
