0.0000          1.0172
0.51960         1.2650
1.0392          1.2515
1.5588          0.99827
2.0784          0.82019
2.5980          0.77800
3.1176          0.85402
3.6372          1.0693
4.1568          1.2915
4.6764          1.2087
5.1960          0.95149
5.7156          0.80229
6.2352          0.78349
6.7548          0.88618
7.2744          1.1240
7.7940          1.3039
8.3136          1.1576
8.8332          0.90933
9.3528          0.78921
9.8724          0.79366
10.392          0.92485
10.912          1.1779
11.431          1.3009
11.951          1.1029
12.470          0.87307
12.990          0.78084
13.510          0.80855
14.029          0.96891
14.549          1.2263
15.068          1.2829
15.588          1.0490
16.108          0.84348
16.627          0.77712
17.147          0.82842
17.666          1.0172
18.186          1.2650
18.706          1.2515
19.225          0.99827
19.745          0.82019
20.264          0.77800
20.784          0.85402
21.304          1.0693
21.823          1.2915
22.343          1.2087
22.862          0.95149
23.382          0.80229
23.902          0.78349
24.421          0.88618
24.941          1.1240
25.460          1.3039
25.980          1.1576
26.500          0.90933
27.019          0.78921
27.539          0.79366
28.059          0.92485
28.578          1.1779
29.098          1.3009
29.617          1.1029
30.137          0.87307
30.657          0.78084
31.176          0.80855
31.696          0.96891
32.215          1.2263
32.735          1.2829
33.255          1.0490
33.774          0.84348
34.294          0.77712
34.813          0.82842
35.333          1.0172
35.853          1.2650
36.372          1.2515
36.892          0.99827
37.411          0.82019
37.931          0.77800
38.451          0.85402
38.970          1.0693
39.490          1.2915
40.009          1.2087
40.529          0.95149
41.049          0.80229
41.568          0.78349
42.088          0.88618
42.607          1.1240
43.127          1.3039
43.647          1.1576
44.166          0.90933
44.686          0.78921
45.205          0.79366
45.725          0.92485
46.245          1.1779
46.764          1.3009
47.284          1.1029
47.803          0.87307
48.323          0.78084
48.843          0.80855
49.362          0.96891
49.882          1.2263
50.401          1.2829
50.921          1.0490
51.441          0.84348
51.960          0.77712
52.480          0.82842
52.999          1.0172
