0.0000          1.0022
0.51960         1.2544
1.0392          1.2623
1.5588          1.0132
2.0784          0.82663
2.5980          0.77725
3.1176          0.84561
3.6372          1.0532
4.1568          1.2849
4.6764          1.2227
5.1960          0.96521
5.7156          0.80718
6.2352          0.78133
6.7548          0.87573
7.2744          1.1073
7.7940          1.3017
8.3136          1.1737
8.8332          0.92153
9.3528          0.79267
9.8724          0.79009
10.392          0.91251
10.912          1.1619
11.431          1.3034
11.951          1.1196
12.470          0.88335
12.990          0.78288
13.510          0.80354
14.029          0.95508
14.549          1.2125
15.068          1.2898
15.588          1.0650
16.108          0.85174
16.627          0.77776
17.147          0.82185
17.666          1.0022
18.186          1.2544
18.706          1.2623
19.225          1.0132
19.745          0.82663
20.264          0.77725
20.784          0.84561
21.304          1.0532
21.823          1.2849
22.343          1.2227
22.862          0.96521
23.382          0.80718
23.902          0.78133
24.421          0.87573
24.941          1.1073
25.460          1.3017
25.980          1.1737
26.500          0.92153
27.019          0.79267
27.539          0.79009
28.059          0.91251
28.578          1.1619
29.098          1.3034
29.617          1.1196
30.137          0.88335
30.657          0.78288
31.176          0.80354
31.696          0.95508
32.215          1.2125
32.735          1.2898
33.255          1.0650
33.774          0.85174
34.294          0.77776
34.813          0.82185
35.333          1.0022
35.853          1.2544
36.372          1.2623
36.892          1.0132
37.411          0.82663
37.931          0.77725
38.451          0.84561
38.970          1.0532
39.490          1.2849
40.009          1.2227
40.529          0.96521
41.049          0.80718
41.568          0.78133
42.088          0.87573
42.607          1.1073
43.127          1.3017
43.647          1.1737
44.166          0.92153
44.686          0.79267
45.205          0.79009
45.725          0.91251
46.245          1.1619
46.764          1.3034
47.284          1.1196
47.803          0.88335
48.323          0.78288
48.843          0.80354
49.362          0.95508
49.882          1.2125
50.401          1.2898
50.921          1.0650
51.441          0.85174
51.960          0.77776
52.480          0.82185
52.999          1.0022
