0.0000          1.1853
0.51960         1.2992
1.0392          1.0950
1.5588          0.86838
2.0784          0.78001
2.5980          0.81110
3.1176          0.97563
3.6372          1.2325
4.1568          1.2792
4.6764          1.0414
5.1960          0.83976
5.7156          0.77696
6.2352          0.83174
6.7548          1.0245
7.2744          1.2696
7.7940          1.2459
8.3136          0.99127
8.8332          0.81730
9.3528          0.77850
9.8724          0.85824
10.392          1.0771
10.912          1.2942
11.431          1.2018
11.951          0.94510
12.470          0.80011
12.990          0.78467
13.510          0.89137
14.029          1.1319
14.549          1.3044
15.068          1.1499
15.588          0.90370
16.108          0.78771
16.627          0.79552
17.147          0.93090
17.666          1.1853
18.186          1.2992
18.706          1.0950
19.225          0.86838
19.745          0.78001
20.264          0.81110
20.784          0.97563
21.304          1.2325
21.823          1.2792
22.343          1.0414
22.862          0.83976
23.382          0.77696
23.902          0.83174
24.421          1.0245
24.941          1.2696
25.460          1.2459
25.980          0.99127
26.500          0.81730
27.019          0.77850
27.539          0.85824
28.059          1.0771
28.578          1.2942
29.098          1.2018
29.617          0.94510
30.137          0.80011
30.657          0.78467
31.176          0.89137
31.696          1.1319
32.215          1.3044
32.735          1.1499
33.255          0.90370
33.774          0.78771
34.294          0.79552
34.813          0.93090
35.333          1.1853
35.853          1.2992
36.372          1.0950
36.892          0.86839
37.411          0.78001
37.931          0.81110
38.451          0.97563
38.970          1.2325
39.490          1.2792
40.009          1.0414
40.529          0.83976
41.049          0.77696
41.568          0.83174
42.088          1.0245
42.607          1.2696
43.127          1.2459
43.647          0.99127
44.166          0.81730
44.686          0.77850
45.205          0.85824
45.725          1.0771
46.245          1.2942
46.764          1.2018
47.284          0.94510
47.803          0.80011
48.323          0.78467
48.843          0.89137
49.362          1.1319
49.882          1.3044
50.401          1.1499
50.921          0.90370
51.441          0.78771
51.960          0.79552
52.480          0.93090
52.999          1.1853
