0.0000          1.0545
0.51960         1.2855
1.0392          1.2216
1.5588          0.96405
2.0784          0.80676
2.5980          0.78150
3.1176          0.87658
3.6372          1.1087
4.1568          1.3019
4.6764          1.1724
5.1960          0.92049
5.7156          0.79237
6.2352          0.79037
6.7548          0.91352
7.2744          1.1633
7.7940          1.3033
8.3136          1.1182
8.8332          0.88247
9.3528          0.78269
9.8724          0.80394
10.392          0.95622
10.912          1.2137
11.431          1.2893
11.951          1.0637
12.470          0.85102
12.990          0.77769
13.510          0.82238
14.029          1.0034
14.549          1.2554
15.068          1.2614
15.588          1.0120
16.108          0.82608
16.627          0.77729
17.147          0.84629
17.666          1.0545
18.186          1.2855
18.706          1.2216
19.225          0.96405
19.745          0.80676
20.264          0.78150
20.784          0.87658
21.304          1.1087
21.823          1.3019
22.343          1.1724
22.862          0.92049
23.382          0.79237
23.902          0.79037
24.421          0.91352
24.941          1.1633
25.460          1.3033
25.980          1.1182
26.500          0.88247
27.019          0.78269
27.539          0.80394
28.059          0.95622
28.578          1.2137
29.098          1.2893
29.617          1.0637
30.137          0.85102
30.657          0.77769
31.176          0.82238
31.696          1.0034
32.215          1.2554
32.735          1.2614
33.255          1.0120
33.774          0.82608
34.294          0.77729
34.813          0.84629
35.333          1.0545
35.853          1.2855
36.372          1.2216
36.892          0.96405
37.411          0.80676
37.931          0.78150
38.451          0.87658
38.970          1.1087
39.490          1.3019
40.009          1.1724
40.529          0.92049
41.049          0.79237
41.568          0.79037
42.088          0.91352
42.607          1.1633
43.127          1.3033
43.647          1.1182
44.166          0.88247
44.686          0.78269
45.205          0.80394
45.725          0.95622
46.245          1.2137
46.764          1.2893
47.284          1.0637
47.803          0.85102
48.323          0.77769
48.843          0.82238
49.362          1.0034
49.882          1.2554
50.401          1.2614
50.921          1.0120
51.441          0.82608
51.960          0.77729
52.480          0.84629
52.999          1.0545
