0.0000          1.1798
0.51960         1.3005
1.0392          1.1009
1.5588          0.87186
2.0784          0.78062
2.5980          0.80919
3.1176          0.97061
3.6372          1.2279
4.1568          1.2820
4.6764          1.0470
5.1960          0.84252
5.7156          0.77707
6.2352          0.82926
6.7548          1.0191
7.2744          1.2662
7.7940          1.2501
8.3136          0.99648
8.8332          0.81945
9.3528          0.77812
9.8724          0.85508
10.392          1.0713
10.912          1.2922
11.431          1.2070
11.951          0.94985
12.470          0.80172
12.990          0.78378
13.510          0.88749
14.029          1.1260
14.549          1.3040
15.068          1.1557
15.588          0.90789
16.108          0.78882
16.627          0.79412
17.147          0.92637
17.666          1.1798
18.186          1.3005
18.706          1.1009
19.225          0.87186
19.745          0.78062
20.264          0.80919
20.784          0.97061
21.304          1.2279
21.823          1.2820
22.343          1.0470
22.862          0.84252
23.382          0.77707
23.902          0.82926
24.421          1.0191
24.941          1.2662
25.460          1.2501
25.980          0.99648
26.500          0.81945
27.019          0.77812
27.539          0.85508
28.059          1.0713
28.578          1.2922
29.098          1.2070
29.617          0.94985
30.137          0.80172
30.657          0.78378
31.176          0.88749
31.696          1.1260
32.215          1.3040
32.735          1.1557
33.255          0.90789
33.774          0.78882
34.294          0.79412
34.813          0.92637
35.333          1.1798
35.853          1.3005
36.372          1.1009
36.892          0.87186
37.411          0.78062
37.931          0.80919
38.451          0.97061
38.970          1.2279
39.490          1.2820
40.009          1.0470
40.529          0.84252
41.049          0.77707
41.568          0.82926
42.088          1.0191
42.607          1.2662
43.127          1.2501
43.647          0.99648
44.166          0.81945
44.686          0.77812
45.205          0.85508
45.725          1.0713
46.245          1.2922
46.764          1.2070
47.284          0.94985
47.803          0.80172
48.323          0.78378
48.843          0.88749
49.362          1.1260
49.882          1.3040
50.401          1.1557
50.921          0.90789
51.441          0.78882
51.960          0.79412
52.480          0.92637
52.999          1.1798
