0.0000          0.93730
0.51960         1.1929
1.0392          1.2971
1.5588          1.0868
2.0784          0.86368
2.5980          0.77926
3.1176          0.81385
3.6372          0.98270
4.1568          1.2388
4.6764          1.2750
5.1960          1.0337
5.7156          0.83603
6.2352          0.77690
6.7548          0.83531
7.2744          1.0322
7.7940          1.2741
8.3136          1.2400
8.8332          0.98410
9.3528          0.81441
9.8724          0.77913
10.392          0.86277
10.912          1.0852
11.431          1.2967
11.951          1.1944
12.470          0.93856
12.990          0.79795
13.510          0.78599
14.029          0.89690
14.549          1.1401
15.068          1.3046
15.588          1.1417
16.108          0.89800
16.627          0.78626
17.147          0.79754
17.666          0.93730
18.186          1.1929
18.706          1.2971
19.225          1.0868
19.745          0.86368
20.264          0.77926
20.784          0.81385
21.304          0.98270
21.823          1.2388
22.343          1.2750
22.862          1.0337
23.382          0.83603
23.902          0.77690
24.421          0.83531
24.941          1.0322
25.460          1.2741
25.980          1.2400
26.500          0.98410
27.019          0.81441
27.539          0.77913
28.059          0.86277
28.578          1.0852
29.098          1.2967
29.617          1.1944
30.137          0.93856
30.657          0.79795
31.176          0.78599
31.696          0.89690
32.215          1.1401
32.735          1.3046
33.255          1.1417
33.774          0.89800
34.294          0.78626
34.813          0.79754
35.333          0.93730
35.853          1.1929
36.372          1.2971
36.892          1.0868
37.411          0.86368
37.931          0.77926
38.451          0.81385
38.970          0.98270
39.490          1.2388
40.009          1.2750
40.529          1.0337
41.049          0.83603
41.568          0.77690
42.088          0.83531
42.607          1.0322
43.127          1.2741
43.647          1.2400
44.166          0.98410
44.686          0.81441
45.205          0.77913
45.725          0.86277
46.245          1.0852
46.764          1.2967
47.284          1.1944
47.803          0.93856
48.323          0.79795
48.843          0.78599
49.362          0.89690
49.882          1.1401
50.401          1.3046
50.921          1.1417
51.441          0.89800
51.960          0.78626
52.480          0.79754
52.999          0.93730
