0.0000          0.96256
0.51960         1.2201
1.0392          1.2862
1.5588          1.0562
2.0784          0.84717
2.5980          0.77736
3.1176          0.82537
3.6372          1.0103
4.1568          1.2603
4.6764          1.2565
5.1960          1.0050
5.7156          0.82306
6.2352          0.77760
6.7548          0.85012
7.2744          1.0619
7.7940          1.2886
8.3136          1.2152
8.8332          0.95769
9.3528          0.80446
9.8724          0.78245
10.392          0.88134
10.912          1.1164
11.431          1.3031
11.951          1.1650
12.470          0.91482
12.990          0.79073
13.510          0.79198
14.029          0.91916
14.549          1.1707
15.068          1.3022
15.588          1.1105
16.108          0.87768
16.627          0.78171
17.147          0.80622
17.666          0.96256
18.186          1.2201
18.706          1.2862
19.225          1.0562
19.745          0.84717
20.264          0.77736
20.784          0.82537
21.304          1.0103
21.823          1.2603
22.343          1.2565
22.862          1.0050
23.382          0.82306
23.902          0.77760
24.421          0.85012
24.941          1.0619
25.460          1.2886
25.980          1.2152
26.500          0.95769
27.019          0.80446
27.539          0.78245
28.059          0.88134
28.578          1.1164
29.098          1.3031
29.617          1.1650
30.137          0.91482
30.657          0.79073
31.176          0.79198
31.696          0.91916
32.215          1.1707
32.735          1.3022
33.255          1.1105
33.774          0.87768
34.294          0.78171
34.813          0.80622
35.333          0.96256
35.853          1.2201
36.372          1.2862
36.892          1.0562
37.411          0.84717
37.931          0.77736
38.451          0.82537
38.970          1.0103
39.490          1.2603
40.009          1.2565
40.529          1.0050
41.049          0.82306
41.568          0.77760
42.088          0.85012
42.607          1.0619
43.127          1.2886
43.647          1.2152
44.166          0.95769
44.686          0.80446
45.205          0.78245
45.725          0.88134
46.245          1.1164
46.764          1.3031
47.284          1.1650
47.803          0.91482
48.323          0.79073
48.843          0.79198
49.362          0.91916
49.882          1.1707
50.401          1.3022
50.921          1.1105
51.441          0.87768
51.960          0.78171
52.480          0.80622
52.999          0.96256
