0.0000          1.1613
0.51960         1.3035
1.0392          1.1202
1.5588          0.88376
2.0784          0.78296
2.5980          0.80336
3.1176          0.95456
3.6372          1.2119
4.1568          1.2901
4.6764          1.0656
5.1960          0.85206
5.7156          0.77779
6.2352          0.82161
6.7548          1.0016
7.2744          1.2540
7.7940          1.2627
8.3136          1.0138
8.8332          0.82689
9.3528          0.77723
9.8724          0.84530
10.392          1.0526
10.912          1.2846
11.431          1.2232
11.951          0.96574
12.470          0.80738
12.990          0.78126
13.510          0.87534
14.029          1.1067
14.549          1.3016
15.068          1.1743
15.588          0.92200
16.108          0.79281
16.627          0.78996
17.147          0.91205
17.666          1.1613
18.186          1.3035
18.706          1.1202
19.225          0.88376
19.745          0.78296
20.264          0.80336
20.784          0.95456
21.304          1.2119
21.823          1.2901
22.343          1.0656
22.862          0.85206
23.382          0.77779
23.902          0.82161
24.421          1.0016
24.941          1.2540
25.460          1.2627
25.980          1.0138
26.500          0.82689
27.019          0.77723
27.539          0.84530
28.059          1.0526
28.578          1.2846
29.098          1.2232
29.617          0.96574
30.137          0.80738
30.657          0.78126
31.176          0.87534
31.696          1.1067
32.215          1.3016
32.735          1.1743
33.255          0.92200
33.774          0.79281
34.294          0.78996
34.813          0.91205
35.333          1.1613
35.853          1.3035
36.372          1.1202
36.892          0.88376
37.411          0.78296
37.931          0.80336
38.451          0.95456
38.970          1.2119
39.490          1.2901
40.009          1.0656
40.529          0.85206
41.049          0.77779
41.568          0.82161
42.088          1.0016
42.607          1.2540
43.127          1.2627
43.647          1.0138
44.166          0.82689
44.686          0.77723
45.205          0.84530
45.725          1.0526
46.245          1.2846
46.764          1.2232
47.284          0.96574
47.803          0.80738
48.323          0.78126
48.843          0.87534
49.362          1.1067
49.882          1.3016
50.401          1.1743
50.921          0.92200
51.441          0.79281
51.960          0.78996
52.480          0.91205
52.999          1.1613
