0.0000          0.85520
0.51960         1.0715
1.0392          1.2923
1.5588          1.2068
2.0784          0.94968
2.5980          0.80166
3.1176          0.78381
3.6372          0.88763
4.1568          1.1262
4.6764          1.3040
5.1960          1.1555
5.7156          0.90773
6.2352          0.78878
6.7548          0.79417
7.2744          0.92654
7.7940          1.1800
8.3136          1.3004
8.8332          1.1007
9.3528          0.87173
9.8724          0.78059
10.392          0.80926
10.912          0.97080
11.431          1.2280
11.951          1.2819
12.470          1.0468
12.990          0.84242
13.510          0.77707
14.029          0.82935
14.549          1.0193
15.068          1.2663
15.588          1.2499
16.108          0.99629
16.627          0.81936
17.147          0.77813
17.666          0.85520
18.186          1.0715
18.706          1.2923
19.225          1.2068
19.745          0.94968
20.264          0.80166
20.784          0.78381
21.304          0.88763
21.823          1.1262
22.343          1.3040
22.862          1.1555
23.382          0.90773
23.902          0.78878
24.421          0.79417
24.941          0.92654
25.460          1.1800
25.980          1.3004
26.500          1.1007
27.019          0.87173
27.539          0.78059
28.059          0.80926
28.578          0.97080
29.098          1.2280
29.617          1.2819
30.137          1.0468
30.657          0.84242
31.176          0.77707
31.696          0.82935
32.215          1.0193
32.735          1.2663
33.255          1.2499
33.774          0.99629
34.294          0.81936
34.813          0.77813
35.333          0.85520
35.853          1.0715
36.372          1.2923
36.892          1.2068
37.411          0.94968
37.931          0.80166
38.451          0.78381
38.970          0.88763
39.490          1.1262
40.009          1.3040
40.529          1.1555
41.049          0.90773
41.568          0.78878
42.088          0.79417
42.607          0.92654
43.127          1.1800
43.647          1.3004
44.166          1.1007
44.686          0.87173
45.205          0.78059
45.725          0.80926
46.245          0.97080
46.764          1.2280
47.284          1.2819
47.803          1.0468
48.323          0.84242
48.843          0.77707
49.362          0.82935
49.882          1.0193
50.401          1.2663
50.921          1.2499
51.441          0.99629
51.960          0.81936
52.480          0.77813
52.999          0.85520
