0.0000          1.1985
0.51960         1.2953
1.0392          1.0807
1.5588          0.86026
2.0784          0.77877
2.5980          0.81598
3.1176          0.98804
3.6372          1.2433
4.1568          1.2717
4.6764          1.0279
5.1960          0.83333
5.7156          0.77692
6.2352          0.83807
6.7548          1.0379
7.2744          1.2773
7.7940          1.2353
8.3136          0.97879
8.8332          0.81232
9.3528          0.77966
9.8724          0.86625
10.392          1.0913
10.912          1.2983
11.431          1.1888
11.951          0.93376
12.470          0.79641
12.990          0.78705
13.510          0.90113
14.029          1.1462
14.549          1.3045
15.068          1.1356
15.588          0.89384
16.108          0.78525
16.627          0.79913
17.147          0.94215
17.666          1.1985
18.186          1.2953
18.706          1.0807
19.225          0.86026
19.745          0.77877
20.264          0.81598
20.784          0.98804
21.304          1.2433
21.823          1.2717
22.343          1.0279
22.862          0.83333
23.382          0.77692
23.902          0.83806
24.421          1.0379
24.941          1.2773
25.460          1.2353
25.980          0.97879
26.500          0.81232
27.019          0.77966
27.539          0.86625
28.059          1.0913
28.578          1.2983
29.098          1.1888
29.617          0.93376
30.137          0.79641
30.657          0.78705
31.176          0.90113
31.696          1.1462
32.215          1.3045
32.735          1.1356
33.255          0.89384
33.774          0.78525
34.294          0.79913
34.813          0.94215
35.333          1.1985
35.853          1.2953
36.372          1.0807
36.892          0.86026
37.411          0.77877
37.931          0.81598
38.451          0.98804
38.970          1.2433
39.490          1.2717
40.009          1.0279
40.529          0.83333
41.049          0.77692
41.568          0.83806
42.088          1.0379
42.607          1.2773
43.127          1.2353
43.647          0.97879
44.166          0.81232
44.686          0.77966
45.205          0.86625
45.725          1.0913
46.245          1.2983
46.764          1.1888
47.284          0.93376
47.803          0.79641
48.323          0.78705
48.843          0.90113
49.362          1.1462
49.882          1.3045
50.401          1.1356
50.921          0.89384
51.441          0.78525
51.960          0.79913
52.480          0.94215
52.999          1.1985
