0.0000          0.94225
0.51960         1.1986
1.0392          1.2953
1.5588          1.0806
2.0784          0.86019
2.5980          0.77876
3.1176          0.81603
3.6372          0.98815
4.1568          1.2434
4.6764          1.2716
5.1960          1.0278
5.7156          0.83327
6.2352          0.77693
6.7548          0.83812
7.2744          1.0381
7.7940          1.2774
8.3136          1.2353
8.8332          0.97869
9.3528          0.81228
9.8724          0.77968
10.392          0.86632
10.912          1.0914
11.431          1.2983
11.951          1.1886
12.470          0.93366
12.990          0.79638
13.510          0.78707
14.029          0.90121
14.549          1.1463
15.068          1.3045
15.588          1.1355
16.108          0.89375
16.627          0.78523
17.147          0.79916
17.666          0.94225
18.186          1.1986
18.706          1.2953
19.225          1.0806
19.745          0.86019
20.264          0.77876
20.784          0.81603
21.304          0.98815
21.823          1.2434
22.343          1.2716
22.862          1.0278
23.382          0.83327
23.902          0.77693
24.421          0.83812
24.941          1.0381
25.460          1.2774
25.980          1.2353
26.500          0.97869
27.019          0.81228
27.539          0.77968
28.059          0.86632
28.578          1.0914
29.098          1.2983
29.617          1.1886
30.137          0.93366
30.657          0.79638
31.176          0.78707
31.696          0.90121
32.215          1.1463
32.735          1.3045
33.255          1.1355
33.774          0.89375
34.294          0.78523
34.813          0.79916
35.333          0.94225
35.853          1.1986
36.372          1.2953
36.892          1.0806
37.411          0.86019
37.931          0.77876
38.451          0.81603
38.970          0.98815
39.490          1.2434
40.009          1.2716
40.529          1.0278
41.049          0.83327
41.568          0.77693
42.088          0.83812
42.607          1.0381
43.127          1.2774
43.647          1.2353
44.166          0.97869
44.686          0.81228
45.205          0.77968
45.725          0.86632
46.245          1.0914
46.764          1.2983
47.284          1.1886
47.803          0.93366
48.323          0.79638
48.843          0.78707
49.362          0.90121
49.882          1.1463
50.401          1.3045
50.921          1.1355
51.441          0.89375
51.960          0.78523
52.480          0.79916
52.999          0.94225
