0.0000          0.93327
0.51960         1.1882
1.0392          1.2985
1.5588          1.0919
2.0784          0.86662
2.5980          0.77972
3.1176          0.81211
3.6372          0.97825
4.1568          1.2349
4.6764          1.2776
5.1960          1.0385
5.7156          0.83835
6.2352          0.77693
6.7548          0.83305
7.2744          1.0274
7.7940          1.2713
8.3136          1.2438
8.8332          0.98859
9.3528          0.81621
9.8724          0.77872
10.392          0.85991
10.912          1.0801
11.431          1.2951
11.951          1.1990
12.470          0.94265
12.990          0.79930
13.510          0.78515
14.029          0.89341
14.549          1.1350
15.068          1.3045
15.588          1.1468
16.108          0.90157
16.627          0.78716
17.147          0.79626
17.666          0.93327
18.186          1.1882
18.706          1.2985
19.225          1.0919
19.745          0.86662
20.264          0.77972
20.784          0.81211
21.304          0.97825
21.823          1.2349
22.343          1.2776
22.862          1.0385
23.382          0.83835
23.902          0.77693
24.421          0.83305
24.941          1.0274
25.460          1.2713
25.980          1.2438
26.500          0.98859
27.019          0.81621
27.539          0.77872
28.059          0.85991
28.578          1.0801
29.098          1.2951
29.617          1.1990
30.137          0.94265
30.657          0.79930
31.176          0.78515
31.696          0.89341
32.215          1.1350
32.735          1.3045
33.255          1.1468
33.774          0.90157
34.294          0.78716
34.813          0.79626
35.333          0.93327
35.853          1.1882
36.372          1.2985
36.892          1.0919
37.411          0.86662
37.931          0.77972
38.451          0.81211
38.970          0.97825
39.490          1.2349
40.009          1.2776
40.529          1.0385
41.049          0.83835
41.568          0.77693
42.088          0.83305
42.607          1.0274
43.127          1.2713
43.647          1.2438
44.166          0.98859
44.686          0.81621
45.205          0.77872
45.725          0.85991
46.245          1.0801
46.764          1.2951
47.284          1.1990
47.803          0.94265
48.323          0.79930
48.843          0.78515
49.362          0.89341
49.882          1.1350
50.401          1.3045
50.921          1.1468
51.441          0.90157
51.960          0.78716
52.480          0.79626
52.999          0.93327
