0.0000          1.0737
0.51960         1.2930
1.0392          1.2048
1.5588          0.94786
2.0784          0.80104
2.5980          0.78414
3.1176          0.88910
3.6372          1.1285
4.1568          1.3042
4.6764          1.1532
5.1960          0.90613
5.7156          0.78835
6.2352          0.79470
6.7548          0.92826
7.2744          1.1821
7.7940          1.3000
8.3136          1.0984
8.8332          0.87040
9.3528          0.78036
9.8724          0.80998
10.392          0.97271
10.912          1.2298
11.431          1.2808
11.951          1.0447
12.470          0.84136
12.990          0.77702
13.510          0.83029
14.029          1.0214
14.549          1.2676
15.068          1.2484
15.588          0.99430
16.108          0.81854
16.627          0.77827
17.147          0.85640
17.666          1.0737
18.186          1.2930
18.706          1.2048
19.225          0.94786
19.745          0.80104
20.264          0.78414
20.784          0.88910
21.304          1.1285
21.823          1.3042
22.343          1.1532
22.862          0.90613
23.382          0.78835
23.902          0.79470
24.421          0.92826
24.941          1.1821
25.460          1.3000
25.980          1.0984
26.500          0.87040
27.019          0.78036
27.539          0.80998
28.059          0.97271
28.578          1.2298
29.098          1.2808
29.617          1.0447
30.137          0.84136
30.657          0.77702
31.176          0.83029
31.696          1.0214
32.215          1.2676
32.735          1.2484
33.255          0.99430
33.774          0.81854
34.294          0.77827
34.813          0.85640
35.333          1.0737
35.853          1.2930
36.372          1.2048
36.892          0.94786
37.411          0.80104
37.931          0.78414
38.451          0.88910
38.970          1.1285
39.490          1.3042
40.009          1.1532
40.529          0.90613
41.049          0.78835
41.568          0.79470
42.088          0.92826
42.607          1.1821
43.127          1.3000
43.647          1.0984
44.166          0.87040
44.686          0.78036
45.205          0.80998
45.725          0.97271
46.245          1.2298
46.764          1.2808
47.284          1.0447
47.803          0.84136
48.323          0.77702
48.843          0.83029
49.362          1.0214
49.882          1.2676
50.401          1.2484
50.921          0.99430
51.441          0.81854
51.960          0.77827
52.480          0.85640
52.999          1.0737
