0.0000          1.2173
0.51960         1.2876
1.0392          1.0595
1.5588          0.84887
2.0784          0.77749
2.5980          0.82402
3.1176          1.0073
3.6372          1.2581
4.1568          1.2587
4.6764          1.0081
5.1960          0.82439
5.7156          0.77746
6.2352          0.84840
6.7548          1.0586
7.2744          1.2873
7.7940          1.2180
8.3136          0.96050
8.8332          0.80547
9.3528          0.78202
9.8724          0.87921
10.392          1.1130
10.912          1.3026
11.431          1.1683
11.951          0.91733
12.470          0.79145
12.990          0.79125
13.510          0.91664
14.029          1.1674
14.549          1.3027
15.068          1.1139
15.588          0.87979
16.108          0.78214
16.627          0.80519
17.147          0.95973
17.666          1.2173
18.186          1.2876
18.706          1.0595
19.225          0.84887
19.745          0.77749
20.264          0.82402
20.784          1.0073
21.304          1.2581
21.823          1.2587
22.343          1.0081
22.862          0.82439
23.382          0.77746
23.902          0.84840
24.421          1.0586
24.941          1.2873
25.460          1.2180
25.980          0.96051
26.500          0.80547
27.019          0.78202
27.539          0.87921
28.059          1.1130
28.578          1.3026
29.098          1.1683
29.617          0.91733
30.137          0.79145
30.657          0.79125
31.176          0.91664
31.696          1.1674
32.215          1.3027
32.735          1.1139
33.255          0.87979
33.774          0.78214
34.294          0.80519
34.813          0.95973
35.333          1.2173
35.853          1.2876
36.372          1.0595
36.892          0.84887
37.411          0.77749
37.931          0.82402
38.451          1.0073
38.970          1.2581
39.490          1.2587
40.009          1.0081
40.529          0.82439
41.049          0.77746
41.568          0.84840
42.088          1.0586
42.607          1.2873
43.127          1.2180
43.647          0.96050
44.166          0.80547
44.686          0.78202
45.205          0.87921
45.725          1.1130
46.245          1.3026
46.764          1.1683
47.284          0.91733
47.803          0.79145
48.323          0.79125
48.843          0.91664
49.362          1.1674
49.882          1.3027
50.401          1.1139
50.921          0.87979
51.441          0.78214
51.960          0.80519
52.480          0.95973
52.999          1.2173
