0.0000          1.1537
0.51960         1.3042
1.0392          1.1280
1.5588          0.88881
2.0784          0.78408
2.5980          0.80116
3.1176          0.94821
3.6372          1.2052
4.1568          1.2929
4.6764          1.0733
5.1960          0.85616
5.7156          0.77824
6.2352          0.81870
6.7548          0.99469
7.2744          1.2487
7.7940          1.2674
8.3136          1.0209
8.8332          0.83010
9.3528          0.77703
9.8724          0.84157
10.392          1.0451
10.912          1.2810
11.431          1.2295
11.951          0.97233
12.470          0.80984
12.990          0.78040
13.510          0.87066
14.029          1.0989
14.549          1.3001
15.068          1.1817
15.588          0.92792
16.108          0.79460
16.627          0.78843
17.147          0.90644
17.666          1.1537
18.186          1.3042
18.706          1.1280
19.225          0.88881
19.745          0.78408
20.264          0.80116
20.784          0.94821
21.304          1.2052
21.823          1.2929
22.343          1.0733
22.862          0.85616
23.382          0.77824
23.902          0.81870
24.421          0.99469
24.941          1.2487
25.460          1.2674
25.980          1.0209
26.500          0.83010
27.019          0.77703
27.539          0.84157
28.059          1.0451
28.578          1.2810
29.098          1.2295
29.617          0.97233
30.137          0.80984
30.657          0.78040
31.176          0.87066
31.696          1.0989
32.215          1.3001
32.735          1.1817
33.255          0.92792
33.774          0.79460
34.294          0.78843
34.813          0.90644
35.333          1.1537
35.853          1.3042
36.372          1.1280
36.892          0.88881
37.411          0.78408
37.931          0.80116
38.451          0.94821
38.970          1.2052
39.490          1.2929
40.009          1.0733
40.529          0.85616
41.049          0.77824
41.568          0.81870
42.088          0.99469
42.607          1.2487
43.127          1.2674
43.647          1.0209
44.166          0.83010
44.686          0.77703
45.205          0.84157
45.725          1.0451
46.245          1.2810
46.764          1.2295
47.284          0.97233
47.803          0.80984
48.323          0.78040
48.843          0.87066
49.362          1.0989
49.882          1.3001
50.401          1.1817
50.921          0.92792
51.441          0.79460
51.960          0.78843
52.480          0.90644
52.999          1.1537
