0.0000          1.0452
0.51960         1.2397
1.0392          1.1710
1.5588          0.94574
2.0784          0.81589
2.5980          0.82086
3.1176          0.96121
3.6372          1.1860
4.1568          1.2319
4.6764          1.0272
5.1960          0.84807
5.7156          0.80391
6.2352          0.89233
6.7548          1.1046
7.2744          1.2522
7.7940          1.1160
8.3136          0.90025
8.8332          0.80508
9.3528          0.84278
9.8724          1.0160
10.392          1.2260
10.912          1.1950
11.431          0.97140
11.951          0.82445
12.470          0.81316
12.990          0.93629
13.510          1.1610
14.029          1.2437
14.549          1.0567
15.068          0.86323
15.588          0.80233
16.108          0.87363
16.627          1.0750
17.147          1.2485
17.666          1.1444
18.186          0.92195
18.706          0.80946
19.225          0.83077
19.745          0.98796
20.264          1.2080
20.784          1.2154
21.304          0.99856
21.823          0.83513
22.343          0.80755
22.862          0.91338
23.382          1.1337
23.902          1.2505
24.421          1.0864
24.941          0.88054
25.460          0.80271
25.980          0.85717
26.500          1.0453
27.019          1.2397
27.539          1.1709
28.059          0.94561
28.578          0.81586
29.098          0.82094
29.617          0.96140
30.137          1.1862
30.657          1.2318
31.176          1.0270
31.696          0.84798
32.215          0.80394
32.735          0.89250
33.255          1.1048
33.774          1.2522
34.294          1.1158
34.813          0.90008
35.333          0.80505
35.853          0.84288
36.372          1.0162
36.892          1.2261
37.411          1.1948
37.931          0.97120
38.451          0.82437
38.970          0.81318
39.490          0.93643
40.009          1.1612
40.529          1.2437
41.049          1.0565
41.568          0.86312
42.088          0.80231
42.607          0.87368
43.127          1.0751
43.647          1.2486
44.166          1.1443
44.686          0.92186
45.205          0.80942
45.725          0.83076
46.245          0.98798
46.764          1.2080
47.284          1.2154
47.803          0.99856
48.323          0.83510
48.843          0.80751
49.362          0.91332
49.882          1.1337
50.401          1.2506
50.921          1.0865
51.441          0.88058
51.960          0.80269
52.480          0.85707
52.999          1.0452
