0.0000          1.0231
0.51960         1.2687
1.0392          1.2471
1.5588          0.99266
2.0784          0.81786
2.5980          0.77839
3.1176          0.85739
3.6372          1.0755
4.1568          1.2937
4.6764          1.2032
5.1960          0.94636
5.7156          0.80054
6.2352          0.78442
6.7548          0.89033
7.2744          1.1303
7.7940          1.3043
8.3136          1.1514
8.8332          0.90481
9.3528          0.78800
9.8724          0.79514
10.392          0.92969
10.912          1.1839
11.431          1.2996
11.951          1.0966
12.470          0.86931
12.990          0.78017
13.510          0.81059
14.029          0.97429
14.549          1.2313
15.068          1.2799
15.588          1.0429
16.108          0.84049
16.627          0.77699
17.147          0.83107
17.666          1.0231
18.186          1.2687
18.706          1.2471
19.225          0.99266
19.745          0.81786
20.264          0.77839
20.784          0.85739
21.304          1.0755
21.823          1.2937
22.343          1.2032
22.862          0.94636
23.382          0.80054
23.902          0.78442
24.421          0.89033
24.941          1.1303
25.460          1.3043
25.980          1.1514
26.500          0.90481
27.019          0.78800
27.539          0.79514
28.059          0.92969
28.578          1.1839
29.098          1.2996
29.617          1.0966
30.137          0.86931
30.657          0.78017
31.176          0.81059
31.696          0.97429
32.215          1.2313
32.735          1.2799
33.255          1.0429
33.774          0.84049
34.294          0.77699
34.813          0.83107
35.333          1.0231
35.853          1.2687
36.372          1.2471
36.892          0.99266
37.411          0.81786
37.931          0.77839
38.451          0.85739
38.970          1.0755
39.490          1.2937
40.009          1.2032
40.529          0.94636
41.049          0.80054
41.568          0.78442
42.088          0.89033
42.607          1.1303
43.127          1.3043
43.647          1.1514
44.166          0.90481
44.686          0.78800
45.205          0.79514
45.725          0.92969
46.245          1.1839
46.764          1.2996
47.284          1.0966
47.803          0.86931
48.323          0.78017
48.843          0.81059
49.362          0.97429
49.882          1.2313
50.401          1.2799
50.921          1.0429
51.441          0.84049
51.960          0.77699
52.480          0.83107
52.999          1.0231
