0.0000          1.0242
0.51960         1.2304
1.0392          1.1885
1.5588          0.96394
2.0784          0.82179
2.5980          0.81511
3.1176          0.94314
3.6372          1.1683
4.1568          1.2409
4.6764          1.0483
5.1960          0.85871
5.7156          0.80256
6.2352          0.87865
6.7548          1.0833
7.2744          1.2501
7.7940          1.1366
8.3136          0.91564
8.8332          0.80801
9.3528          0.83389
9.8724          0.99565
10.392          1.2134
10.912          1.2101
11.431          0.99086
11.951          0.83192
12.470          0.80888
12.990          0.91952
13.510          1.1414
14.029          1.2492
14.549          1.0782
15.068          0.87553
15.588          0.80240
16.108          0.86147
16.627          1.0535
17.147          1.2427
17.666          1.1638
18.186          0.93890
18.706          0.81389
19.225          0.82342
19.745          0.96853
20.264          1.1925
20.784          1.2277
21.304          1.0191
21.823          0.84423
22.343          0.80473
22.862          0.89802
23.382          1.1129
23.902          1.2522
24.421          1.1078
24.941          0.89450
25.460          0.80422
25.980          0.84659
26.500          1.0241
27.019          1.2303
27.539          1.1885
28.059          0.96398
28.578          0.82183
29.098          0.81513
29.617          0.94316
30.137          1.1683
30.657          1.2408
31.176          1.0483
31.696          0.85871
32.215          0.80258
32.735          0.87871
33.255          1.0834
33.774          1.2501
34.294          1.1365
34.813          0.91558
35.333          0.80801
35.853          0.83395
36.372          0.99577
36.892          1.2135
37.411          1.2100
37.931          0.99073
38.451          0.83188
38.970          0.80892
39.490          0.91965
40.009          1.1416
40.529          1.2491
41.049          1.0780
41.568          0.87543
42.088          0.80239
42.607          0.86157
43.127          1.0536
43.647          1.2427
44.166          1.1637
44.686          0.93876
45.205          0.81384
45.725          0.82346
46.245          0.96867
46.764          1.1926
47.284          1.2277
47.803          1.0190
48.323          0.84415
48.843          0.80473
49.362          0.89809
49.882          1.1130
50.401          1.2523
50.921          1.1077
51.441          0.89442
51.960          0.80419
52.480          0.84661
52.999          1.0242
