0.0000          0.90315
0.51960         1.1491
1.0392          1.3044
1.5588          1.1327
2.0784          0.89190
2.5980          0.78479
3.1176          0.79990
3.6372          0.94446
4.1568          1.2011
4.6764          1.2944
5.1960          1.0779
5.7156          0.85867
6.2352          0.77856
6.7548          0.81701
7.2744          0.99058
7.7940          1.2454
8.3136          1.2700
8.8332          1.0253
9.3528          0.83208
9.8724          0.77695
10.392          0.83939
10.912          1.0407
11.431          1.2788
11.951          1.2331
12.470          0.97631
12.990          0.81136
13.510          0.77994
14.029          0.86793
14.549          1.0942
15.068          1.2990
15.588          1.1861
16.108          0.93151
16.627          0.79571
17.147          0.78757
17.666          0.90315
18.186          1.1491
18.706          1.3044
19.225          1.1327
19.745          0.89190
20.264          0.78479
20.784          0.79990
21.304          0.94446
21.823          1.2011
22.343          1.2944
22.862          1.0779
23.382          0.85867
23.902          0.77856
24.421          0.81701
24.941          0.99058
25.460          1.2454
25.980          1.2700
26.500          1.0253
27.019          0.83208
27.539          0.77695
28.059          0.83939
28.578          1.0407
29.098          1.2788
29.617          1.2331
30.137          0.97631
30.657          0.81136
31.176          0.77994
31.696          0.86793
32.215          1.0942
32.735          1.2990
33.255          1.1861
33.774          0.93151
34.294          0.79571
34.813          0.78757
35.333          0.90315
35.853          1.1491
36.372          1.3044
36.892          1.1327
37.411          0.89190
37.931          0.78479
38.451          0.79990
38.970          0.94446
39.490          1.2011
40.009          1.2944
40.529          1.0779
41.049          0.85867
41.568          0.77856
42.088          0.81701
42.607          0.99058
43.127          1.2454
43.647          1.2700
44.166          1.0253
44.686          0.83208
45.205          0.77695
45.725          0.83939
46.245          1.0407
46.764          1.2788
47.284          1.2331
47.803          0.97631
48.323          0.81136
48.843          0.77994
49.362          0.86793
49.882          1.0942
50.401          1.2990
50.921          1.1861
51.441          0.93151
51.960          0.79571
52.480          0.78757
52.999          0.90315
