0.0000          0.91445
0.51960         1.1645
1.0392          1.3031
1.5588          1.1169
2.0784          0.88167
2.5980          0.78252
3.1176          0.80431
3.6372          0.95727
4.1568          1.2147
4.6764          1.2888
5.1960          1.0624
5.7156          0.85038
6.2352          0.77763
6.7548          0.82287
7.2744          1.0046
7.7940          1.2562
8.3136          1.2606
8.8332          1.0108
9.3528          0.82557
9.8724          0.77734
10.392          0.84692
10.912          1.0557
11.431          1.2860
11.951          1.2205
12.470          0.96299
12.990          0.80637
13.510          0.78165
14.029          0.87736
14.549          1.1100
15.068          1.3021
15.588          1.1712
16.108          0.91954
16.627          0.79209
17.147          0.79063
17.666          0.91445
18.186          1.1645
18.706          1.3031
19.225          1.1169
19.745          0.88167
20.264          0.78252
20.784          0.80431
21.304          0.95727
21.823          1.2147
22.343          1.2888
22.862          1.0624
23.382          0.85038
23.902          0.77763
24.421          0.82287
24.941          1.0046
25.460          1.2562
25.980          1.2606
26.500          1.0108
27.019          0.82557
27.539          0.77734
28.059          0.84692
28.578          1.0557
29.098          1.2860
29.617          1.2205
30.137          0.96299
30.657          0.80637
31.176          0.78165
31.696          0.87736
32.215          1.1100
32.735          1.3021
33.255          1.1712
33.774          0.91954
34.294          0.79209
34.813          0.79063
35.333          0.91445
35.853          1.1645
36.372          1.3031
36.892          1.1169
37.411          0.88167
37.931          0.78252
38.451          0.80431
38.970          0.95727
39.490          1.2147
40.009          1.2888
40.529          1.0624
41.049          0.85038
41.568          0.77763
42.088          0.82287
42.607          1.0046
43.127          1.2562
43.647          1.2606
44.166          1.0108
44.686          0.82557
45.205          0.77734
45.725          0.84692
46.245          1.0557
46.764          1.2860
47.284          1.2205
47.803          0.96299
48.323          0.80637
48.843          0.78165
49.362          0.87736
49.882          1.1100
50.401          1.3021
50.921          1.1712
51.441          0.91954
51.960          0.79209
52.480          0.79063
52.999          0.91445
