0.0000          0.93502
0.51960         1.1902
1.0392          1.2979
1.5588          1.0897
2.0784          0.86532
2.5980          0.77952
3.1176          0.81287
3.6372          0.98019
4.1568          1.2366
4.6764          1.2765
5.1960          1.0364
5.7156          0.83733
6.2352          0.77691
6.7548          0.83403
7.2744          1.0295
7.7940          1.2725
8.3136          1.2421
8.8332          0.98663
9.3528          0.81542
9.8724          0.77890
10.392          0.86115
10.912          1.0823
11.431          1.2958
11.951          1.1970
12.470          0.94086
12.990          0.79871
13.510          0.78551
14.029          0.89493
14.549          1.1372
15.068          1.3046
15.588          1.1446
16.108          0.90000
16.627          0.78676
17.147          0.79681
17.666          0.93502
18.186          1.1902
18.706          1.2979
19.225          1.0897
19.745          0.86532
20.264          0.77952
20.784          0.81287
21.304          0.98019
21.823          1.2366
22.343          1.2765
22.862          1.0364
23.382          0.83733
23.902          0.77691
24.421          0.83403
24.941          1.0295
25.460          1.2725
25.980          1.2421
26.500          0.98663
27.019          0.81542
27.539          0.77890
28.059          0.86115
28.578          1.0823
29.098          1.2958
29.617          1.1970
30.137          0.94086
30.657          0.79871
31.176          0.78551
31.696          0.89493
32.215          1.1372
32.735          1.3046
33.255          1.1446
33.774          0.90000
34.294          0.78676
34.813          0.79681
35.333          0.93502
35.853          1.1902
36.372          1.2979
36.892          1.0897
37.411          0.86532
37.931          0.77952
38.451          0.81287
38.970          0.98019
39.490          1.2366
40.009          1.2765
40.529          1.0364
41.049          0.83733
41.568          0.77691
42.088          0.83403
42.607          1.0295
43.127          1.2725
43.647          1.2421
44.166          0.98663
44.686          0.81542
45.205          0.77890
45.725          0.86115
46.245          1.0823
46.764          1.2958
47.284          1.1970
47.803          0.94086
48.323          0.79871
48.843          0.78551
49.362          0.89493
49.882          1.1372
50.401          1.3046
50.921          1.1446
51.441          0.90000
51.960          0.78676
52.480          0.79681
52.999          0.93502
