0.0000          1.2140
0.51960         1.2892
1.0392          1.0633
1.5588          0.85084
2.0784          0.77767
2.5980          0.82252
3.1176          1.0038
3.6372          1.2556
4.1568          1.2612
4.6764          1.0116
5.1960          0.82593
5.7156          0.77731
6.2352          0.84647
6.7548          1.0549
7.2744          1.2856
7.7940          1.2213
8.3136          0.96374
8.8332          0.80665
9.3528          0.78154
9.8724          0.87680
10.392          1.1091
10.912          1.3020
11.431          1.1720
11.951          0.92022
12.470          0.79229
12.990          0.79044
13.510          0.91379
14.029          1.1636
14.549          1.3032
15.068          1.1178
15.588          0.88224
16.108          0.78264
16.627          0.80405
17.147          0.95652
17.666          1.2140
18.186          1.2892
18.706          1.0633
19.225          0.85084
19.745          0.77767
20.264          0.82252
20.784          1.0038
21.304          1.2556
21.823          1.2612
22.343          1.0116
22.862          0.82593
23.382          0.77731
23.902          0.84647
24.421          1.0549
24.941          1.2856
25.460          1.2213
25.980          0.96374
26.500          0.80665
27.019          0.78154
27.539          0.87680
28.059          1.1091
28.578          1.3020
29.098          1.1720
29.617          0.92022
30.137          0.79229
30.657          0.79044
31.176          0.91379
31.696          1.1636
32.215          1.3032
32.735          1.1178
33.255          0.88224
33.774          0.78264
34.294          0.80405
34.813          0.95652
35.333          1.2140
35.853          1.2892
36.372          1.0633
36.892          0.85084
37.411          0.77767
37.931          0.82252
38.451          1.0038
38.970          1.2556
39.490          1.2612
40.009          1.0116
40.529          0.82593
41.049          0.77731
41.568          0.84647
42.088          1.0549
42.607          1.2856
43.127          1.2213
43.647          0.96374
44.166          0.80665
44.686          0.78154
45.205          0.87680
45.725          1.1091
46.245          1.3020
46.764          1.1720
47.284          0.92022
47.803          0.79229
48.323          0.79044
48.843          0.91379
49.362          1.1636
49.882          1.3032
50.401          1.1178
50.921          0.88224
51.441          0.78264
51.960          0.80405
52.480          0.95652
52.999          1.2140
