0.0000          0.77931
0.51960         0.86397
1.0392          1.0873
1.5588          1.2972
2.0784          1.1924
2.5980          0.93689
3.1176          0.79741
3.6372          0.78635
4.1568          0.89836
4.6764          1.1422
5.1960          1.3046
5.7156          1.1396
6.2352          0.89655
6.7548          0.78590
7.2744          0.79809
7.7940          0.93897
8.3136          1.1948
8.8332          1.2965
9.3528          1.0847
9.8724          0.86248
10.392          0.77909
10.912          0.81458
11.431          0.98454
11.951          1.2404
12.470          1.2738
12.990          1.0317
13.510          0.83508
14.029          0.77690
14.549          0.83625
15.068          1.0342
15.588          1.2752
16.108          1.2384
16.627          0.98226
17.147          0.81368
17.666          0.77931
18.186          0.86397
18.706          1.0873
19.225          1.2972
19.745          1.1924
20.264          0.93689
20.784          0.79741
21.304          0.78635
21.823          0.89836
22.343          1.1422
22.862          1.3046
23.382          1.1396
23.902          0.89655
24.421          0.78590
24.941          0.79809
25.460          0.93897
25.980          1.1948
26.500          1.2965
27.019          1.0847
27.539          0.86248
28.059          0.77909
28.578          0.81458
29.098          0.98454
29.617          1.2404
30.137          1.2738
30.657          1.0317
31.176          0.83508
31.696          0.77690
32.215          0.83625
32.735          1.0342
33.255          1.2752
33.774          1.2384
34.294          0.98226
34.813          0.81368
35.333          0.77931
35.853          0.86397
36.372          1.0873
36.892          1.2972
37.411          1.1924
37.931          0.93689
38.451          0.79741
38.970          0.78635
39.490          0.89836
40.009          1.1422
40.529          1.3046
41.049          1.1396
41.568          0.89655
42.088          0.78590
42.607          0.79809
43.127          0.93897
43.647          1.1948
44.166          1.2965
44.686          1.0847
45.205          0.86248
45.725          0.77909
46.245          0.81458
46.764          0.98454
47.284          1.2404
47.803          1.2738
48.323          1.0317
48.843          0.83508
49.362          0.77690
49.882          0.83625
50.401          1.0342
50.921          1.2752
51.441          1.2384
51.960          0.98226
52.480          0.81368
52.999          0.77931
