0.0000          1.0215
0.51960         1.2290
1.0392          1.1906
1.5588          0.96632
2.0784          0.82263
2.5980          0.81447
3.1176          0.94093
3.6372          1.1660
4.1568          1.2418
4.6764          1.0510
5.1960          0.86014
5.7156          0.80247
6.2352          0.87703
6.7548          1.0807
7.2744          1.2496
7.7940          1.1391
8.3136          0.91763
8.8332          0.80846
9.3528          0.83288
9.8724          0.99319
10.392          1.2117
10.912          1.2118
11.431          0.99330
11.951          0.83292
12.470          0.80844
12.990          0.91755
13.510          1.1390
14.029          1.2496
14.549          1.0808
15.068          0.87710
15.588          0.80247
16.108          0.86007
16.627          1.0509
17.147          1.2418
17.666          1.1661
18.186          0.94103
18.706          0.81450
19.225          0.82260
19.745          0.96622
20.264          1.1905
20.784          1.2291
21.304          1.0217
21.823          0.84541
22.343          0.80445
22.862          0.89621
23.382          1.1103
23.902          1.2523
24.421          1.1104
24.941          0.89629
25.460          0.80446
25.980          0.84536
26.500          1.0215
27.019          1.2290
27.539          1.1906
28.059          0.96632
28.578          0.82263
29.098          0.81447
29.617          0.94093
30.137          1.1660
30.657          1.2418
31.176          1.0510
31.696          0.86014
32.215          0.80247
32.735          0.87703
33.255          1.0807
33.774          1.2496
34.294          1.1391
34.813          0.91763
35.333          0.80846
35.853          0.83288
36.372          0.99319
36.892          1.2117
37.411          1.2118
37.931          0.99330
38.451          0.83292
38.970          0.80844
39.490          0.91755
40.009          1.1390
40.529          1.2496
41.049          1.0808
41.568          0.87710
42.088          0.80247
42.607          0.86007
43.127          1.0509
43.647          1.2418
44.166          1.1661
44.686          0.94103
45.205          0.81450
45.725          0.82260
46.245          0.96622
46.764          1.1905
47.284          1.2291
47.803          1.0217
48.323          0.84541
48.843          0.80445
49.362          0.89621
49.882          1.1103
50.401          1.2523
50.921          1.1104
51.441          0.89629
51.960          0.80446
52.480          0.84536
52.999          1.0215
