0.0000          1.0208
0.51960         1.2286
1.0392          1.1912
1.5588          0.96698
2.0784          0.82286
2.5980          0.81429
3.1176          0.94033
3.6372          1.1654
4.1568          1.2421
4.6764          1.0517
5.1960          0.86053
5.7156          0.80245
6.2352          0.87658
6.7548          1.0799
7.2744          1.2495
7.7940          1.1398
8.3136          0.91819
8.8332          0.80858
9.3528          0.83259
9.8724          0.99250
10.392          1.2112
10.912          1.2123
11.431          0.99399
11.951          0.83321
12.470          0.80831
12.990          0.91699
13.510          1.1383
14.029          1.2498
14.549          1.0815
15.068          0.87756
15.588          0.80250
16.108          0.85967
16.627          1.0501
17.147          1.2415
17.666          1.1668
18.186          0.94165
18.706          0.81467
19.225          0.82236
19.745          0.96556
20.264          1.1899
20.784          1.2295
21.304          1.0224
21.823          0.84576
22.343          0.80437
22.862          0.89569
23.382          1.1095
23.902          1.2523
24.421          1.1111
24.941          0.89681
25.460          0.80454
25.980          0.84501
26.500          1.0208
27.019          1.2286
27.539          1.1912
28.059          0.96700
28.578          0.82287
29.098          0.81428
29.617          0.94030
30.137          1.1653
30.657          1.2421
31.176          1.0518
31.696          0.86055
32.215          0.80244
32.735          0.87656
33.255          1.0799
33.774          1.2495
34.294          1.1398
34.813          0.91822
35.333          0.80859
35.853          0.83258
36.372          0.99247
36.892          1.2112
37.411          1.2123
37.931          0.99401
38.451          0.83322
38.970          0.80831
39.490          0.91697
40.009          1.1383
40.529          1.2498
41.049          1.0815
41.568          0.87757
42.088          0.80250
42.607          0.85967
43.127          1.0501
43.647          1.2415
44.166          1.1668
44.686          0.94165
45.205          0.81468
45.725          0.82237
46.245          0.96556
46.764          1.1899
47.284          1.2294
47.803          1.0224
48.323          0.84576
48.843          0.80438
49.362          0.89570
49.882          1.1095
50.401          1.2523
50.921          1.1111
51.441          0.89680
51.960          0.80454
52.480          0.84502
52.999          1.0208
