0.0000          1.0208
0.51960         1.2286
1.0392          1.1912
1.5588          0.96704
2.0784          0.82288
2.5980          0.81428
3.1176          0.94027
3.6372          1.1653
4.1568          1.2421
4.6764          1.0518
5.1960          0.86057
5.7156          0.80244
6.2352          0.87654
6.7548          1.0799
7.2744          1.2495
7.7940          1.1399
8.3136          0.91824
8.8332          0.80859
9.3528          0.83257
9.8724          0.99244
10.392          1.2112
10.912          1.2123
11.431          0.99405
11.951          0.83323
12.470          0.80830
12.990          0.91694
13.510          1.1382
14.029          1.2498
14.549          1.0816
15.068          0.87760
15.588          0.80250
16.108          0.85964
16.627          1.0501
17.147          1.2415
17.666          1.1668
18.186          0.94170
18.706          0.81469
19.225          0.82235
19.745          0.96551
20.264          1.1899
20.784          1.2295
21.304          1.0224
21.823          0.84579
22.343          0.80437
22.862          0.89565
23.382          1.1095
23.902          1.2523
24.421          1.1112
24.941          0.89685
25.460          0.80454
25.980          0.84499
26.500          1.0207
27.019          1.2286
27.539          1.1912
28.059          0.96705
28.578          0.82289
29.098          0.81427
29.617          0.94026
30.137          1.1653
30.657          1.2421
31.176          1.0518
31.696          0.86057
32.215          0.80244
32.735          0.87653
33.255          1.0798
33.774          1.2495
34.294          1.1399
34.813          0.91825
35.333          0.80860
35.853          0.83257
36.372          0.99242
36.892          1.2112
37.411          1.2123
37.931          0.99406
38.451          0.83324
38.970          0.80830
39.490          0.91693
40.009          1.1382
40.529          1.2498
41.049          1.0816
41.568          0.87760
42.088          0.80250
42.607          0.85964
43.127          1.0501
43.647          1.2415
44.166          1.1668
44.686          0.94170
45.205          0.81469
45.725          0.82235
46.245          0.96551
46.764          1.1899
47.284          1.2295
47.803          1.0224
48.323          0.84579
48.843          0.80437
49.362          0.89566
49.882          1.1095
50.401          1.2523
50.921          1.1112
51.441          0.89684
51.960          0.80454
52.480          0.84499
52.999          1.0208
