0.0000          1.0195
0.51960         1.2279
1.0392          1.1922
1.5588          0.96821
2.0784          0.82330
2.5980          0.81397
3.1176          0.93919
3.6372          1.1641
4.1568          1.2426
4.6764          1.0531
5.1960          0.86128
5.7156          0.80241
6.2352          0.87574
6.7548          1.0785
7.2744          1.2492
7.7940          1.1411
8.3136          0.91924
8.8332          0.80882
9.3528          0.83207
9.8724          0.99121
10.392          1.2103
10.912          1.2132
11.431          0.99528
11.951          0.83374
12.470          0.80809
12.990          0.91596
13.510          1.1370
14.029          1.2500
14.549          1.0829
15.068          0.87840
15.588          0.80255
16.108          0.85896
16.627          1.0488
17.147          1.2410
17.666          1.1679
18.186          0.94276
18.706          0.81500
19.225          0.82195
19.745          0.96438
20.264          1.1889
20.784          1.2301
21.304          1.0237
21.823          0.84638
22.343          0.80425
22.862          0.89479
23.382          1.1082
23.902          1.2523
24.421          1.1125
24.941          0.89772
25.460          0.80468
25.980          0.84441
26.500          1.0195
27.019          1.2279
27.539          1.1922
28.059          0.96817
28.578          0.82329
29.098          0.81397
29.617          0.93922
30.137          1.1642
30.657          1.2425
31.176          1.0531
31.696          0.86126
32.215          0.80240
32.735          0.87576
33.255          1.0786
33.774          1.2492
34.294          1.1411
34.813          0.91922
35.333          0.80881
35.853          0.83207
36.372          0.99122
36.892          1.2103
37.411          1.2132
37.931          0.99527
38.451          0.83374
38.970          0.80808
39.490          0.91595
40.009          1.1370
40.529          1.2500
41.049          1.0829
41.568          0.87840
42.088          0.80255
42.607          0.85894
43.127          1.0487
43.647          1.2410
44.166          1.1680
44.686          0.94278
45.205          0.81501
45.725          0.82194
46.245          0.96434
46.764          1.1888
47.284          1.2301
47.803          1.0237
48.323          0.84640
48.843          0.80424
49.362          0.89476
49.882          1.1082
50.401          1.2523
50.921          1.1125
51.441          0.89776
51.960          0.80468
52.480          0.84439
52.999          1.0195
