0.0000          1.0274
0.51960         1.2320
1.0392          1.1859
1.5588          0.96109
2.0784          0.82082
2.5980          0.81593
3.1176          0.94588
3.6372          1.1712
4.1568          1.2396
4.6764          1.0450
5.1960          0.85699
5.7156          0.80271
6.2352          0.88071
6.7548          1.0867
7.2744          1.2506
7.7940          1.1335
8.3136          0.91318
8.8332          0.80749
9.3528          0.83520
9.8724          0.99878
10.392          1.2155
10.912          1.2079
11.431          0.98776
11.951          0.83068
12.470          0.80948
12.990          0.92207
13.510          1.1446
14.029          1.2485
14.549          1.0748
15.068          0.87352
15.588          0.80231
16.108          0.86329
16.627          1.0568
17.147          1.2438
17.666          1.1609
18.186          0.93619
18.706          0.81312
19.225          0.82448
19.745          0.97149
20.264          1.1950
20.784          1.2260
21.304          1.0159
21.823          0.84273
22.343          0.80509
22.862          0.90031
23.382          1.1161
23.902          1.2522
24.421          1.1045
24.941          0.89227
25.460          0.80391
25.980          0.84813
26.500          1.0274
27.019          1.2319
27.539          1.1859
28.059          0.96111
28.578          0.82083
29.098          0.81593
29.617          0.94586
30.137          1.1711
30.657          1.2396
31.176          1.0450
31.696          0.85700
32.215          0.80271
32.735          0.88071
33.255          1.0866
33.774          1.2506
34.294          1.1334
34.813          0.91317
35.333          0.80749
35.853          0.83521
36.372          0.99879
36.892          1.2155
37.411          1.2078
37.931          0.98774
38.451          0.83068
38.970          0.80949
39.490          0.92210
40.009          1.1446
40.529          1.2485
41.049          1.0748
41.568          0.87350
42.088          0.80232
42.607          0.86332
43.127          1.0569
43.647          1.2438
44.166          1.1608
44.686          0.93615
45.205          0.81311
45.725          0.82450
46.245          0.97153
46.764          1.1951
47.284          1.2259
47.803          1.0158
48.323          0.84271
48.843          0.80509
49.362          0.90034
49.882          1.1162
50.401          1.2522
50.921          1.1045
51.441          0.89224
51.960          0.80390
52.480          0.84814
52.999          1.0274
