0.0000          1.0266
0.51960         1.2316
1.0392          1.1866
1.5588          0.96182
2.0784          0.82107
2.5980          0.81572
3.1176          0.94518
3.6372          1.1704
4.1568          1.2400
4.6764          1.0459
5.1960          0.85743
5.7156          0.80267
6.2352          0.88020
6.7548          1.0858
7.2744          1.2505
7.7940          1.1342
8.3136          0.91378
8.8332          0.80762
9.3528          0.83489
9.8724          0.99803
10.392          1.2150
10.912          1.2084
11.431          0.98849
11.951          0.83098
12.470          0.80935
12.990          0.92149
13.510          1.1438
14.029          1.2486
14.549          1.0756
15.068          0.87398
15.588          0.80234
16.108          0.86289
16.627          1.0561
17.147          1.2435
17.666          1.1615
18.186          0.93679
18.706          0.81329
19.225          0.82425
19.745          0.97084
20.264          1.1945
20.784          1.2263
21.304          1.0166
21.823          0.84306
22.343          0.80501
22.862          0.89981
23.382          1.1154
23.902          1.2522
24.421          1.1052
24.941          0.89275
25.460          0.80397
25.980          0.84779
26.500          1.0266
27.019          1.2316
27.539          1.1865
28.059          0.96174
28.578          0.82104
29.098          0.81574
29.617          0.94525
30.137          1.1705
30.657          1.2399
31.176          1.0458
31.696          0.85738
32.215          0.80267
32.735          0.88024
33.255          1.0859
33.774          1.2505
34.294          1.1342
34.813          0.91373
35.333          0.80760
35.853          0.83490
36.372          0.99806
36.892          1.2151
37.411          1.2084
37.931          0.98847
38.451          0.83096
38.970          0.80934
39.490          0.92148
40.009          1.1439
40.529          1.2487
41.049          1.0756
41.568          0.87398
42.088          0.80232
42.607          0.86286
43.127          1.0560
43.647          1.2435
44.166          1.1616
44.686          0.93682
45.205          0.81329
45.725          0.82422
46.245          0.97079
46.764          1.1944
47.284          1.2264
47.803          1.0167
48.323          0.84309
48.843          0.80499
49.362          0.89975
49.882          1.1153
50.401          1.2522
50.921          1.1053
51.441          0.89281
51.960          0.80397
52.480          0.84774
52.999          1.0266
