0.0000          1.0118
0.51960         1.2237
1.0392          1.1982
1.5588          0.97525
2.0784          0.82586
2.5980          0.81220
3.1176          0.93282
3.6372          1.1571
4.1568          1.2450
4.6764          1.0610
5.1960          0.86561
5.7156          0.80225
6.2352          0.87105
6.7548          1.0706
7.2744          1.2476
7.7940          1.1485
8.3136          0.92532
8.8332          0.81026
9.3528          0.82916
9.8724          0.98390
10.392          1.2050
10.912          1.2181
11.431          1.0027
11.951          0.83690
12.470          0.80686
12.990          0.91009
13.510          1.1294
14.029          1.2511
14.549          1.0909
15.068          0.88335
15.588          0.80292
16.108          0.85485
16.627          1.0409
17.147          1.2380
17.666          1.1747
18.186          0.94938
18.706          0.81701
19.225          0.81961
19.745          0.95747
20.264          1.1825
20.784          1.2339
21.304          1.0315
21.823          0.85014
22.343          0.80356
22.862          0.88949
23.382          1.1003
23.902          1.2520
24.421          1.1202
24.941          0.90326
25.460          0.80559
25.980          0.84090
26.500          1.0118
27.019          1.2237
27.539          1.1981
28.059          0.97525
28.578          0.82586
29.098          0.81221
29.617          0.93283
30.137          1.1571
30.657          1.2450
31.176          1.0610
31.696          0.86561
32.215          0.80225
32.735          0.87107
33.255          1.0706
33.774          1.2475
34.294          1.1484
34.813          0.92529
35.333          0.81026
35.853          0.82917
36.372          0.98394
36.892          1.2050
37.411          1.2181
37.931          1.0027
38.451          0.83688
38.970          0.80687
39.490          0.91013
40.009          1.1295
40.529          1.2511
41.049          1.0908
41.568          0.88332
42.088          0.80292
42.607          0.85487
43.127          1.0409
43.647          1.2380
44.166          1.1747
44.686          0.94934
45.205          0.81700
45.725          0.81962
46.245          0.95751
46.764          1.1826
47.284          1.2339
47.803          1.0314
48.323          0.85012
48.843          0.80356
49.362          0.88950
49.882          1.1004
50.401          1.2520
50.921          1.1202
51.441          0.90325
51.960          0.80558
52.480          0.84090
52.999          1.0118
