0.0000          1.0092
0.51960         1.2221
1.0392          1.2002
1.5588          0.97775
2.0784          0.82680
2.5980          0.81162
3.1176          0.93063
3.6372          1.1546
4.1568          1.2458
4.6764          1.0638
5.1960          0.86716
5.7156          0.80224
6.2352          0.86948
6.7548          1.0678
7.2744          1.2469
7.7940          1.1509
8.3136          0.92744
8.8332          0.81080
9.3528          0.82821
9.8724          0.98143
10.392          1.2031
10.912          1.2197
11.431          1.0053
11.951          0.83801
12.470          0.80649
12.990          0.90815
13.510          1.1269
14.029          1.2514
14.549          1.0935
15.068          0.88505
15.588          0.80309
16.108          0.85351
16.627          1.0382
17.147          1.2369
17.666          1.1769
18.186          0.95163
18.706          0.81772
19.225          0.81886
19.745          0.95518
20.264          1.1804
20.784          1.2351
21.304          1.0341
21.823          0.85144
22.343          0.80336
22.862          0.88773
23.382          1.0977
23.902          1.2518
24.421          1.1228
24.941          0.90517
25.460          0.80592
25.980          0.83974
26.500          1.0092
27.019          1.2221
27.539          1.2001
28.059          0.97769
28.578          0.82677
29.098          0.81162
29.617          0.93066
30.137          1.1547
30.657          1.2458
31.176          1.0638
31.696          0.86714
32.215          0.80222
32.735          0.86947
33.255          1.0678
33.774          1.2469
34.294          1.1510
34.813          0.92745
35.333          0.81079
35.853          0.82818
36.372          0.98139
36.892          1.2030
37.411          1.2198
37.931          1.0054
38.451          0.83802
38.970          0.80647
39.490          0.90809
40.009          1.1268
40.529          1.2514
41.049          1.0936
41.568          0.88510
42.088          0.80308
42.607          0.85345
43.127          1.0381
43.647          1.2369
44.166          1.1770
44.686          0.95172
45.205          0.81775
45.725          0.81883
46.245          0.95509
46.764          1.1803
47.284          1.2352
47.803          1.0342
48.323          0.85149
48.843          0.80335
49.362          0.88767
49.882          1.0976
50.401          1.2518
50.921          1.1229
51.441          0.90524
51.960          0.80594
52.480          0.83971
52.999          1.0092
