0.0000          1.0181
0.51960         1.2272
1.0392          1.1933
1.5588          0.96947
2.0784          0.82376
2.5980          0.81364
3.1176          0.93804
3.6372          1.1629
4.1568          1.2430
4.6764          1.0545
5.1960          0.86205
5.7156          0.80237
6.2352          0.87489
6.7548          1.0771
7.2744          1.2490
7.7940          1.1424
8.3136          0.92033
8.8332          0.80907
9.3528          0.83152
9.8724          0.98987
10.392          1.2094
10.912          1.2141
11.431          0.99664
11.951          0.83430
12.470          0.80784
12.990          0.91485
13.510          1.1356
14.029          1.2503
14.549          1.0844
15.068          0.87931
15.588          0.80260
16.108          0.85815
16.627          1.0472
17.147          1.2405
17.666          1.1693
18.186          0.94403
18.706          0.81537
19.225          0.82147
19.745          0.96300
20.264          1.1877
20.784          1.2309
21.304          1.0252
21.823          0.84711
22.343          0.80408
22.862          0.89369
23.382          1.1066
23.902          1.2523
24.421          1.1141
24.941          0.89884
25.460          0.80484
25.980          0.84366
26.500          1.0179
27.019          1.2271
27.539          1.1935
28.059          0.96963
28.578          0.82381
29.098          0.81359
29.617          0.93787
30.137          1.1627
30.657          1.2431
31.176          1.0547
31.696          0.86216
32.215          0.80236
32.735          0.87477
33.255          1.0769
33.774          1.2489
34.294          1.1426
34.813          0.92048
35.333          0.80911
35.853          0.83147
36.372          0.98971
36.892          1.2092
37.411          1.2142
37.931          0.99679
38.451          0.83438
38.970          0.80784
39.490          0.91477
40.009          1.1355
40.529          1.2502
41.049          1.0845
41.568          0.87938
42.088          0.80263
42.607          0.85814
43.127          1.0472
43.647          1.2404
44.166          1.1693
44.686          0.94405
45.205          0.81540
45.725          0.82150
46.245          0.96304
46.764          1.1877
47.284          1.2309
47.803          1.0252
48.323          0.84710
48.843          0.80412
49.362          0.89378
49.882          1.1067
50.401          1.2522
50.921          1.1139
51.441          0.89876
51.960          0.80485
52.480          0.84375
52.999          1.0181
