0.0000          1.0382
0.51960         1.2369
1.0392          1.1770
1.5588          0.95167
2.0784          0.81773
2.5980          0.81885
3.1176          0.95515
3.6372          1.1803
4.1568          1.2351
4.6764          1.0341
5.1960          0.85146
5.7156          0.80336
6.2352          0.88771
6.7548          1.0976
7.2744          1.2518
7.7940          1.1229
8.3136          0.90519
8.8332          0.80593
9.3528          0.83973
9.8724          1.0092
10.392          1.2221
10.912          1.2001
11.431          0.97771
11.951          0.82678
12.470          0.81162
12.990          0.93065
13.510          1.1547
14.029          1.2458
14.549          1.0638
15.068          0.86715
15.588          0.80223
16.108          0.86947
16.627          1.0678
17.147          1.2469
17.666          1.1510
18.186          0.92744
18.706          0.81080
19.225          0.82819
19.745          0.98141
20.264          1.2031
20.784          1.2197
21.304          1.0053
21.823          0.83802
22.343          0.80647
22.862          0.90812
23.382          1.1268
23.902          1.2514
24.421          1.0936
24.941          0.88508
25.460          0.80308
25.980          0.85347
26.500          1.0382
27.019          1.2369
27.539          1.1770
28.059          0.95168
28.578          0.81773
29.098          0.81884
29.617          0.95513
30.137          1.1803
30.657          1.2351
31.176          1.0342
31.696          0.85147
32.215          0.80335
32.735          0.88769
33.255          1.0976
33.774          1.2518
34.294          1.1229
34.813          0.90521
35.333          0.80593
35.853          0.83972
36.372          1.0092
36.892          1.2221
37.411          1.2002
37.931          0.97773
38.451          0.82679
38.970          0.81162
39.490          0.93064
40.009          1.1547
40.529          1.2458
41.049          1.0638
41.568          0.86715
42.088          0.80223
42.607          0.86947
43.127          1.0678
43.647          1.2469
44.166          1.1510
44.686          0.92744
45.205          0.81080
45.725          0.82820
46.245          0.98142
46.764          1.2031
47.284          1.2197
47.803          1.0053
48.323          0.83802
48.843          0.80648
49.362          0.90813
49.882          1.1268
50.401          1.2514
50.921          1.0936
51.441          0.88507
51.960          0.80308
52.480          0.85348
52.999          1.0382
