0.0000          1.0047
0.51960         1.2194
1.0392          1.2035
1.5588          0.98199
2.0784          0.82841
2.5980          0.81066
3.1176          0.92692
3.6372          1.1504
4.1568          1.2471
4.6764          1.0685
5.1960          0.86985
5.7156          0.80222
6.2352          0.86676
6.7548          1.0631
7.2744          1.2456
7.7940          1.1553
8.3136          0.93119
8.8332          0.81176
9.3528          0.82654
9.8724          0.97708
10.392          1.1996
10.912          1.2225
11.431          1.0099
11.951          0.84003
12.470          0.80584
12.990          0.90469
13.510          1.1222
14.029          1.2518
14.549          1.0983
15.068          0.88817
15.588          0.80341
16.108          0.85112
16.627          1.0335
17.147          1.2348
17.666          1.1809
18.186          0.95575
18.706          0.81905
19.225          0.81755
19.745          0.95109
20.264          1.1764
20.784          1.2372
21.304          1.0389
21.823          0.85383
22.343          0.80305
22.862          0.88465
23.382          1.0929
23.902          1.2513
24.421          1.1274
24.941          0.90860
25.460          0.80658
25.980          0.83776
26.500          1.0047
27.019          1.2193
27.539          1.2035
28.059          0.98199
28.578          0.82842
29.098          0.81069
29.617          0.92698
30.137          1.1504
30.657          1.2470
31.176          1.0684
31.696          0.86982
32.215          0.80224
32.735          0.86683
33.255          1.0632
33.774          1.2456
34.294          1.1552
34.813          0.93109
35.333          0.81175
35.853          0.82660
36.372          0.97722
36.892          1.1997
37.411          1.2224
37.931          1.0097
38.451          0.83996
38.970          0.80586
39.490          0.90482
40.009          1.1224
40.529          1.2518
41.049          1.0982
41.568          0.88805
42.088          0.80339
42.607          0.85119
43.127          1.0336
43.647          1.2349
44.166          1.1808
44.686          0.95561
45.205          0.81899
45.725          0.81757
46.245          0.95120
46.764          1.1765
47.284          1.2371
47.803          1.0387
48.323          0.85376
48.843          0.80304
49.362          0.88469
49.882          1.0930
50.401          1.2514
50.921          1.1274
51.441          0.90855
51.960          0.80655
52.480          0.83775
52.999          1.0047
