0.0000          1.0115
0.51960         1.2234
1.0392          1.1984
1.5588          0.97557
2.0784          0.82599
2.5980          0.81215
3.1176          0.93257
3.6372          1.1568
4.1568          1.2451
4.6764          1.0613
5.1960          0.86579
5.7156          0.80226
6.2352          0.87091
6.7548          1.0703
7.2744          1.2475
7.7940          1.1487
8.3136          0.92552
8.8332          0.81033
9.3528          0.82909
9.8724          0.98370
10.392          1.2048
10.912          1.2182
11.431          1.0029
11.951          0.83699
12.470          0.80684
12.990          0.90996
13.510          1.1292
14.029          1.2511
14.549          1.0910
15.068          0.88347
15.588          0.80294
16.108          0.85475
16.627          1.0407
17.147          1.2379
17.666          1.1749
18.186          0.94954
18.706          0.81706
19.225          0.81955
19.745          0.95730
20.264          1.1824
20.784          1.2340
21.304          1.0317
21.823          0.85023
22.343          0.80353
22.862          0.88933
23.382          1.1001
23.902          1.2520
24.421          1.1205
24.941          0.90343
25.460          0.80560
25.980          0.84077
26.500          1.0116
27.019          1.2235
27.539          1.1984
28.059          0.97551
28.578          0.82595
29.098          0.81212
29.617          0.93255
30.137          1.1569
30.657          1.2452
31.176          1.0614
31.696          0.86579
32.215          0.80223
32.735          0.87083
33.255          1.0702
33.774          1.2475
34.294          1.1488
34.813          0.92560
35.333          0.81033
35.853          0.82901
36.372          0.98354
36.892          1.2047
37.411          1.2184
37.931          1.0031
38.451          0.83705
38.970          0.80679
39.490          0.90979
40.009          1.1290
40.529          1.2512
41.049          1.0913
41.568          0.88361
42.088          0.80295
42.607          0.85463
43.127          1.0404
43.647          1.2378
44.166          1.1751
44.686          0.94974
45.205          0.81712
45.725          0.81950
46.245          0.95712
46.764          1.1822
47.284          1.2341
47.803          1.0319
48.323          0.85034
48.843          0.80354
49.362          0.88923
49.882          1.0999
50.401          1.2519
50.921          1.1206
51.441          0.90354
51.960          0.80565
52.480          0.84075
52.999          1.0115
