0.0000          1.0685
0.51960         1.2470
1.0392          1.1504
1.5588          0.92696
2.0784          0.81067
2.5980          0.82841
3.1176          0.98198
3.6372          1.2035
4.1568          1.2194
4.6764          1.0047
5.1960          0.83776
5.7156          0.80656
6.2352          0.90858
6.7548          1.1274
7.2744          1.2514
7.7940          1.0929
8.3136          0.88468
8.8332          0.80305
9.3528          0.85379
9.8724          1.0388
10.392          1.2371
10.912          1.1765
11.431          0.95114
11.951          0.81756
12.470          0.81902
12.990          0.95568
13.510          1.1809
14.029          1.2348
14.549          1.0335
15.068          0.85115
15.588          0.80340
16.108          0.88812
16.627          1.0983
17.147          1.2518
17.666          1.1223
18.186          0.90475
18.706          0.80585
19.225          0.84000
19.745          1.0098
20.264          1.2225
20.784          1.1997
21.304          0.97714
21.823          0.82657
22.343          0.81176
22.862          0.93115
23.382          1.1552
23.902          1.2456
24.421          1.0631
24.941          0.86679
25.460          0.80223
25.980          0.86984
26.500          1.0685
27.019          1.2470
27.539          1.1504
28.059          0.92694
28.578          0.81067
29.098          0.82842
29.617          0.98200
30.137          1.2035
30.657          1.2194
31.176          1.0047
31.696          0.83775
32.215          0.80656
32.735          0.90858
33.255          1.1274
33.774          1.2514
34.294          1.0929
34.813          0.88467
35.333          0.80304
35.853          0.85379
36.372          1.0388
36.892          1.2371
37.411          1.1765
37.931          0.95114
38.451          0.81756
38.970          0.81902
39.490          0.95568
40.009          1.1809
40.529          1.2349
41.049          1.0335
41.568          0.85115
42.088          0.80340
42.607          0.88811
43.127          1.0982
43.647          1.2518
44.166          1.1223
44.686          0.90475
45.205          0.80585
45.725          0.83999
46.245          1.0098
46.764          1.2225
47.284          1.1997
47.803          0.97716
48.323          0.82657
48.843          0.81175
49.362          0.93114
49.882          1.1552
50.401          1.2456
50.921          1.0631
51.441          0.86680
51.960          0.80223
52.480          0.86983
52.999          1.0685
