0.0000          1.0599
0.51960         1.2447
1.0392          1.1581
1.5588          0.93367
2.0784          0.81244
2.5980          0.82552
3.1176          0.97432
3.6372          1.1974
4.1568          1.2242
4.6764          1.0128
5.1960          0.84135
5.7156          0.80547
6.2352          0.90254
6.7548          1.1192
7.2744          1.2520
7.7940          1.1014
8.3136          0.89016
8.8332          0.80364
9.3528          0.84965
9.8724          1.0305
10.392          1.2334
10.912          1.1834
11.431          0.95835
11.951          0.81990
12.470          0.81675
12.990          0.94853
13.510          1.1739
14.029          1.2384
14.549          1.0419
15.068          0.85536
15.588          0.80287
16.108          0.88270
16.627          1.0898
17.147          1.2510
17.666          1.1304
18.186          0.91084
18.706          0.80701
19.225          0.83648
19.745          1.0018
20.264          1.2175
20.784          1.2057
21.304          0.98483
21.823          0.82952
22.343          0.81007
22.862          0.92452
23.382          1.1475
23.902          1.2478
24.421          1.0716
24.941          0.87165
25.460          0.80225
25.980          0.86503
26.500          1.0600
27.019          1.2447
27.539          1.1581
28.059          0.93365
28.578          0.81242
29.098          0.82551
29.617          0.97430
30.137          1.1974
30.657          1.2243
31.176          1.0129
31.696          0.84135
32.215          0.80545
32.735          0.90250
33.255          1.1192
33.774          1.2520
34.294          1.1014
34.813          0.89020
35.333          0.80364
35.853          0.84960
36.372          1.0304
36.892          1.2334
37.411          1.1835
37.931          0.95843
38.451          0.81993
38.970          0.81672
39.490          0.94844
40.009          1.1738
40.529          1.2385
41.049          1.0420
41.568          0.85542
42.088          0.80286
42.607          0.88264
43.127          1.0897
43.647          1.2510
44.166          1.1305
44.686          0.91092
45.205          0.80703
45.725          0.83645
46.245          1.0017
46.764          1.2174
47.284          1.2057
47.803          0.98492
48.323          0.82956
48.843          0.81006
49.362          0.92447
49.882          1.1474
50.401          1.2478
50.921          1.0717
51.441          0.87169
51.960          0.80227
52.480          0.86502
52.999          1.0599
