0.0000          1.0765
0.51960         1.2488
1.0392          1.1431
1.5588          0.92082
2.0784          0.80918
2.5980          0.83128
3.1176          0.98927
3.6372          1.2090
4.1568          1.2145
4.6764          0.99725
5.1960          0.83456
5.7156          0.80774
6.2352          0.91437
6.7548          1.1350
7.2744          1.2504
7.7940          1.0850
8.3136          0.87971
8.8332          0.80263
9.3528          0.85783
9.8724          1.0466
10.392          1.2403
10.912          1.1698
11.431          0.94454
11.951          0.81553
12.470          0.82131
12.990          0.96250
13.510          1.1872
14.029          1.2312
14.549          1.0258
15.068          0.84738
15.588          0.80405
16.108          0.89335
16.627          1.1061
17.147          1.2522
17.666          1.1146
18.186          0.89920
18.706          0.80492
19.225          0.84346
19.745          1.0174
20.264          1.2268
20.784          1.1938
21.304          0.97005
21.823          0.82397
22.343          0.81350
22.862          0.93752
23.382          1.1623
23.902          1.2432
24.421          1.0552
24.941          0.86239
25.460          0.80236
25.980          0.87453
26.500          1.0765
27.019          1.2488
27.539          1.1430
28.059          0.92079
28.578          0.80918
29.098          0.83132
29.617          0.98935
30.137          1.2090
30.657          1.2144
31.176          0.99716
31.696          0.83453
32.215          0.80777
32.735          0.91447
33.255          1.1351
33.774          1.2503
34.294          1.0849
34.813          0.87963
35.333          0.80263
35.853          0.85791
36.372          1.0468
36.892          1.2403
37.411          1.1697
37.931          0.94441
38.451          0.81549
38.970          0.82135
39.490          0.96262
40.009          1.1873
40.529          1.2311
41.049          1.0257
41.568          0.84731
42.088          0.80405
42.607          0.89342
43.127          1.1062
43.647          1.2522
44.166          1.1145
44.686          0.89912
45.205          0.80489
45.725          0.84348
46.245          1.0175
46.764          1.2269
47.284          1.1938
47.803          0.96999
48.323          0.82393
48.843          0.81349
49.362          0.93754
49.882          1.1624
50.401          1.2432
50.921          1.0552
51.441          0.86238
51.960          0.80234
52.480          0.87450
52.999          1.0765
