0.0000          1.0174
0.51960         1.2268
1.0392          1.1939
1.5588          0.97011
2.0784          0.82397
2.5980          0.81346
3.1176          0.93743
3.6372          1.1622
4.1568          1.2433
4.6764          1.0553
5.1960          0.86245
5.7156          0.80234
6.2352          0.87443
6.7548          1.0763
7.2744          1.2488
7.7940          1.1432
8.3136          0.92091
8.8332          0.80920
9.3528          0.83124
9.8724          0.98916
10.392          1.2089
10.912          1.2146
11.431          0.99735
11.951          0.83460
12.470          0.80773
12.990          0.91430
13.510          1.1349
14.029          1.2504
14.549          1.0851
15.068          0.87977
15.588          0.80264
16.108          0.85779
16.627          1.0465
17.147          1.2402
17.666          1.1698
18.186          0.94460
18.706          0.81555
19.225          0.82129
19.745          0.96244
20.264          1.1871
20.784          1.2312
21.304          1.0259
21.823          0.84742
22.343          0.80405
22.862          0.89330
23.382          1.1060
23.902          1.2522
24.421          1.1146
24.941          0.89925
25.460          0.80492
25.980          0.84343
26.500          1.0174
27.019          1.2268
27.539          1.1938
28.059          0.97010
28.578          0.82398
29.098          0.81349
29.617          0.93747
30.137          1.1623
30.657          1.2432
31.176          1.0552
31.696          0.86243
32.215          0.80236
32.735          0.87449
33.255          1.0764
33.774          1.2488
34.294          1.1431
34.813          0.92084
35.333          0.80919
35.853          0.83129
36.372          0.98927
36.892          1.2089
37.411          1.2145
37.931          0.99724
38.451          0.83456
38.970          0.80775
39.490          0.91440
40.009          1.1350
40.529          1.2503
41.049          1.0850
41.568          0.87969
42.088          0.80263
42.607          0.85785
43.127          1.0467
43.647          1.2403
44.166          1.1698
44.686          0.94451
45.205          0.81552
45.725          0.82131
46.245          0.96252
46.764          1.1872
47.284          1.2312
47.803          1.0258
48.323          0.84737
48.843          0.80404
49.362          0.89333
49.882          1.1061
50.401          1.2522
50.921          1.1146
51.441          0.89921
51.960          0.80490
52.480          0.84342
52.999          1.0174
