0.0000          1.0308
0.51960         1.2335
1.0392          1.1831
1.5588          0.95810
2.0784          0.81983
2.5980          0.81684
3.1176          0.94880
3.6372          1.1741
4.1568          1.2382
4.6764          1.0415
5.1960          0.85521
5.7156          0.80290
6.2352          0.88293
6.7548          1.0902
7.2744          1.2510
7.7940          1.1301
8.3136          0.91058
8.8332          0.80696
9.3528          0.83664
9.8724          1.0021
10.392          1.2177
10.912          1.2054
11.431          0.98450
11.951          0.82939
12.470          0.81014
12.990          0.92481
13.510          1.1479
14.029          1.2477
14.549          1.0712
15.068          0.87144
15.588          0.80225
16.108          0.86524
16.627          1.0604
17.147          1.2449
17.666          1.1577
18.186          0.93336
18.706          0.81234
19.225          0.82562
19.745          0.97461
20.264          1.1977
20.784          1.2241
21.304          1.0125
21.823          0.84120
22.343          0.80548
22.862          0.90272
23.382          1.1195
23.902          1.2520
24.421          1.1011
24.941          0.88999
25.460          0.80360
25.980          0.84973
26.500          1.0307
27.019          1.2336
27.539          1.1832
28.059          0.95819
28.578          0.81984
29.098          0.81677
29.617          0.94865
30.137          1.1740
30.657          1.2384
31.176          1.0417
31.696          0.85529
32.215          0.80287
32.735          0.88278
33.255          1.0900
33.774          1.2510
34.294          1.1303
34.813          0.91076
35.333          0.80699
35.853          0.83653
36.372          1.0019
36.892          1.2176
37.411          1.2056
37.931          0.98474
38.451          0.82949
38.970          0.81010
39.490          0.92462
40.009          1.1476
40.529          1.2477
41.049          1.0715
41.568          0.87158
42.088          0.80227
42.607          0.86514
43.127          1.0601
43.647          1.2448
44.166          1.1579
44.686          0.93351
45.205          0.81240
45.725          0.82560
46.245          0.97452
46.764          1.1975
47.284          1.2241
47.803          1.0126
48.323          0.84126
48.843          0.80551
49.362          0.90272
49.882          1.1195
50.401          1.2520
50.921          1.1011
51.441          0.89000
51.960          0.80364
52.480          0.84980
52.999          1.0308
