0.0000          0.99275
0.51960         1.2114
1.0392          1.2121
1.5588          0.99374
2.0784          0.83311
2.5980          0.80836
3.1176          0.91720
3.6372          1.1385
4.1568          1.2497
4.6764          1.0812
5.1960          0.87740
5.7156          0.80251
6.2352          0.85986
6.7548          1.0504
7.2744          1.2416
7.7940          1.1664
8.3136          0.94138
8.8332          0.81462
9.3528          0.82251
9.8724          0.96591
10.392          1.1902
10.912          1.2292
11.431          1.0220
11.951          0.84559
12.470          0.80446
12.990          0.89606
13.510          1.1100
14.029          1.2522
14.549          1.1106
15.068          0.89646
15.588          0.80452
16.108          0.84532
16.627          1.0214
17.147          1.2289
17.666          1.1906
18.186          0.96642
18.706          0.82270
19.225          0.81449
19.745          0.94092
20.264          1.1659
20.784          1.2418
21.304          1.0510
21.823          0.86016
22.343          0.80250
22.862          0.87708
23.382          1.0807
23.902          1.2496
24.421          1.1390
24.941          0.91759
25.460          0.80846
25.980          0.83292
26.500          0.99327
27.019          1.2118
27.539          1.2117
28.059          0.99321
28.578          0.83289
29.098          0.80845
29.617          0.91761
30.137          1.1391
30.657          1.2496
31.176          1.0807
31.696          0.87705
32.215          0.80246
32.735          0.86009
33.255          1.0509
33.774          1.2418
34.294          1.1661
34.813          0.94101
35.333          0.81447
35.853          0.82256
36.372          0.96618
36.892          1.1905
37.411          1.2292
37.931          1.0217
38.451          0.84542
38.970          0.80440
39.490          0.89610
40.009          1.1102
40.529          1.2523
41.049          1.1106
41.568          0.89639
42.088          0.80445
42.607          0.84522
43.127          1.0213
43.647          1.2289
44.166          1.1908
44.686          0.96656
45.205          0.82269
45.725          0.81436
46.245          0.94064
46.764          1.1657
47.284          1.2420
47.803          1.0514
48.323          0.86032
48.843          0.80243
49.362          0.87677
49.882          1.0802
50.401          1.2496
50.921          1.1395
51.441          0.91797
51.960          0.80852
52.480          0.83270
52.999          0.99275
