0.0000          1.0179
0.51960         1.2271
1.0392          1.1935
1.5588          0.96965
2.0784          0.82381
2.5980          0.81358
3.1176          0.93785
3.6372          1.1627
4.1568          1.2431
4.6764          1.0548
5.1960          0.86217
5.7156          0.80235
6.2352          0.87473
6.7548          1.0768
7.2744          1.2489
7.7940          1.1427
8.3136          0.92052
8.8332          0.80911
9.3528          0.83142
9.8724          0.98962
10.392          1.2092
10.912          1.2143
11.431          0.99690
11.951          0.83441
12.470          0.80779
12.990          0.91465
13.510          1.1353
14.029          1.2503
14.549          1.0847
15.068          0.87948
15.588          0.80261
16.108          0.85802
16.627          1.0470
17.147          1.2404
17.666          1.1695
18.186          0.94424
18.706          0.81544
19.225          0.82141
19.745          0.96280
20.264          1.1875
20.784          1.2310
21.304          1.0255
21.823          0.84722
22.343          0.80408
22.862          0.89357
23.382          1.1064
23.902          1.2522
24.421          1.1142
24.941          0.89897
25.460          0.80488
25.980          0.84360
26.500          1.0178
27.019          1.2270
27.539          1.1936
28.059          0.96976
28.578          0.82386
29.098          0.81357
29.617          0.93779
30.137          1.1626
30.657          1.2431
31.176          1.0548
31.696          0.86222
32.215          0.80237
32.735          0.87473
33.255          1.0768
33.774          1.2489
34.294          1.1427
34.813          0.92054
35.333          0.80913
35.853          0.83145
36.372          0.98966
36.892          1.2092
37.411          1.2142
37.931          0.99684
38.451          0.83440
38.970          0.80783
39.490          0.91473
40.009          1.1354
40.529          1.2503
41.049          1.0845
41.568          0.87942
42.088          0.80262
42.607          0.85810
43.127          1.0471
43.647          1.2404
44.166          1.1693
44.686          0.94412
45.205          0.81541
45.725          0.82146
46.245          0.96294
46.764          1.1876
47.284          1.2309
47.803          1.0253
48.323          0.84714
48.843          0.80409
49.362          0.89368
49.882          1.1066
50.401          1.2522
50.921          1.1141
51.441          0.89886
51.960          0.80485
52.480          0.84366
52.999          1.0179
