0.0000          1.1049
0.51960         1.2521
1.0392          1.1157
1.5588          0.90002
2.0784          0.80507
2.5980          0.84299
3.1176          1.0164
3.6372          1.2262
4.1568          1.1946
4.6764          0.97097
5.1960          0.82430
5.7156          0.81327
6.2352          0.93670
6.7548          1.1614
7.2744          1.2436
7.7940          1.0561
8.3136          0.86290
8.8332          0.80231
9.3528          0.87390
9.8724          1.0755
10.392          1.2487
10.912          1.1440
11.431          0.92151
11.951          0.80931
12.470          0.83088
12.990          0.98834
13.510          1.2084
14.029          1.2153
14.549          0.99819
15.068          0.83490
15.588          0.80751
16.108          0.91353
16.627          1.1340
17.147          1.2506
17.666          1.0862
18.186          0.88036
18.706          0.80261
19.225          0.85714
19.745          1.0454
20.264          1.2399
20.784          1.1710
21.304          0.94559
21.823          0.81579
22.343          0.82083
22.862          0.96125
23.382          1.1861
23.902          1.2320
24.421          1.0272
24.941          0.84803
25.460          0.80385
25.980          0.89225
26.500          1.1046
27.019          1.2523
27.539          1.1162
28.059          0.90031
28.578          0.80505
29.098          0.84265
29.617          1.0158
30.137          1.2260
30.657          1.1952
31.176          0.97161
31.696          0.82450
32.215          0.81306
32.735          0.93603
33.255          1.1607
33.774          1.2439
34.294          1.0570
34.813          0.86338
35.333          0.80230
35.853          0.87341
36.372          1.0746
36.892          1.2485
37.411          1.1447
37.931          0.92221
38.451          0.80952
38.970          0.83064
39.490          0.98763
40.009          1.2077
40.529          1.2156
41.049          0.99888
41.568          0.83527
42.088          0.80752
42.607          0.91316
43.127          1.1334
43.647          1.2505
44.166          1.0866
44.686          0.88073
45.205          0.80276
45.725          0.85708
46.245          1.0451
46.764          1.2396
47.284          1.1710
47.803          0.94577
48.323          0.81594
48.843          0.82095
49.362          0.96133
49.882          1.1860
50.401          1.2317
50.921          1.0271
51.441          0.84803
51.960          0.80399
52.480          0.89256
52.999          1.1049
