0.0000          1.2804
0.51960         1.2305
1.0392          0.97340
1.5588          0.81025
2.0784          0.78028
2.5980          0.86992
3.1176          1.0976
3.6372          1.2998
4.1568          1.1829
4.6764          0.92889
5.1960          0.79489
5.7156          0.78820
6.2352          0.90555
6.7548          1.1524
7.2744          1.3043
7.7940          1.1293
8.3136          0.88964
8.8332          0.78427
9.3528          0.80082
9.8724          0.94720
10.392          1.2041
10.912          1.2933
11.431          1.0745
11.951          0.85683
12.470          0.77833
12.990          0.81824
13.510          0.99358
14.029          1.2478
14.549          1.2681
15.068          1.0221
15.588          0.83063
16.108          0.77701
16.627          0.84098
17.147          1.0439
17.666          1.2804
18.186          1.2305
18.706          0.97340
19.225          0.81025
19.745          0.78028
20.264          0.86992
20.784          1.0976
21.304          1.2998
21.823          1.1829
22.343          0.92888
22.862          0.79489
23.382          0.78820
23.902          0.90555
24.421          1.1524
24.941          1.3043
25.460          1.1293
25.980          0.88964
26.500          0.78426
27.019          0.80082
27.539          0.94720
28.059          1.2041
28.578          1.2933
29.098          1.0745
29.617          0.85683
30.137          0.77832
30.657          0.81824
31.176          0.99358
31.696          1.2478
32.215          1.2681
32.735          1.0221
33.255          0.83063
33.774          0.77701
34.294          0.84098
34.813          1.0439
35.333          1.2804
35.853          1.2305
36.372          0.97340
36.892          0.81025
37.411          0.78028
37.931          0.86992
38.451          1.0976
38.970          1.2998
39.490          1.1829
40.009          0.92888
40.529          0.79489
41.049          0.78820
41.568          0.90555
42.088          1.1524
42.607          1.3043
43.127          1.1293
43.647          0.88964
44.166          0.78427
44.686          0.80082
45.205          0.94720
45.725          1.2041
46.245          1.2933
46.764          1.0745
47.284          0.85683
47.803          0.77833
48.323          0.81824
48.843          0.99358
49.362          1.2478
49.882          1.2681
50.401          1.0221
50.921          0.83063
51.441          0.77701
51.960          0.84098
52.480          1.0439
52.999          1.2804
