0.0000          1.3037
0.51960         1.1223
1.0392          0.88512
1.5588          0.78326
2.0784          0.80275
2.5980          0.95282
3.1176          1.2101
3.6372          1.2909
4.1568          1.0677
4.6764          0.85317
5.1960          0.77790
5.7156          0.82080
6.2352          0.99973
6.7548          1.2526
7.2744          1.2640
7.7940          1.0157
8.3136          0.82775
8.8332          0.77716
9.3528          0.84427
9.8724          1.0505
10.392          1.2836
10.912          1.2249
11.431          0.96753
11.951          0.80804
12.470          0.78102
12.990          0.87405
13.510          1.1045
14.029          1.3012
14.549          1.1764
15.068          0.92361
15.588          0.79329
16.108          0.78953
16.627          0.91051
17.147          1.1592
17.666          1.3037
18.186          1.1223
18.706          0.88512
19.225          0.78326
19.745          0.80275
20.264          0.95282
20.784          1.2101
21.304          1.2909
21.823          1.0677
22.343          0.85317
22.862          0.77790
23.382          0.82080
23.902          0.99973
24.421          1.2526
24.941          1.2640
25.460          1.0157
25.980          0.82775
26.500          0.77716
27.019          0.84427
27.539          1.0505
28.059          1.2836
28.578          1.2249
29.098          0.96753
29.617          0.80804
30.137          0.78102
30.657          0.87405
31.176          1.1045
31.696          1.3012
32.215          1.1764
32.735          0.92361
33.255          0.79329
33.774          0.78953
34.294          0.91051
34.813          1.1592
35.333          1.3037
35.853          1.1223
36.372          0.88512
36.892          0.78326
37.411          0.80275
37.931          0.95282
38.451          1.2101
38.970          1.2909
39.490          1.0677
40.009          0.85317
40.529          0.77790
41.049          0.82080
41.568          0.99973
42.088          1.2526
42.607          1.2640
43.127          1.0157
43.647          0.82775
44.166          0.77716
44.686          0.84427
45.205          1.0505
45.725          1.2836
46.245          1.2249
46.764          0.96753
47.284          0.80804
47.803          0.78102
48.323          0.87405
48.843          1.1045
49.362          1.3012
49.882          1.1764
50.401          0.92361
50.921          0.79329
51.441          0.78953
51.960          0.91051
52.480          1.1592
52.999          1.3037
