0.0000          1.2905
0.51960         1.0666
1.0392          0.85256
1.5588          0.77784
2.0784          0.82124
2.5980          1.0008
3.1176          1.2534
3.6372          1.2633
4.1568          1.0147
4.6764          0.82728
5.1960          0.77720
5.7156          0.84483
6.2352          1.0516
6.7548          1.2842
7.2744          1.2240
7.7940          0.96655
8.3136          0.80768
8.8332          0.78115
9.3528          0.87476
9.8724          1.1057
10.392          1.3014
10.912          1.1752
11.431          0.92273
11.951          0.79303
12.470          0.78976
12.990          0.91135
13.510          1.1604
14.029          1.3036
14.549          1.1212
15.068          0.88437
15.588          0.78309
16.108          0.80308
16.627          0.95377
17.147          1.2111
17.666          1.2905
18.186          1.0666
18.706          0.85256
19.225          0.77784
19.745          0.82124
20.264          1.0008
20.784          1.2534
21.304          1.2633
21.823          1.0147
22.343          0.82728
22.862          0.77720
23.382          0.84483
23.902          1.0516
24.421          1.2842
24.941          1.2240
25.460          0.96655
25.980          0.80768
26.500          0.78115
27.019          0.87476
27.539          1.1057
28.059          1.3014
28.578          1.1752
29.098          0.92273
29.617          0.79303
30.137          0.78976
30.657          0.91135
31.176          1.1604
31.696          1.3036
32.215          1.1212
32.735          0.88437
33.255          0.78309
33.774          0.80308
34.294          0.95377
34.813          1.2111
35.333          1.2905
35.853          1.0666
36.372          0.85256
36.892          0.77784
37.411          0.82124
37.931          1.0008
38.451          1.2534
38.970          1.2633
39.490          1.0147
40.009          0.82728
40.529          0.77720
41.049          0.84483
41.568          1.0516
42.088          1.2842
42.607          1.2240
43.127          0.96655
43.647          0.80768
44.166          0.78115
44.686          0.87476
45.205          1.1057
45.725          1.3014
46.245          1.1752
46.764          0.92273
47.284          0.79303
47.803          0.78976
48.323          0.91135
48.843          1.1604
49.362          1.3036
49.882          1.1212
50.401          0.88437
50.921          0.78309
51.441          0.80308
51.960          0.95377
52.480          1.2111
52.999          1.2905
