0.0000          0.78245
0.51960         0.88135
1.0392          1.1164
1.5588          1.3031
2.0784          1.1650
2.5980          0.91482
3.1176          0.79073
3.6372          0.79198
4.1568          0.91917
4.6764          1.1707
5.1960          1.3022
5.7156          1.1105
6.2352          0.87767
6.7548          0.78171
7.2744          0.80622
7.7940          0.96257
8.3136          1.2201
8.8332          1.2862
9.3528          1.0562
9.8724          0.84717
10.392          0.77736
10.912          0.82537
11.431          1.0103
11.951          1.2603
12.470          1.2565
12.990          1.0050
13.510          0.82306
14.029          0.77760
14.549          0.85012
15.068          1.0619
15.588          1.2886
16.108          1.2152
16.627          0.95768
17.147          0.80446
17.666          0.78245
18.186          0.88135
18.706          1.1164
19.225          1.3031
19.745          1.1650
20.264          0.91482
20.784          0.79073
21.304          0.79198
21.823          0.91917
22.343          1.1707
22.862          1.3022
23.382          1.1105
23.902          0.87767
24.421          0.78171
24.941          0.80622
25.460          0.96257
25.980          1.2201
26.500          1.2862
27.019          1.0562
27.539          0.84717
28.059          0.77736
28.578          0.82537
29.098          1.0103
29.617          1.2603
30.137          1.2565
30.657          1.0050
31.176          0.82306
31.696          0.77760
32.215          0.85012
32.735          1.0619
33.255          1.2886
33.774          1.2152
34.294          0.95768
34.813          0.80446
35.333          0.78245
35.853          0.88135
36.372          1.1164
36.892          1.3031
37.411          1.1650
37.931          0.91482
38.451          0.79073
38.970          0.79198
39.490          0.91917
40.009          1.1707
40.529          1.3022
41.049          1.1105
41.568          0.87767
42.088          0.78171
42.607          0.80622
43.127          0.96257
43.647          1.2201
44.166          1.2862
44.686          1.0562
45.205          0.84717
45.725          0.77736
46.245          0.82537
46.764          1.0103
47.284          1.2603
47.803          1.2565
48.323          1.0050
48.843          0.82306
49.362          0.77760
49.882          0.85012
50.401          1.0619
50.921          1.2886
51.441          1.2152
51.960          0.95768
52.480          0.80446
52.999          0.78245
