0.0000          0.95123
0.51960         1.1765
1.0392          1.2371
1.5588          1.0387
2.0784          0.85374
2.5980          0.80305
3.1176          0.88474
3.6372          1.0930
4.1568          1.2514
4.6764          1.1273
5.1960          0.90850
5.7156          0.80655
6.2352          0.83780
6.7548          1.0048
7.2744          1.2194
7.7940          1.2034
8.3136          0.98190
8.8332          0.82838
9.3528          0.81069
9.8724          0.92702
10.392          1.1505
10.912          1.2470
11.431          1.0684
11.951          0.86978
12.470          0.80223
12.990          0.86684
13.510          1.0632
14.029          1.2457
14.549          1.1552
15.068          0.93108
15.588          0.81173
16.108          0.82659
16.627          0.97721
17.147          1.1997
17.666          1.2224
18.186          1.0098
18.706          0.83996
19.225          0.80585
19.745          0.90478
20.264          1.1223
20.784          1.2518
21.304          1.0982
21.823          0.88808
22.343          0.80339
22.862          0.85117
23.382          1.0336
23.902          1.2349
24.421          1.1808
24.941          0.95565
25.460          0.81901
25.980          0.81757
26.500          0.95117
27.019          1.1765
27.539          1.2371
28.059          1.0388
28.578          0.85378
29.098          0.80305
29.617          0.88469
30.137          1.0930
30.657          1.2514
31.176          1.1274
31.696          0.90856
32.215          0.80656
32.735          0.83777
33.255          1.0048
33.774          1.2194
34.294          1.2035
34.813          0.98196
35.333          0.82841
35.853          0.81068
36.372          0.92698
36.892          1.1504
37.411          1.2470
37.931          1.0684
38.451          0.86982
38.970          0.80224
39.490          0.86683
40.009          1.0632
40.529          1.2456
41.049          1.1552
41.568          0.93110
42.088          0.81175
42.607          0.82660
43.127          0.97721
43.647          1.1997
44.166          1.2224
44.686          1.0097
45.205          0.83997
45.725          0.80586
46.245          0.90481
46.764          1.1224
47.284          1.2518
47.803          1.0982
48.323          0.88806
48.843          0.80340
49.362          0.85120
49.882          1.0336
50.401          1.2349
50.921          1.1808
51.441          0.95560
51.960          0.81900
52.480          0.81759
52.999          0.95123
