0.0000          1.0769
0.51960         0.85816
1.0392          0.77849
1.5588          0.81735
2.0784          0.99141
2.5980          1.2461
3.1176          1.2695
3.6372          1.0244
4.1568          0.83167
4.6764          0.77697
5.1960          0.83983
5.7156          1.0416
6.2352          1.2792
6.7548          1.2324
7.2744          0.97550
7.7940          0.81105
8.3136          0.78003
8.8332          0.86848
9.3528          1.0951
9.8724          1.2992
10.392          1.1852
10.912          0.93078
11.431          0.79548
11.951          0.78774
12.470          0.90382
12.990          1.1500
13.510          1.3044
14.029          1.1317
14.549          0.89127
15.068          0.78464
15.588          0.80015
16.108          0.94522
16.627          1.2019
17.147          1.2941
17.666          1.0769
18.186          0.85816
18.706          0.77849
19.225          0.81735
19.745          0.99141
20.264          1.2461
20.784          1.2695
21.304          1.0244
21.823          0.83167
22.343          0.77697
22.862          0.83983
23.382          1.0416
23.902          1.2792
24.421          1.2324
24.941          0.97550
25.460          0.81105
25.980          0.78003
26.500          0.86848
27.019          1.0951
27.539          1.2992
28.059          1.1852
28.578          0.93078
29.098          0.79548
29.617          0.78774
30.137          0.90382
30.657          1.1500
31.176          1.3044
31.696          1.1317
32.215          0.89126
32.735          0.78464
33.255          0.80015
33.774          0.94522
34.294          1.2019
34.813          1.2941
35.333          1.0769
35.853          0.85816
36.372          0.77849
36.892          0.81735
37.411          0.99141
37.931          1.2461
38.451          1.2695
38.970          1.0244
39.490          0.83167
40.009          0.77697
40.529          0.83983
41.049          1.0416
41.568          1.2792
42.088          1.2324
42.607          0.97550
43.127          0.81105
43.647          0.78003
44.166          0.86848
44.686          1.0951
45.205          1.2992
45.725          1.1852
46.245          0.93078
46.764          0.79548
47.284          0.78774
47.803          0.90382
48.323          1.1500
48.843          1.3044
49.362          1.1317
49.882          0.89127
50.401          0.78464
50.921          0.80015
51.441          0.94522
51.960          1.2019
52.480          1.2941
52.999          1.0769
