0.0000          0.77705
0.51960         0.82964
1.0392          1.0199
1.5588          1.2667
2.0784          1.2494
2.5980          0.99566
3.1176          0.81910
3.6372          0.77817
4.1568          0.85558
4.6764          1.0722
5.1960          1.2925
5.7156          1.2061
6.2352          0.94910
6.7548          0.80147
7.2744          0.78391
7.7940          0.88809
8.3136          1.1269
8.8332          1.3041
9.3528          1.1548
9.8724          0.90722
10.392          0.78864
10.912          0.79434
11.431          0.92708
11.951          1.1807
12.470          1.3003
12.990          1.0999
13.510          0.87131
14.029          0.78052
14.549          0.80949
15.068          0.97140
15.588          1.2286
16.108          1.2815
16.627          1.0462
17.147          0.84208
17.666          0.77705
18.186          0.82964
18.706          1.0199
19.225          1.2667
19.745          1.2494
20.264          0.99566
20.784          0.81910
21.304          0.77817
21.823          0.85558
22.343          1.0722
22.862          1.2925
23.382          1.2061
23.902          0.94910
24.421          0.80147
24.941          0.78391
25.460          0.88809
25.980          1.1269
26.500          1.3041
27.019          1.1548
27.539          0.90722
28.059          0.78864
28.578          0.79434
29.098          0.92708
29.617          1.1807
30.137          1.3003
30.657          1.0999
31.176          0.87131
31.696          0.78052
32.215          0.80949
32.735          0.97140
33.255          1.2286
33.774          1.2815
34.294          1.0462
34.813          0.84208
35.333          0.77705
35.853          0.82964
36.372          1.0199
36.892          1.2667
37.411          1.2494
37.931          0.99566
38.451          0.81910
38.970          0.77817
39.490          0.85558
40.009          1.0722
40.529          1.2925
41.049          1.2061
41.568          0.94910
42.088          0.80147
42.607          0.78391
43.127          0.88809
43.647          1.1269
44.166          1.3041
44.686          1.1548
45.205          0.90722
45.725          0.78864
46.245          0.79434
46.764          0.92708
47.284          1.1807
47.803          1.3003
48.323          1.0999
48.843          0.87131
49.362          0.78052
49.882          0.80949
50.401          0.97140
50.921          1.2286
51.441          1.2815
51.960          1.0462
52.480          0.84208
52.999          0.77705
