0.0000          0.82093
0.51960         0.77729
1.0392          0.82725
1.5588          1.0001
2.0784          1.2538
2.5980          1.2923
3.1176          1.0555
3.6372          0.85334
4.1568          0.78020
4.6764          0.80278
5.1960          0.93662
5.7156          1.1871
6.2352          1.3182
6.7548          1.1321
7.2744          0.89735
7.7940          0.79053
8.3136          0.78693
8.8332          0.88400
9.3528          1.1107
9.8724          1.3140
10.392          1.2069
10.912          0.95312
11.431          0.80861
11.951          0.77865
12.470          0.84329
12.990          1.0353
13.510          1.2802
14.029          1.2691
14.549          1.0192
15.068          0.83577
15.588          0.77781
16.108          0.81383
16.627          0.96710
17.147          1.2224
17.666          1.3089
18.186          1.0934
18.706          0.87384
19.225          0.78443
19.745          0.79387
20.264          0.90885
20.784          1.1493
21.304          1.3200
21.823          1.1704
22.343          0.92383
22.862          0.79854
23.382          0.78187
23.902          0.86215
24.421          1.0723
24.941          1.3005
25.460          1.2403
25.980          0.98501
26.500          0.82093
27.019          0.77729
27.539          0.82725
28.059          1.0001
28.578          1.2538
29.098          1.2923
29.617          1.0555
30.137          0.85334
30.657          0.78020
31.176          0.80278
31.696          0.93662
32.215          1.1871
32.735          1.3182
33.255          1.1321
33.774          0.89735
34.294          0.79053
34.813          0.78693
35.333          0.88400
35.853          1.1107
36.372          1.3140
36.892          1.2069
37.411          0.95312
37.931          0.80861
38.451          0.77865
38.970          0.84329
39.490          1.0353
40.009          1.2802
40.529          1.2691
41.049          1.0192
41.568          0.83577
42.088          0.77781
42.607          0.81383
43.127          0.96710
43.647          1.2224
44.166          1.3089
44.686          1.0934
45.205          0.87384
45.725          0.78443
46.245          0.79387
46.764          0.90885
47.284          1.1493
47.803          1.3200
48.323          1.1704
48.843          0.92383
49.362          0.79854
49.882          0.78187
50.401          0.86215
50.921          1.0723
51.441          1.3005
51.960          1.2403
52.480          0.98501
52.999          0.82093
