0.0000          0.79798
0.51960         0.78597
1.0392          0.89683
1.5588          1.1400
2.0784          1.3046
2.5980          1.1418
3.1176          0.89808
3.6372          0.78628
4.1568          0.79752
4.6764          0.93721
5.1960          1.1928
5.7156          1.2971
6.2352          1.0869
6.7548          0.86374
7.2744          0.77927
7.7940          0.81382
8.3136          0.98261
8.8332          1.2387
9.3528          1.2750
9.8724          1.0338
10.392          0.83607
10.912          0.77690
11.431          0.83526
11.951          1.0321
12.470          1.2741
12.990          1.2401
13.510          0.98419
14.029          0.81444
14.549          0.77912
15.068          0.86271
15.588          1.0851
16.108          1.2966
16.627          1.1945
17.147          0.93865
17.666          0.79798
18.186          0.78597
18.706          0.89683
19.225          1.1400
19.745          1.3046
20.264          1.1418
20.784          0.89808
21.304          0.78628
21.823          0.79752
22.343          0.93721
22.862          1.1928
23.382          1.2971
23.902          1.0869
24.421          0.86374
24.941          0.77927
25.460          0.81382
25.980          0.98261
26.500          1.2387
27.019          1.2750
27.539          1.0338
28.059          0.83607
28.578          0.77690
29.098          0.83526
29.617          1.0321
30.137          1.2741
30.657          1.2401
31.176          0.98419
31.696          0.81444
32.215          0.77912
32.735          0.86271
33.255          1.0851
33.774          1.2966
34.294          1.1945
34.813          0.93865
35.333          0.79798
35.853          0.78597
36.372          0.89683
36.892          1.1400
37.411          1.3046
37.931          1.1418
38.451          0.89808
38.970          0.78628
39.490          0.79752
40.009          0.93721
40.529          1.1928
41.049          1.2971
41.568          1.0869
42.088          0.86374
42.607          0.77927
43.127          0.81382
43.647          0.98261
44.166          1.2387
44.686          1.2750
45.205          1.0338
45.725          0.83607
46.245          0.77690
46.764          0.83526
47.284          1.0321
47.803          1.2741
48.323          1.2401
48.843          0.98419
49.362          0.81444
49.882          0.77912
50.401          0.86271
50.921          1.0851
51.441          1.2966
51.960          1.1945
52.480          0.93865
52.999          0.79798
