0.0000          0.87481
0.51960         0.78116
1.0392          0.80765
1.5588          0.96648
2.0784          1.2239
2.5980          1.2842
3.1176          1.0517
3.6372          0.84488
4.1568          0.77720
4.6764          0.82725
5.1960          1.0146
5.7156          1.2632
6.2352          1.2534
6.7548          1.0008
7.2744          0.82128
7.7940          0.77784
8.3136          0.85252
8.8332          1.0665
9.3528          1.2904
9.8724          1.2112
10.392          0.95384
10.912          0.80311
11.431          0.78308
11.951          0.88432
12.470          1.1211
12.990          1.3036
13.510          1.1605
14.029          0.91141
14.549          0.78978
15.068          0.79301
15.588          0.92267
16.108          1.1752
16.627          1.3014
17.147          1.1058
17.666          0.87481
18.186          0.78116
18.706          0.80765
19.225          0.96648
19.745          1.2239
20.264          1.2842
20.784          1.0517
21.304          0.84488
21.823          0.77720
22.343          0.82725
22.862          1.0146
23.382          1.2632
23.902          1.2534
24.421          1.0008
24.941          0.82128
25.460          0.77784
25.980          0.85252
26.500          1.0665
27.019          1.2904
27.539          1.2112
28.059          0.95384
28.578          0.80311
29.098          0.78308
29.617          0.88432
30.137          1.1211
30.657          1.3036
31.176          1.1605
31.696          0.91141
32.215          0.78978
32.735          0.79301
33.255          0.92267
33.774          1.1752
34.294          1.3014
34.813          1.1058
35.333          0.87481
35.853          0.78116
36.372          0.80765
36.892          0.96648
37.411          1.2239
37.931          1.2842
38.451          1.0517
38.970          0.84488
39.490          0.77720
40.009          0.82725
40.529          1.0146
41.049          1.2632
41.568          1.2534
42.088          1.0008
42.607          0.82128
43.127          0.77784
43.647          0.85252
44.166          1.0665
44.686          1.2904
45.205          1.2112
45.725          0.95384
46.245          0.80311
46.764          0.78308
47.284          0.88432
47.803          1.1211
48.323          1.3036
48.843          1.1605
49.362          0.91141
49.882          0.78978
50.401          0.79301
50.921          0.92267
51.441          1.1752
51.960          1.3014
52.480          1.1058
52.999          0.87481
