0.0000          1.0179
0.51960         1.2271
1.0392          1.1935
1.5588          0.96964
2.0784          0.82381
2.5980          0.81359
3.1176          0.93787
3.6372          1.1627
4.1568          1.2431
4.6764          1.0547
5.1960          0.86216
5.7156          0.80236
6.2352          0.87476
6.7548          1.0769
7.2744          1.2489
7.7940          1.1426
8.3136          0.92048
8.8332          0.80910
9.3528          0.83145
9.8724          0.98969
10.392          1.2093
10.912          1.2142
11.431          0.99682
11.951          0.83438
12.470          0.80782
12.990          0.91473
13.510          1.1354
14.029          1.2503
14.549          1.0846
15.068          0.87941
15.588          0.80261
16.108          0.85809
16.627          1.0471
17.147          1.2404
17.666          1.1694
18.186          0.94413
18.706          0.81541
19.225          0.82145
19.745          0.96292
20.264          1.1876
20.784          1.2309
21.304          1.0253
21.823          0.84715
22.343          0.80409
22.862          0.89366
23.382          1.1066
23.902          1.2522
24.421          1.1141
24.941          0.89887
25.460          0.80486
25.980          0.84366
26.500          1.0179
27.019          1.2271
27.539          1.1935
28.059          0.96965
28.578          0.82381
29.098          0.81359
29.617          0.93787
30.137          1.1627
30.657          1.2431
31.176          1.0547
31.696          0.86216
32.215          0.80236
32.735          0.87477
33.255          1.0769
33.774          1.2489
34.294          1.1426
34.813          0.92048
35.333          0.80910
35.853          0.83146
36.372          0.98970
36.892          1.2093
37.411          1.2142
37.931          0.99681
38.451          0.83438
38.970          0.80782
39.490          0.91474
40.009          1.1354
40.529          1.2503
41.049          1.0845
41.568          0.87940
42.088          0.80261
42.607          0.85809
43.127          1.0471
43.647          1.2404
44.166          1.1693
44.686          0.94412
45.205          0.81540
45.725          0.82145
46.245          0.96293
46.764          1.1876
47.284          1.2309
47.803          1.0253
48.323          0.84715
48.843          0.80409
49.362          0.89367
49.882          1.1066
50.401          1.2522
50.921          1.1141
51.441          0.89887
51.960          0.80485
52.480          0.84366
52.999          1.0179
