0.0000          0.99071
0.51960         0.81707
1.0392          0.77855
1.5588          0.85859
2.0784          1.0777
2.5980          1.2944
3.1176          1.2012
3.6372          0.94458
4.1568          0.79994
4.6764          0.78477
5.1960          0.89180
5.7156          1.1325
6.2352          1.3044
6.7548          1.1492
7.2744          0.90325
7.7940          0.78760
8.3136          0.79567
8.8332          0.93140
9.3528          1.1859
9.8724          1.2990
10.392          1.0943
10.912          0.86801
11.431          0.77995
11.951          0.81131
12.470          0.97618
12.990          1.2330
13.510          1.2788
14.029          1.0408
14.549          0.83946
15.068          0.77696
15.588          0.83202
16.108          1.0251
16.627          1.2700
17.147          1.2455
17.666          0.99071
18.186          0.81707
18.706          0.77855
19.225          0.85859
19.745          1.0777
20.264          1.2944
20.784          1.2012
21.304          0.94458
21.823          0.79994
22.343          0.78477
22.862          0.89180
23.382          1.1325
23.902          1.3044
24.421          1.1492
24.941          0.90325
25.460          0.78760
25.980          0.79567
26.500          0.93140
27.019          1.1859
27.539          1.2990
28.059          1.0943
28.578          0.86801
29.098          0.77995
29.617          0.81131
30.137          0.97618
30.657          1.2330
31.176          1.2788
31.696          1.0408
32.215          0.83946
32.735          0.77696
33.255          0.83202
33.774          1.0251
34.294          1.2700
34.813          1.2455
35.333          0.99071
35.853          0.81707
36.372          0.77855
36.892          0.85859
37.411          1.0777
37.931          1.2944
38.451          1.2012
38.970          0.94458
39.490          0.79994
40.009          0.78477
40.529          0.89180
41.049          1.1325
41.568          1.3044
42.088          1.1492
42.607          0.90325
43.127          0.78760
43.647          0.79567
44.166          0.93140
44.686          1.1859
45.205          1.2990
45.725          1.0943
46.245          0.86801
46.764          0.77995
47.284          0.81131
47.803          0.97618
48.323          1.2330
48.843          1.2788
49.362          1.0408
49.882          0.83946
50.401          0.77696
50.921          0.83202
51.441          1.0251
51.960          1.2700
52.480          1.2455
52.999          0.99071
