0.0000          1.3039
0.51960         1.1240
1.0392          0.88620
1.5588          0.78349
2.0784          0.80228
2.5980          0.95146
3.1176          1.2087
3.6372          1.2915
4.1568          1.0693
4.6764          0.85404
5.1960          0.77800
5.7156          0.82018
6.2352          0.99824
6.7548          1.2515
7.2744          1.2650
7.7940          1.0173
8.3136          0.82844
8.8332          0.77712
9.3528          0.84347
9.8724          1.0489
10.392          1.2829
10.912          1.2263
11.431          0.96893
11.951          0.80856
12.470          0.78083
12.990          0.87305
13.510          1.1029
14.029          1.3009
14.549          1.1779
15.068          0.92487
15.588          0.79367
16.108          0.78921
16.627          0.90931
17.147          1.1576
17.666          1.3039
18.186          1.1240
18.706          0.88620
19.225          0.78349
19.745          0.80228
20.264          0.95146
20.784          1.2087
21.304          1.2915
21.823          1.0693
22.343          0.85404
22.862          0.77800
23.382          0.82018
23.902          0.99824
24.421          1.2515
24.941          1.2650
25.460          1.0173
25.980          0.82844
26.500          0.77712
27.019          0.84347
27.539          1.0489
28.059          1.2829
28.578          1.2263
29.098          0.96893
29.617          0.80856
30.137          0.78083
30.657          0.87305
31.176          1.1029
31.696          1.3009
32.215          1.1779
32.735          0.92487
33.255          0.79367
33.774          0.78921
34.294          0.90931
34.813          1.1576
35.333          1.3039
35.853          1.1240
36.372          0.88620
36.892          0.78349
37.411          0.80228
37.931          0.95146
38.451          1.2087
38.970          1.2915
39.490          1.0693
40.009          0.85404
40.529          0.77800
41.049          0.82018
41.568          0.99824
42.088          1.2515
42.607          1.2650
43.127          1.0173
43.647          0.82844
44.166          0.77712
44.686          0.84347
45.205          1.0489
45.725          1.2829
46.245          1.2263
46.764          0.96893
47.284          0.80856
47.803          0.78083
48.323          0.87305
48.843          1.1029
49.362          1.3009
49.882          1.1779
50.401          0.92487
50.921          0.79367
51.441          0.78921
51.960          0.90931
52.480          1.1576
52.999          1.3039
