0.0000          0.92855
0.51960         1.1767
1.0392          1.3195
1.5588          1.1429
2.0784          0.90449
2.5980          0.79258
3.1176          0.78532
3.6372          0.87757
4.1568          1.0998
4.6764          1.3109
5.1960          1.2167
5.7156          0.96181
6.2352          0.81183
6.7548          0.77808
7.2744          0.83851
7.7940          1.0252
8.3136          1.2734
8.8332          1.2762
9.3528          1.0292
9.8724          0.84041
10.392          0.77829
10.912          0.81051
11.431          0.95829
11.951          1.2128
12.470          1.3122
12.990          1.1042
13.510          0.88013
14.029          0.78596
14.549          0.79173
15.068          0.90158
15.588          1.1385
16.108          1.3191
16.627          1.1809
17.147          0.93177
17.666          0.80115
18.186          0.78078
18.706          0.85657
19.225          1.0618
19.745          1.2955
20.264          1.2489
20.784          0.99439
21.304          0.82483
21.823          0.77725
22.343          0.82324
22.862          0.99058
23.382          1.2455
23.902          1.2976
24.421          1.0660
24.941          0.85879
25.460          0.78120
25.980          0.80008
26.500          0.92855
27.019          1.1767
27.539          1.3195
28.059          1.1429
28.578          0.90449
29.098          0.79258
29.617          0.78532
30.137          0.87757
30.657          1.0998
31.176          1.3109
31.696          1.2167
32.215          0.96181
32.735          0.81183
33.255          0.77808
33.774          0.83851
34.294          1.0252
34.813          1.2734
35.333          1.2762
35.853          1.0292
36.372          0.84041
36.892          0.77829
37.411          0.81051
37.931          0.95829
38.451          1.2128
38.970          1.3122
39.490          1.1042
40.009          0.88013
40.529          0.78596
41.049          0.79173
41.568          0.90158
42.088          1.1385
42.607          1.3191
43.127          1.1809
43.647          0.93177
44.166          0.80115
44.686          0.78078
45.205          0.85657
45.725          1.0618
46.245          1.2955
46.764          1.2489
47.284          0.99439
47.803          0.82483
48.323          0.77725
48.843          0.82324
49.362          0.99058
49.882          1.2455
50.401          1.2976
50.921          1.0660
51.441          0.85879
51.960          0.78120
52.480          0.80008
52.999          0.92855
