0.0000          0.79516
0.51960         0.92976
1.0392          1.1840
1.5588          1.2995
2.0784          1.0965
2.5980          0.86925
3.1176          0.78016
3.6372          0.81062
4.1568          0.97437
4.6764          1.2314
5.1960          1.2799
5.7156          1.0428
6.2352          0.84044
6.7548          0.77699
7.2744          0.83111
7.7940          1.0232
8.3136          1.2688
8.8332          1.2470
9.3528          0.99257
9.8724          0.81783
10.392          0.77840
10.912          0.85745
11.431          1.0756
11.951          1.2937
12.470          1.2031
12.990          0.94628
13.510          0.80051
14.029          0.78444
14.549          0.89039
15.068          1.1304
15.588          1.3043
16.108          1.1513
16.627          0.90474
17.147          0.78799
17.666          0.79516
18.186          0.92976
18.706          1.1840
19.225          1.2995
19.745          1.0965
20.264          0.86925
20.784          0.78016
21.304          0.81062
21.823          0.97437
22.343          1.2314
22.862          1.2799
23.382          1.0428
23.902          0.84044
24.421          0.77699
24.941          0.83111
25.460          1.0232
25.980          1.2688
26.500          1.2470
27.019          0.99257
27.539          0.81783
28.059          0.77840
28.578          0.85745
29.098          1.0756
29.617          1.2937
30.137          1.2031
30.657          0.94628
31.176          0.80051
31.696          0.78444
32.215          0.89039
32.735          1.1304
33.255          1.3043
33.774          1.1513
34.294          0.90474
34.813          0.78798
35.333          0.79516
35.853          0.92976
36.372          1.1840
36.892          1.2995
37.411          1.0965
37.931          0.86925
38.451          0.78016
38.970          0.81062
39.490          0.97437
40.009          1.2314
40.529          1.2799
41.049          1.0428
41.568          0.84044
42.088          0.77699
42.607          0.83111
43.127          1.0232
43.647          1.2688
44.166          1.2470
44.686          0.99257
45.205          0.81783
45.725          0.77840
46.245          0.85745
46.764          1.0756
47.284          1.2937
47.803          1.2031
48.323          0.94628
48.843          0.80051
49.362          0.78444
49.882          0.89039
50.401          1.1304
50.921          1.3043
51.441          1.1513
51.960          0.90474
52.480          0.78799
52.999          0.79516
