0.0000          0.86897
0.51960         1.0960
1.0392          1.2994
1.5588          1.1844
2.0784          0.93013
2.5980          0.79528
3.1176          0.78790
3.6372          0.90441
4.1568          1.1508
4.6764          1.3043
5.1960          1.1309
5.7156          0.89071
6.2352          0.78451
6.7548          0.80038
7.2744          0.94590
7.7940          1.2026
8.3136          1.2939
8.8332          1.0761
9.3528          0.85770
9.8724          0.77843
10.392          0.81766
10.912          0.99215
11.431          1.2467
11.951          1.2690
12.470          1.0236
12.990          0.83132
13.510          0.77698
14.029          0.84022
14.549          1.0424
15.068          1.2796
15.588          1.2317
16.108          0.97478
16.627          0.81077
17.147          0.78011
17.666          0.86897
18.186          1.0960
18.706          1.2994
19.225          1.1844
19.745          0.93013
20.264          0.79528
20.784          0.78790
21.304          0.90441
21.823          1.1508
22.343          1.3043
22.862          1.1309
23.382          0.89071
23.902          0.78451
24.421          0.80038
24.941          0.94590
25.460          1.2026
25.980          1.2939
26.500          1.0761
27.019          0.85770
27.539          0.77843
28.059          0.81766
28.578          0.99215
29.098          1.2467
29.617          1.2690
30.137          1.0236
30.657          0.83132
31.176          0.77698
31.696          0.84022
32.215          1.0424
32.735          1.2796
33.255          1.2317
33.774          0.97478
34.294          0.81077
34.813          0.78011
35.333          0.86897
35.853          1.0960
36.372          1.2994
36.892          1.1844
37.411          0.93013
37.931          0.79528
38.451          0.78790
38.970          0.90441
39.490          1.1508
40.009          1.3043
40.529          1.1309
41.049          0.89071
41.568          0.78451
42.088          0.80038
42.607          0.94590
43.127          1.2026
43.647          1.2939
44.166          1.0761
44.686          0.85770
45.205          0.77843
45.725          0.81766
46.245          0.99215
46.764          1.2467
47.284          1.2690
47.803          1.0236
48.323          0.83132
48.843          0.77698
49.362          0.84022
49.882          1.0424
50.401          1.2796
50.921          1.2317
51.441          0.97478
51.960          0.81077
52.480          0.78011
52.999          0.86897
