0.0000          0.84548
0.51960         1.0529
1.0392          1.2847
1.5588          1.2229
2.0784          0.96543
2.5980          0.80727
3.1176          0.78130
3.6372          0.87557
4.1568          1.1070
4.6764          1.3017
5.1960          1.1740
5.7156          0.92173
6.2352          0.79273
6.7548          0.79003
7.2744          0.91231
7.7940          1.1617
8.3136          1.3035
8.8332          1.1198
9.3528          0.88352
9.8724          0.78291
10.392          0.80346
10.912          0.95486
11.431          1.2123
11.951          1.2900
12.470          1.0653
12.990          0.85188
13.510          0.77777
14.029          0.82175
14.549          1.0020
15.068          1.2543
15.588          1.2625
16.108          1.0135
16.627          0.82674
17.147          0.77724
17.666          0.84548
18.186          1.0529
18.706          1.2847
19.225          1.2229
19.745          0.96543
20.264          0.80727
20.784          0.78130
21.304          0.87557
21.823          1.1070
22.343          1.3017
22.862          1.1740
23.382          0.92173
23.902          0.79273
24.421          0.79003
24.941          0.91231
25.460          1.1617
25.980          1.3035
26.500          1.1198
27.019          0.88352
27.539          0.78291
28.059          0.80346
28.578          0.95486
29.098          1.2123
29.617          1.2900
30.137          1.0653
30.657          0.85188
31.176          0.77777
31.696          0.82175
32.215          1.0020
32.735          1.2543
33.255          1.2625
33.774          1.0135
34.294          0.82674
34.813          0.77724
35.333          0.84548
35.853          1.0529
36.372          1.2847
36.892          1.2229
37.411          0.96543
37.931          0.80727
38.451          0.78130
38.970          0.87557
39.490          1.1070
40.009          1.3017
40.529          1.1740
41.049          0.92173
41.568          0.79273
42.088          0.79003
42.607          0.91231
43.127          1.1617
43.647          1.3035
44.166          1.1198
44.686          0.88352
45.205          0.78291
45.725          0.80346
46.245          0.95486
46.764          1.2123
47.284          1.2900
47.803          1.0653
48.323          0.85188
48.843          0.77777
49.362          0.82175
49.882          1.0020
50.401          1.2543
50.921          1.2625
51.441          1.0135
51.960          0.82674
52.480          0.77724
52.999          0.84548
