0.0000          0.98663
0.51960         0.82160
1.0392          0.77728
1.5588          0.82654
2.0784          0.99840
2.5980          1.2524
3.1176          1.2932
3.6372          1.0574
4.1568          0.85427
4.6764          0.78036
5.1960          0.80230
5.7156          0.93519
6.2352          1.1853
6.7548          1.3185
7.2744          1.1339
7.7940          0.89858
8.3136          0.79088
8.8332          0.78664
9.3528          0.88286
9.8724          1.1088
10.392          1.3135
10.912          1.2087
11.431          0.95463
11.951          0.80916
12.470          0.77854
12.990          0.84244
13.510          1.0335
14.029          1.2791
14.549          1.2704
15.068          1.0210
15.588          0.83656
16.108          0.77789
16.627          0.81324
17.147          0.96555
17.666          1.2207
18.186          1.3095
18.706          1.0953
19.225          0.87492
19.745          0.78469
20.264          0.79349
20.784          0.90757
21.304          1.1475
21.823          1.3199
22.343          1.1722
22.862          0.92520
23.382          0.79898
23.902          0.78167
24.421          0.86116
24.941          1.0705
25.460          1.2997
25.980          1.2418
26.500          0.98663
27.019          0.82160
27.539          0.77728
28.059          0.82654
28.578          0.99840
29.098          1.2524
29.617          1.2932
30.137          1.0574
30.657          0.85427
31.176          0.78036
31.696          0.80230
32.215          0.93519
32.735          1.1853
33.255          1.3185
33.774          1.1339
34.294          0.89858
34.813          0.79088
35.333          0.78664
35.853          0.88286
36.372          1.1088
36.892          1.3135
37.411          1.2087
37.931          0.95463
38.451          0.80916
38.970          0.77854
39.490          0.84244
40.009          1.0335
40.529          1.2791
41.049          1.2704
41.568          1.0210
42.088          0.83656
42.607          0.77789
43.127          0.81324
43.647          0.96555
44.166          1.2207
44.686          1.3095
45.205          1.0953
45.725          0.87492
46.245          0.78469
46.764          0.79349
47.284          0.90757
47.803          1.1475
48.323          1.3199
48.843          1.1722
49.362          0.92520
49.882          0.79898
50.401          0.78167
50.921          0.86116
51.441          1.0705
51.960          1.2997
52.480          1.2418
52.999          0.98663
