0.0000          0.84440
0.51960         0.77717
1.0392          0.82764
1.5588          1.0155
2.0784          1.2638
2.5980          1.2528
3.1176          0.99997
3.6372          0.82091
4.1568          0.77789
4.6764          0.85303
5.1960          1.0674
5.7156          1.2908
6.2352          1.2103
6.7548          0.95304
7.2744          0.80283
7.7940          0.78322
8.3136          0.88495
8.8332          1.1221
9.3528          1.3037
9.8724          1.1595
10.392          0.91070
10.912          0.78959
11.431          0.79323
11.951          0.92340
12.470          1.1761
12.990          1.3013
13.510          1.1048
14.029          0.87422
14.549          0.78105
15.068          0.80796
15.588          0.96730
16.108          1.2247
16.627          1.2838
17.147          1.0508
17.666          0.84440
18.186          0.77717
18.706          0.82764
19.225          1.0155
19.745          1.2638
20.264          1.2528
20.784          0.99997
21.304          0.82091
21.823          0.77789
22.343          0.85303
22.862          1.0674
23.382          1.2908
23.902          1.2103
24.421          0.95304
24.941          0.80283
25.460          0.78322
25.980          0.88495
26.500          1.1221
27.019          1.3037
27.539          1.1595
28.059          0.91070
28.578          0.78959
29.098          0.79323
29.617          0.92340
30.137          1.1761
30.657          1.3013
31.176          1.1048
31.696          0.87422
32.215          0.78105
32.735          0.80796
33.255          0.96730
33.774          1.2247
34.294          1.2838
34.813          1.0508
35.333          0.84440
35.853          0.77717
36.372          0.82764
36.892          1.0155
37.411          1.2638
37.931          1.2528
38.451          0.99997
38.970          0.82091
39.490          0.77789
40.009          0.85303
40.529          1.0674
41.049          1.2908
41.568          1.2103
42.088          0.95304
42.607          0.80283
43.127          0.78322
43.647          0.88495
44.166          1.1221
44.686          1.3037
45.205          1.1595
45.725          0.91070
46.245          0.78959
46.764          0.79323
47.284          0.92340
47.803          1.1761
48.323          1.3013
48.843          1.1048
49.362          0.87422
49.882          0.78105
50.401          0.80796
50.921          0.96730
51.441          1.2247
51.960          1.2838
52.480          1.0508
52.999          0.84440
