0.0000          0.99807
0.51960         1.1446
1.0392          1.1319
1.5588          0.97857
2.0784          0.86968
2.5980          0.87714
3.1176          0.99807
3.6372          1.1446
4.1568          1.1319
4.6764          0.97857
5.1960          0.86968
5.7156          0.87714
6.2352          0.99807
6.7548          1.1446
7.2744          1.1319
7.7940          0.97857
8.3136          0.86968
8.8332          0.87714
9.3528          0.99807
9.8724          1.1446
10.392          1.1319
10.912          0.97857
11.431          0.86968
11.951          0.87714
12.470          0.99807
12.990          1.1446
13.510          1.1319
14.029          0.97857
14.549          0.86968
15.068          0.87714
15.588          0.99807
16.108          1.1446
16.627          1.1319
17.147          0.97857
17.666          0.86968
18.186          0.87714
18.706          0.99807
19.225          1.1446
19.745          1.1319
20.264          0.97857
20.784          0.86968
21.304          0.87714
21.823          0.99807
22.343          1.1446
22.862          1.1319
23.382          0.97857
23.902          0.86968
24.421          0.87714
24.941          0.99807
25.460          1.1446
25.980          1.1319
26.500          0.97857
27.019          0.86968
27.539          0.87714
28.059          0.99807
28.578          1.1446
29.098          1.1319
29.617          0.97857
30.137          0.86968
30.657          0.87714
31.176          0.99807
31.696          1.1446
32.215          1.1319
32.735          0.97857
33.255          0.86968
33.774          0.87714
34.294          0.99807
34.813          1.1446
35.333          1.1319
35.853          0.97857
36.372          0.86968
36.892          0.87714
37.411          0.99807
37.931          1.1446
38.451          1.1319
38.970          0.97857
39.490          0.86968
40.009          0.87714
40.529          0.99807
41.049          1.1446
41.568          1.1319
42.088          0.97857
42.607          0.86968
43.127          0.87714
43.647          0.99807
44.166          1.1446
44.686          1.1319
45.205          0.97857
45.725          0.86968
46.245          0.87714
46.764          0.99807
47.284          1.1446
47.803          1.1319
48.323          0.97857
48.843          0.86968
49.362          0.87714
49.882          0.99807
50.401          1.1446
50.921          1.1319
51.441          0.97857
51.960          0.86968
52.480          0.87714
52.999          0.99807
