0.0000          1.1658
0.51960         0.91539
1.0392          0.79090
1.5588          0.79181
2.0784          0.91859
2.5980          1.1699
3.1176          1.3023
3.6372          1.1113
4.1568          0.87815
4.6764          0.78181
5.1960          0.80598
5.7156          0.96192
6.2352          1.2194
6.7548          1.2865
7.2744          1.0570
7.7940          0.84755
8.3136          0.77739
8.8332          0.82506
9.3528          1.0096
9.8724          1.2598
10.392          1.2570
10.912          1.0057
11.431          0.82336
11.951          0.77757
12.470          0.84972
12.990          1.0612
13.510          1.2883
14.029          1.2158
14.549          0.95833
15.068          0.80469
15.588          0.78235
16.108          0.88085
16.627          1.1156
17.147          1.3030
17.666          1.1658
18.186          0.91539
18.706          0.79090
19.225          0.79181
19.745          0.91859
20.264          1.1699
20.784          1.3023
21.304          1.1113
21.823          0.87815
22.343          0.78181
22.862          0.80598
23.382          0.96192
23.902          1.2194
24.421          1.2865
24.941          1.0570
25.460          0.84755
25.980          0.77739
26.500          0.82506
27.019          1.0096
27.539          1.2598
28.059          1.2570
28.578          1.0057
29.098          0.82336
29.617          0.77757
30.137          0.84972
30.657          1.0612
31.176          1.2883
31.696          1.2158
32.215          0.95833
32.735          0.80469
33.255          0.78235
33.774          0.88085
34.294          1.1156
34.813          1.3030
35.333          1.1658
35.853          0.91539
36.372          0.79090
36.892          0.79181
37.411          0.91859
37.931          1.1699
38.451          1.3023
38.970          1.1113
39.490          0.87815
40.009          0.78181
40.529          0.80598
41.049          0.96192
41.568          1.2194
42.088          1.2865
42.607          1.0570
43.127          0.84755
43.647          0.77739
44.166          0.82506
44.686          1.0096
45.205          1.2598
45.725          1.2570
46.245          1.0057
46.764          0.82336
47.284          0.77757
47.803          0.84972
48.323          1.0612
48.843          1.2883
49.362          1.2158
49.882          0.95833
50.401          0.80469
50.921          0.78235
51.441          0.88085
51.960          1.1156
52.480          1.3030
52.999          1.1658
