0.0000          0.78312
0.51960         0.80302
1.0392          0.95360
1.5588          1.2109
2.0784          1.2905
2.5980          1.0668
3.1176          0.85267
3.6372          0.77785
4.1568          0.82117
4.6764          1.0006
5.1960          1.2532
5.7156          1.2634
6.2352          1.0149
6.7548          0.82736
7.2744          0.77719
7.7940          0.84473
8.3136          1.0514
8.8332          1.2841
9.3528          1.2242
9.8724          0.96672
10.392          0.80774
10.912          0.78113
11.431          0.87463
11.951          1.1055
12.470          1.3014
12.990          1.1754
13.510          0.92288
14.029          0.79307
14.549          0.78972
15.068          0.91120
15.588          1.1602
16.108          1.3036
16.627          1.1214
17.147          0.88451
17.666          0.78312
18.186          0.80302
18.706          0.95360
19.225          1.2109
19.745          1.2905
20.264          1.0668
20.784          0.85267
21.304          0.77785
21.823          0.82117
22.343          1.0006
22.862          1.2532
23.382          1.2634
23.902          1.0149
24.421          0.82736
24.941          0.77719
25.460          0.84473
25.980          1.0514
26.500          1.2841
27.019          1.2242
27.539          0.96672
28.059          0.80774
28.578          0.78113
29.098          0.87463
29.617          1.1055
30.137          1.3014
30.657          1.1754
31.176          0.92288
31.696          0.79307
32.215          0.78972
32.735          0.91120
33.255          1.1602
33.774          1.3036
34.294          1.1214
34.813          0.88451
35.333          0.78312
35.853          0.80302
36.372          0.95360
36.892          1.2109
37.411          1.2905
37.931          1.0668
38.451          0.85267
38.970          0.77785
39.490          0.82117
40.009          1.0006
40.529          1.2532
41.049          1.2634
41.568          1.0149
42.088          0.82736
42.607          0.77719
43.127          0.84473
43.647          1.0514
44.166          1.2841
44.686          1.2242
45.205          0.96672
45.725          0.80774
46.245          0.78113
46.764          0.87463
47.284          1.1055
47.803          1.3014
48.323          1.1754
48.843          0.92288
49.362          0.79307
49.882          0.78972
50.401          0.91120
50.921          1.1602
51.441          1.3036
51.960          1.1214
52.480          0.88451
52.999          0.78312
