0.0000          1.2328
0.51960         0.97595
1.0392          0.81122
1.5588          0.77998
2.0784          0.86817
2.5980          1.0946
3.1176          1.2991
3.6372          1.1857
4.1568          0.93118
4.6764          0.79560
5.1960          0.78765
5.7156          0.90345
6.2352          1.1495
6.7548          1.3044
7.2744          1.1323
7.7940          0.89161
8.3136          0.78472
8.8332          0.80001
9.3528          0.94480
9.8724          1.2014
10.392          1.2943
10.912          1.0774
11.431          0.85844
11.951          0.77853
12.470          0.81717
12.990          0.99095
13.510          1.2457
14.029          1.2698
14.549          1.0249
15.068          0.83190
15.588          0.77696
16.108          0.83959
16.627          1.0411
17.147          1.2790
17.666          1.2328
18.186          0.97595
18.706          0.81122
19.225          0.77998
19.745          0.86817
20.264          1.0946
20.784          1.2991
21.304          1.1857
21.823          0.93118
22.343          0.79560
22.862          0.78765
23.382          0.90345
23.902          1.1495
24.421          1.3044
24.941          1.1323
25.460          0.89161
25.980          0.78472
26.500          0.80001
27.019          0.94480
27.539          1.2014
28.059          1.2943
28.578          1.0774
29.098          0.85844
29.617          0.77853
30.137          0.81717
30.657          0.99095
31.176          1.2457
31.696          1.2698
32.215          1.0249
32.735          0.83190
33.255          0.77696
33.774          0.83959
34.294          1.0411
34.813          1.2790
35.333          1.2328
35.853          0.97595
36.372          0.81122
36.892          0.77998
37.411          0.86817
37.931          1.0946
38.451          1.2991
38.970          1.1857
39.490          0.93118
40.009          0.79560
40.529          0.78765
41.049          0.90345
41.568          1.1495
42.088          1.3044
42.607          1.1323
43.127          0.89161
43.647          0.78472
44.166          0.80001
44.686          0.94480
45.205          1.2014
45.725          1.2943
46.245          1.0774
46.764          0.85844
47.284          0.77853
47.803          0.81717
48.323          0.99095
48.843          1.2457
49.362          1.2698
49.882          1.0249
50.401          0.83190
50.921          0.77696
51.441          0.83959
51.960          1.0411
52.480          1.2790
52.999          1.2328
