0.0000          1.2889
0.51960         1.2146
1.0392          0.95708
1.5588          0.80425
2.0784          0.78255
2.5980          0.88181
3.1176          1.1171
3.6372          1.3031
4.1568          1.1643
4.6764          0.91428
5.1960          0.79058
5.7156          0.79214
6.2352          0.91971
6.7548          1.1714
7.2744          1.3021
7.7940          1.1097
8.3136          0.87722
8.8332          0.78162
9.3528          0.80644
9.8724          0.96318
10.392          1.2207
10.912          1.2859
11.431          1.0555
11.951          0.84681
12.470          0.77733
12.990          0.82566
13.510          1.0110
14.029          1.2608
14.549          1.2560
15.068          1.0044
15.588          0.82278
16.108          0.77764
16.627          0.85049
17.147          1.0626
17.666          1.2889
18.186          1.2146
18.706          0.95708
19.225          0.80425
19.745          0.78255
20.264          0.88181
20.784          1.1171
21.304          1.3031
21.823          1.1643
22.343          0.91428
22.862          0.79058
23.382          0.79214
23.902          0.91971
24.421          1.1714
24.941          1.3021
25.460          1.1097
25.980          0.87722
26.500          0.78162
27.019          0.80644
27.539          0.96318
28.059          1.2207
28.578          1.2859
29.098          1.0555
29.617          0.84681
30.137          0.77733
30.657          0.82566
31.176          1.0110
31.696          1.2608
32.215          1.2560
32.735          1.0044
33.255          0.82278
33.774          0.77764
34.294          0.85049
34.813          1.0626
35.333          1.2889
35.853          1.2146
36.372          0.95708
36.892          0.80425
37.411          0.78255
37.931          0.88181
38.451          1.1171
38.970          1.3031
39.490          1.1643
40.009          0.91428
40.529          0.79058
41.049          0.79214
41.568          0.91971
42.088          1.1714
42.607          1.3021
43.127          1.1097
43.647          0.87722
44.166          0.78162
44.686          0.80644
45.205          0.96318
45.725          1.2207
46.245          1.2859
46.764          1.0555
47.284          0.84681
47.803          0.77733
48.323          0.82566
48.843          1.0110
49.362          1.2608
49.882          1.2560
50.401          1.0044
50.921          0.82278
51.441          0.77764
51.960          0.85049
52.480          1.0626
52.999          1.2889
