0.0000          0.81219
0.51960         0.77970
1.0392          0.86648
1.5588          1.0917
2.0784          1.2984
2.5980          1.1884
3.1176          0.93344
3.6372          0.79631
4.1568          0.78712
4.6764          0.90141
5.1960          1.1466
5.7156          1.3045
6.2352          1.1352
6.7548          0.89356
7.2744          0.78518
7.7940          0.79924
8.3136          0.94247
8.8332          1.1988
9.3528          1.2952
9.8724          1.0803
10.392          0.86004
10.912          0.77874
11.431          0.81613
11.951          0.98839
12.470          1.2436
12.990          1.2714
13.510          1.0276
14.029          0.83315
14.549          0.77693
15.068          0.83825
15.588          1.0383
16.108          1.2775
16.627          1.2350
17.147          0.97845
17.666          0.81219
18.186          0.77970
18.706          0.86648
19.225          1.0917
19.745          1.2984
20.264          1.1884
20.784          0.93344
21.304          0.79631
21.823          0.78712
22.343          0.90141
22.862          1.1466
23.382          1.3045
23.902          1.1352
24.421          0.89356
24.941          0.78518
25.460          0.79924
25.980          0.94247
26.500          1.1988
27.019          1.2952
27.539          1.0803
28.059          0.86003
28.578          0.77874
29.098          0.81613
29.617          0.98839
30.137          1.2436
30.657          1.2714
31.176          1.0276
31.696          0.83315
32.215          0.77693
32.735          0.83825
33.255          1.0383
33.774          1.2775
34.294          1.2350
34.813          0.97845
35.333          0.81219
35.853          0.77970
36.372          0.86648
36.892          1.0917
37.411          1.2984
37.931          1.1884
38.451          0.93344
38.970          0.79631
39.490          0.78712
40.009          0.90141
40.529          1.1466
41.049          1.3045
41.568          1.1352
42.088          0.89356
42.607          0.78518
43.127          0.79924
43.647          0.94247
44.166          1.1988
44.686          1.2952
45.205          1.0803
45.725          0.86003
46.245          0.77874
46.764          0.81613
47.284          0.98839
47.803          1.2436
48.323          1.2714
48.843          1.0276
49.362          0.83315
49.882          0.77693
50.401          0.83825
50.921          1.0383
51.441          1.2775
51.960          1.2350
52.480          0.97845
52.999          0.81219
