0.0000          1.1803
0.51960         0.92677
1.0392          0.79424
1.5588          0.78872
2.0784          0.90751
2.5980          1.1552
3.1176          1.3041
3.6372          1.1265
4.1568          0.88782
4.6764          0.78385
5.1960          0.80158
5.7156          0.94943
6.2352          1.2065
6.7548          1.2924
7.2744          1.0718
7.7940          0.85536
8.3136          0.77815
8.8332          0.81925
9.3528          0.99602
9.8724          1.2497
10.392          1.2665
10.912          1.0196
11.431          0.82947
11.951          0.77706
12.470          0.84228
12.990          1.0465
13.510          1.2817
14.029          1.2283
14.549          0.97105
15.068          0.80936
15.588          0.78056
16.108          0.87155
16.627          1.1004
17.147          1.3004
17.666          1.1803
18.186          0.92677
18.706          0.79424
19.225          0.78872
19.745          0.90751
20.264          1.1552
20.784          1.3041
21.304          1.1265
21.823          0.88782
22.343          0.78385
22.862          0.80158
23.382          0.94943
23.902          1.2065
24.421          1.2924
24.941          1.0718
25.460          0.85536
25.980          0.77815
26.500          0.81925
27.019          0.99602
27.539          1.2497
28.059          1.2665
28.578          1.0196
29.098          0.82947
29.617          0.77706
30.137          0.84228
30.657          1.0465
31.176          1.2817
31.696          1.2283
32.215          0.97105
32.735          0.80936
33.255          0.78056
33.774          0.87155
34.294          1.1004
34.813          1.3004
35.333          1.1803
35.853          0.92677
36.372          0.79424
36.892          0.78872
37.411          0.90752
37.931          1.1552
38.451          1.3041
38.970          1.1265
39.490          0.88782
40.009          0.78385
40.529          0.80158
41.049          0.94943
41.568          1.2065
42.088          1.2924
42.607          1.0718
43.127          0.85536
43.647          0.77815
44.166          0.81925
44.686          0.99602
45.205          1.2497
45.725          1.2665
46.245          1.0196
46.764          0.82947
47.284          0.77706
47.803          0.84228
48.323          1.0465
48.843          1.2817
49.362          1.2283
49.882          0.97105
50.401          0.80936
50.921          0.78056
51.441          0.87155
51.960          1.1004
52.480          1.3004
52.999          1.1803
