0.0000          1.1936
0.51960         1.2969
1.0392          1.0860
1.5588          0.86324
2.0784          0.77920
2.5980          0.81412
3.1176          0.98337
3.6372          1.2393
4.1568          1.2746
4.6764          1.0330
5.1960          0.83568
5.7156          0.77690
6.2352          0.83565
6.7548          1.0329
7.2744          1.2745
7.7940          1.2394
8.3136          0.98343
8.8332          0.81414
9.3528          0.77919
9.8724          0.86320
10.392          1.0860
10.912          1.2969
11.431          1.1937
11.951          0.93796
12.470          0.79776
12.990          0.78612
13.510          0.89743
14.029          1.1409
14.549          1.3046
15.068          1.1409
15.588          0.89747
16.108          0.78613
16.627          0.79774
17.147          0.93791
17.666          1.1936
18.186          1.2969
18.706          1.0860
19.225          0.86324
19.745          0.77920
20.264          0.81412
20.784          0.98337
21.304          1.2393
21.823          1.2746
22.343          1.0330
22.862          0.83568
23.382          0.77690
23.902          0.83565
24.421          1.0329
24.941          1.2745
25.460          1.2394
25.980          0.98343
26.500          0.81414
27.019          0.77919
27.539          0.86320
28.059          1.0860
28.578          1.2969
29.098          1.1937
29.617          0.93796
30.137          0.79776
30.657          0.78612
31.176          0.89743
31.696          1.1409
32.215          1.3046
32.735          1.1409
33.255          0.89747
33.774          0.78613
34.294          0.79774
34.813          0.93791
35.333          1.1936
35.853          1.2969
36.372          1.0860
36.892          0.86324
37.411          0.77920
37.931          0.81412
38.451          0.98337
38.970          1.2393
39.490          1.2746
40.009          1.0330
40.529          0.83568
41.049          0.77690
41.568          0.83565
42.088          1.0329
42.607          1.2745
43.127          1.2394
43.647          0.98343
44.166          0.81414
44.686          0.77919
45.205          0.86320
45.725          1.0860
46.245          1.2969
46.764          1.1937
47.284          0.93796
47.803          0.79776
48.323          0.78612
48.843          0.89743
49.362          1.1409
49.882          1.3046
50.401          1.1409
50.921          0.89747
51.441          0.78613
51.960          0.79774
52.480          0.93791
52.999          1.1936
