0.0000          0.80887
0.51960         0.96976
1.0392          1.2271
1.5588          1.2824
2.0784          1.0480
2.5980          0.84300
3.1176          0.77710
3.6372          0.82884
4.1568          1.0182
4.6764          1.2656
5.1960          1.2508
5.7156          0.99737
6.2352          0.81982
6.7548          0.77806
7.2744          0.85455
7.7940          1.0703
8.3136          1.2918
8.8332          1.2078
9.3528          0.95067
9.8724          0.80200
10.392          0.78363
10.912          0.88683
11.431          1.1250
11.951          1.3039
12.470          1.1567
12.990          0.90860
13.510          0.78901
14.029          0.79389
14.549          0.92561
15.068          1.1789
15.588          1.3007
16.108          1.1019
16.627          0.87246
17.147          0.78073
17.666          0.80887
18.186          0.96976
18.706          1.2271
19.225          1.2824
19.745          1.0480
20.264          0.84300
20.784          0.77710
21.304          0.82884
21.823          1.0182
22.343          1.2656
22.862          1.2508
23.382          0.99737
23.902          0.81982
24.421          0.77806
24.941          0.85455
25.460          1.0703
25.980          1.2918
26.500          1.2078
27.019          0.95067
27.539          0.80200
28.059          0.78363
28.578          0.88683
29.098          1.1250
29.617          1.3039
30.137          1.1567
30.657          0.90860
31.176          0.78901
31.696          0.79389
32.215          0.92561
32.735          1.1789
33.255          1.3007
33.774          1.1019
34.294          0.87246
34.813          0.78073
35.333          0.80887
35.853          0.96976
36.372          1.2271
36.892          1.2824
37.411          1.0480
37.931          0.84300
38.451          0.77710
38.970          0.82884
39.490          1.0182
40.009          1.2656
40.529          1.2508
41.049          0.99737
41.568          0.81982
42.088          0.77806
42.607          0.85455
43.127          1.0703
43.647          1.2918
44.166          1.2078
44.686          0.95067
45.205          0.80200
45.725          0.78363
46.245          0.88683
46.764          1.1250
47.284          1.3039
47.803          1.1567
48.323          0.90860
48.843          0.78901
49.362          0.79389
49.882          0.92561
50.401          1.1789
50.921          1.3007
51.441          1.1019
51.960          0.87246
52.480          0.78073
52.999          0.80887
