0.0000          1.0715
0.51960         0.85523
1.0392          0.77813
1.5588          0.81934
2.0784          0.99624
2.5980          1.2499
3.1176          1.2663
3.6372          1.0193
4.1568          0.82937
4.6764          0.77707
5.1960          0.84239
5.7156          1.0468
6.2352          1.2818
6.7548          1.2281
7.2744          0.97084
7.7940          0.80928
8.3136          0.78059
8.8332          0.87170
9.3528          1.1006
9.8724          1.3004
10.392          1.1801
10.912          0.92658
11.431          0.79419
11.951          0.78877
12.470          0.90769
12.990          1.1554
13.510          1.3040
14.029          1.1263
14.549          0.88766
15.068          0.78382
15.588          0.80165
16.108          0.94963
16.627          1.2067
17.147          1.2923
17.666          1.0715
18.186          0.85523
18.706          0.77813
19.225          0.81934
19.745          0.99624
20.264          1.2499
20.784          1.2663
21.304          1.0193
21.823          0.82937
22.343          0.77707
22.862          0.84239
23.382          1.0468
23.902          1.2818
24.421          1.2281
24.941          0.97084
25.460          0.80928
25.980          0.78059
26.500          0.87170
27.019          1.1006
27.539          1.3004
28.059          1.1801
28.578          0.92658
29.098          0.79419
29.617          0.78877
30.137          0.90769
30.657          1.1554
31.176          1.3040
31.696          1.1263
32.215          0.88766
32.735          0.78382
33.255          0.80165
33.774          0.94963
34.294          1.2067
34.813          1.2923
35.333          1.0715
35.853          0.85523
36.372          0.77813
36.892          0.81934
37.411          0.99624
37.931          1.2499
38.451          1.2663
38.970          1.0193
39.490          0.82937
40.009          0.77707
40.529          0.84239
41.049          1.0468
41.568          1.2818
42.088          1.2281
42.607          0.97084
43.127          0.80928
43.647          0.78059
44.166          0.87170
44.686          1.1006
45.205          1.3004
45.725          1.1801
46.245          0.92658
46.764          0.79419
47.284          0.78877
47.803          0.90769
48.323          1.1554
48.843          1.3040
49.362          1.1263
49.882          0.88766
50.401          0.78382
50.921          0.80165
51.441          0.94963
51.960          1.2067
52.480          1.2923
52.999          1.0715
