0.0000          1.0340
0.51960         1.2752
1.0392          1.2385
1.5588          0.98236
2.0784          0.81372
2.5980          0.77930
3.1176          0.86390
3.6372          1.0872
4.1568          1.2972
4.6764          1.1926
5.1960          0.93699
5.7156          0.79745
6.2352          0.78633
6.7548          0.89827
7.2744          1.1421
7.7940          1.3046
8.3136          1.1397
8.8332          0.89664
9.3528          0.78593
9.8724          0.79805
10.392          0.93887
10.912          1.1947
11.431          1.2965
11.951          1.0848
12.470          0.86255
12.990          0.77910
13.510          0.81454
14.029          0.98444
14.549          1.2403
15.068          1.2739
15.588          1.0318
16.108          0.83514
16.627          0.77690
17.147          0.83620
17.666          1.0340
18.186          1.2752
18.706          1.2385
19.225          0.98236
19.745          0.81372
20.264          0.77930
20.784          0.86390
21.304          1.0872
21.823          1.2972
22.343          1.1926
22.862          0.93699
23.382          0.79745
23.902          0.78633
24.421          0.89827
24.941          1.1421
25.460          1.3046
25.980          1.1397
26.500          0.89664
27.019          0.78593
27.539          0.79805
28.059          0.93887
28.578          1.1947
29.098          1.2965
29.617          1.0848
30.137          0.86255
30.657          0.77910
31.176          0.81454
31.696          0.98443
32.215          1.2403
32.735          1.2739
33.255          1.0318
33.774          0.83514
34.294          0.77690
34.813          0.83620
35.333          1.0340
35.853          1.2752
36.372          1.2385
36.892          0.98236
37.411          0.81372
37.931          0.77930
38.451          0.86390
38.970          1.0872
39.490          1.2972
40.009          1.1926
40.529          0.93699
41.049          0.79745
41.568          0.78633
42.088          0.89827
42.607          1.1421
43.127          1.3046
43.647          1.1397
44.166          0.89664
44.686          0.78593
45.205          0.79805
45.725          0.93887
46.245          1.1947
46.764          1.2965
47.284          1.0848
47.803          0.86255
48.323          0.77910
48.843          0.81454
49.362          0.98443
49.882          1.2403
50.401          1.2739
50.921          1.0318
51.441          0.83514
51.960          0.77690
52.480          0.83620
52.999          1.0340
