0.0000          0.92754
0.51960         0.79448
1.0392          0.78853
1.5588          0.90680
2.0784          1.1542
2.5980          1.3041
3.1176          1.1275
3.6372          0.88848
4.1568          0.78400
4.6764          0.80130
5.1960          0.94862
5.7156          1.2056
6.2352          1.2927
6.7548          1.0728
7.2744          0.85589
7.7940          0.77821
8.3136          0.81888
8.8332          0.99513
9.3528          1.2490
9.8724          1.2671
10.392          1.0205
10.912          0.82989
11.431          0.77704
11.951          0.84180
12.470          1.0456
12.990          1.2813
13.510          1.2291
14.029          0.97190
14.549          0.80968
15.068          0.78046
15.588          0.87096
16.108          1.0994
16.627          1.3002
17.147          1.1812
17.666          0.92754
18.186          0.79448
18.706          0.78853
19.225          0.90680
19.745          1.1542
20.264          1.3041
20.784          1.1275
21.304          0.88848
21.823          0.78400
22.343          0.80130
22.862          0.94862
23.382          1.2056
23.902          1.2927
24.421          1.0728
24.941          0.85589
25.460          0.77821
25.980          0.81888
26.500          0.99513
27.019          1.2490
27.539          1.2671
28.059          1.0205
28.578          0.82989
29.098          0.77704
29.617          0.84180
30.137          1.0456
30.657          1.2813
31.176          1.2291
31.696          0.97190
32.215          0.80968
32.735          0.78046
33.255          0.87096
33.774          1.0994
34.294          1.3002
34.813          1.1812
35.333          0.92754
35.853          0.79448
36.372          0.78853
36.892          0.90680
37.411          1.1542
37.931          1.3041
38.451          1.1275
38.970          0.88848
39.490          0.78400
40.009          0.80130
40.529          0.94862
41.049          1.2056
41.568          1.2927
42.088          1.0728
42.607          0.85589
43.127          0.77821
43.647          0.81888
44.166          0.99513
44.686          1.2490
45.205          1.2671
45.725          1.0205
46.245          0.82989
46.764          0.77704
47.284          0.84180
47.803          1.0456
48.323          1.2813
48.843          1.2291
49.362          0.97190
49.882          0.80968
50.401          0.78046
50.921          0.87096
51.441          1.0994
51.960          1.3002
52.480          1.1812
52.999          0.92754
