0.0000          0.89090
0.51960         0.78456
1.0392          0.80030
1.5588          0.94566
2.0784          1.2024
2.5980          1.2939
3.1176          1.0764
3.6372          0.85786
4.1568          0.77845
4.6764          0.81755
5.1960          0.99189
5.7156          1.2464
6.2352          1.2692
6.7548          1.0239
7.2744          0.83144
7.7940          0.77697
8.3136          0.84008
8.8332          1.0421
9.3528          1.2795
9.8724          1.2320
10.392          0.97503
10.912          0.81087
11.431          0.78008
11.951          0.86880
12.470          1.0957
12.990          1.2994
13.510          1.1847
14.029          0.93036
14.549          0.79535
15.068          0.78784
15.588          0.90420
16.108          1.1506
16.627          1.3044
17.147          1.1312
17.666          0.89090
18.186          0.78456
18.706          0.80030
19.225          0.94566
19.745          1.2024
20.264          1.2939
20.784          1.0764
21.304          0.85786
21.823          0.77845
22.343          0.81755
22.862          0.99189
23.382          1.2464
23.902          1.2692
24.421          1.0239
24.941          0.83144
25.460          0.77697
25.980          0.84008
26.500          1.0421
27.019          1.2795
27.539          1.2320
28.059          0.97503
28.578          0.81087
29.098          0.78008
29.617          0.86880
30.137          1.0957
30.657          1.2994
31.176          1.1847
31.696          0.93036
32.215          0.79535
32.735          0.78784
33.255          0.90420
33.774          1.1506
34.294          1.3044
34.813          1.1312
35.333          0.89090
35.853          0.78456
36.372          0.80030
36.892          0.94566
37.411          1.2024
37.931          1.2939
38.451          1.0764
38.970          0.85786
39.490          0.77845
40.009          0.81755
40.529          0.99189
41.049          1.2464
41.568          1.2692
42.088          1.0239
42.607          0.83144
43.127          0.77697
43.647          0.84008
44.166          1.0421
44.686          1.2795
45.205          1.2320
45.725          0.97503
46.245          0.81087
46.764          0.78008
47.284          0.86880
47.803          1.0957
48.323          1.2994
48.843          1.1847
49.362          0.93036
49.882          0.79535
50.401          0.78784
50.921          0.90420
51.441          1.1506
51.960          1.3044
52.480          1.1312
52.999          0.89090
