0.0000          0.78498
0.51960         0.89270
1.0392          1.1339
1.5588          1.3045
2.0784          1.1479
2.5980          0.90230
3.1176          0.78735
3.6372          0.79600
4.1568          0.93245
4.6764          1.1872
5.1960          1.2987
5.7156          1.0930
6.2352          0.86723
6.7548          0.77982
7.2744          0.81176
7.7940          0.97734
8.3136          1.2341
8.8332          1.2782
9.3528          1.0395
9.8724          0.83884
10.392          0.77694
10.912          0.83260
11.431          1.0264
11.951          1.2707
12.470          1.2445
12.990          0.98952
13.510          0.81658
14.029          0.77865
14.549          0.85933
15.068          1.0791
15.588          1.2948
16.108          1.2000
16.627          0.94350
17.147          0.79958
17.666          0.78498
18.186          0.89270
18.706          1.1339
19.225          1.3045
19.745          1.1479
20.264          0.90230
20.784          0.78735
21.304          0.79600
21.823          0.93245
22.343          1.1872
22.862          1.2987
23.382          1.0930
23.902          0.86723
24.421          0.77982
24.941          0.81176
25.460          0.97734
25.980          1.2341
26.500          1.2782
27.019          1.0395
27.539          0.83884
28.059          0.77694
28.578          0.83260
29.098          1.0264
29.617          1.2707
30.137          1.2445
30.657          0.98952
31.176          0.81658
31.696          0.77865
32.215          0.85933
32.735          1.0791
33.255          1.2948
33.774          1.2000
34.294          0.94350
34.813          0.79958
35.333          0.78498
35.853          0.89270
36.372          1.1339
36.892          1.3045
37.411          1.1479
37.931          0.90230
38.451          0.78735
38.970          0.79600
39.490          0.93245
40.009          1.1872
40.529          1.2987
41.049          1.0930
41.568          0.86723
42.088          0.77982
42.607          0.81176
43.127          0.97734
43.647          1.2341
44.166          1.2782
44.686          1.0395
45.205          0.83884
45.725          0.77694
46.245          0.83260
46.764          1.0264
47.284          1.2707
47.803          1.2445
48.323          0.98952
48.843          0.81658
49.362          0.77865
49.882          0.85933
50.401          1.0791
50.921          1.2948
51.441          1.2000
51.960          0.94350
52.480          0.79958
52.999          0.78498
