0.0000          1.0494
0.51960         1.2831
1.0392          1.2259
1.5588          0.96852
2.0784          0.80841
2.5980          0.78089
3.1176          0.87334
3.6372          1.1034
4.1568          1.3010
4.6764          1.1775
5.1960          0.92450
5.7156          0.79356
6.2352          0.78930
6.7548          0.90966
7.2744          1.1581
7.7940          1.3038
8.3136          1.1235
8.8332          0.88588
9.3528          0.78342
9.8724          0.80242
10.392          0.95186
10.912          1.2091
11.431          1.2913
11.951          1.0689
12.470          0.85378
12.990          0.77797
13.510          0.82036
14.029          0.99868
14.549          1.2518
15.068          1.2647
15.588          1.0168
16.108          0.82824
16.627          0.77713
17.147          0.84370
17.666          1.0494
18.186          1.2831
18.706          1.2259
19.225          0.96852
19.745          0.80841
20.264          0.78089
20.784          0.87334
21.304          1.1034
21.823          1.3010
22.343          1.1775
22.862          0.92450
23.382          0.79356
23.902          0.78930
24.421          0.90966
24.941          1.1581
25.460          1.3038
25.980          1.1235
26.500          0.88588
27.019          0.78342
27.539          0.80242
28.059          0.95186
28.578          1.2091
29.098          1.2913
29.617          1.0689
30.137          0.85378
30.657          0.77797
31.176          0.82036
31.696          0.99868
32.215          1.2518
32.735          1.2647
33.255          1.0168
33.774          0.82824
34.294          0.77713
34.813          0.84370
35.333          1.0494
35.853          1.2831
36.372          1.2259
36.892          0.96852
37.411          0.80841
37.931          0.78089
38.451          0.87334
38.970          1.1034
39.490          1.3010
40.009          1.1775
40.529          0.92450
41.049          0.79356
41.568          0.78930
42.088          0.90966
42.607          1.1581
43.127          1.3038
43.647          1.1235
44.166          0.88588
44.686          0.78342
45.205          0.80242
45.725          0.95186
46.245          1.2091
46.764          1.2913
47.284          1.0689
47.803          0.85378
48.323          0.77797
48.843          0.82036
49.362          0.99868
49.882          1.2518
50.401          1.2647
50.921          1.0168
51.441          0.82824
51.960          0.77713
52.480          0.84370
52.999          1.0494
