0.0000          0.95431
0.51960         1.2117
1.0392          1.2902
1.5588          1.0659
2.0784          0.85222
2.5980          0.77781
3.1176          0.82149
3.6372          1.0014
4.1568          1.2538
4.6764          1.2629
5.1960          1.0141
5.7156          0.82701
6.2352          0.77722
6.7548          0.84515
7.2744          1.0523
7.7940          1.2844
8.3136          1.2235
8.8332          0.96600
9.3528          0.80747
9.8724          0.78122
10.392          0.87516
10.912          1.1064
11.431          1.3015
11.951          1.1746
12.470          0.92224
12.990          0.79288
13.510          0.78990
14.029          0.91182
14.549          1.1610
15.068          1.3035
15.588          1.1205
16.108          0.88395
16.627          0.78300
17.147          0.80327
17.666          0.95431
18.186          1.2117
18.706          1.2902
19.225          1.0659
19.745          0.85222
20.264          0.77781
20.784          0.82149
21.304          1.0014
21.823          1.2538
22.343          1.2629
22.862          1.0141
23.382          0.82701
23.902          0.77722
24.421          0.84515
24.941          1.0523
25.460          1.2844
25.980          1.2235
26.500          0.96600
27.019          0.80747
27.539          0.78122
28.059          0.87515
28.578          1.1064
29.098          1.3015
29.617          1.1746
30.137          0.92224
30.657          0.79288
31.176          0.78990
31.696          0.91182
32.215          1.1610
32.735          1.3035
33.255          1.1205
33.774          0.88395
34.294          0.78300
34.813          0.80327
35.333          0.95431
35.853          1.2117
36.372          1.2902
36.892          1.0659
37.411          0.85222
37.931          0.77781
38.451          0.82149
38.970          1.0013
39.490          1.2538
40.009          1.2629
40.529          1.0141
41.049          0.82702
41.568          0.77722
42.088          0.84515
42.607          1.0523
43.127          1.2844
43.647          1.2235
44.166          0.96600
44.686          0.80748
45.205          0.78122
45.725          0.87515
46.245          1.1064
46.764          1.3015
47.284          1.1746
47.803          0.92224
48.323          0.79288
48.843          0.78990
49.362          0.91182
49.882          1.1610
50.401          1.3035
50.921          1.1205
51.441          0.88395
51.960          0.78300
52.480          0.80327
52.999          0.95431
