0.0000          1.1598
0.51960         1.3037
1.0392          1.1217
1.5588          0.88475
2.0784          0.78318
2.5980          0.80292
3.1176          0.95330
3.6372          1.2106
4.1568          1.2907
4.6764          1.0671
5.1960          0.85286
5.7156          0.77787
6.2352          0.82102
6.7548          1.0002
7.2744          1.2530
7.7940          1.2636
8.3136          1.0152
8.8332          0.82752
9.3528          0.77718
9.8724          0.84455
10.392          1.0511
10.912          1.2839
11.431          1.2245
11.951          0.96704
12.470          0.80786
12.990          0.78108
13.510          0.87441
14.029          1.1051
14.549          1.3013
15.068          1.1758
15.588          0.92317
16.108          0.79316
16.627          0.78965
17.147          0.91093
17.666          1.1598
18.186          1.3037
18.706          1.1217
19.225          0.88475
19.745          0.78318
20.264          0.80292
20.784          0.95330
21.304          1.2106
21.823          1.2907
22.343          1.0671
22.862          0.85286
23.382          0.77787
23.902          0.82102
24.421          1.0002
24.941          1.2530
25.460          1.2636
25.980          1.0152
26.500          0.82752
27.019          0.77718
27.539          0.84455
28.059          1.0511
28.578          1.2839
29.098          1.2245
29.617          0.96704
30.137          0.80786
30.657          0.78108
31.176          0.87441
31.696          1.1051
32.215          1.3013
32.735          1.1758
33.255          0.92317
33.774          0.79316
34.294          0.78965
34.813          0.91093
35.333          1.1598
35.853          1.3037
36.372          1.1217
36.892          0.88475
37.411          0.78318
37.931          0.80292
38.451          0.95330
38.970          1.2106
39.490          1.2907
40.009          1.0671
40.529          0.85286
41.049          0.77787
41.568          0.82102
42.088          1.0002
42.607          1.2530
43.127          1.2636
43.647          1.0152
44.166          0.82752
44.686          0.77718
45.205          0.84455
45.725          1.0511
46.245          1.2839
46.764          1.2245
47.284          0.96704
47.803          0.80786
48.323          0.78108
48.843          0.87441
49.362          1.1051
49.882          1.3013
50.401          1.1758
50.921          0.92317
51.441          0.79316
51.960          0.78965
52.480          0.91093
52.999          1.1598
