0.0000          1.0299
0.51960         0.83422
1.0392          0.77691
1.5588          0.83714
2.0784          1.0360
2.5980          1.2763
3.1176          1.2369
3.6372          0.98056
4.1568          0.81301
4.6764          0.77948
5.1960          0.86508
5.7156          1.0893
6.2352          1.2978
6.7548          1.1906
7.2744          0.93535
7.7940          0.79692
8.3136          0.78669
8.8332          0.89971
9.3528          1.1442
9.8724          1.3046
10.392          1.1376
10.912          0.89522
11.431          0.78558
11.951          0.79859
12.470          0.94053
12.990          1.1966
13.510          1.2959
14.029          1.0827
14.549          0.86139
15.068          0.77893
15.588          0.81527
16.108          0.98625
16.627          1.2418
17.147          1.2728
17.666          1.0299
18.186          0.83422
18.706          0.77691
19.225          0.83714
19.745          1.0360
20.264          1.2763
20.784          1.2369
21.304          0.98056
21.823          0.81301
22.343          0.77948
22.862          0.86508
23.382          1.0893
23.902          1.2978
24.421          1.1906
24.941          0.93535
25.460          0.79692
25.980          0.78669
26.500          0.89971
27.019          1.1442
27.539          1.3046
28.059          1.1376
28.578          0.89522
29.098          0.78558
29.617          0.79859
30.137          0.94053
30.657          1.1966
31.176          1.2959
31.696          1.0827
32.215          0.86139
32.735          0.77893
33.255          0.81527
33.774          0.98625
34.294          1.2418
34.813          1.2728
35.333          1.0299
35.853          0.83422
36.372          0.77691
36.892          0.83714
37.411          1.0360
37.931          1.2763
38.451          1.2369
38.970          0.98056
39.490          0.81301
40.009          0.77948
40.529          0.86508
41.049          1.0893
41.568          1.2978
42.088          1.1906
42.607          0.93535
43.127          0.79692
43.647          0.78669
44.166          0.89971
44.686          1.1442
45.205          1.3046
45.725          1.1376
46.245          0.89522
46.764          0.78558
47.284          0.79859
47.803          0.94053
48.323          1.1966
48.843          1.2959
49.362          1.0827
49.882          0.86139
50.401          0.77893
50.921          0.81527
51.441          0.98625
51.960          1.2418
52.480          1.2728
52.999          1.0299
