0.0000          1.1927
0.51960         1.2972
1.0392          1.0870
1.5588          0.86380
2.0784          0.77928
2.5980          0.81378
3.1176          0.98250
3.6372          1.2386
4.1568          1.2751
4.6764          1.0339
5.1960          0.83613
5.7156          0.77690
6.2352          0.83521
6.7548          1.0320
7.2744          1.2740
7.7940          1.2401
8.3136          0.98430
8.8332          0.81449
9.3528          0.77911
9.8724          0.86264
10.392          1.0850
10.912          1.2966
11.431          1.1946
11.951          0.93875
12.470          0.79801
12.990          0.78595
13.510          0.89675
14.029          1.1399
14.549          1.3046
15.068          1.1419
15.588          0.89816
16.108          0.78630
16.627          0.79749
17.147          0.93712
17.666          1.1927
18.186          1.2972
18.706          1.0870
19.225          0.86380
19.745          0.77928
20.264          0.81378
20.784          0.98250
21.304          1.2386
21.823          1.2751
22.343          1.0339
22.862          0.83613
23.382          0.77690
23.902          0.83521
24.421          1.0320
24.941          1.2740
25.460          1.2401
25.980          0.98430
26.500          0.81449
27.019          0.77911
27.539          0.86264
28.059          1.0850
28.578          1.2966
29.098          1.1946
29.617          0.93875
30.137          0.79801
30.657          0.78595
31.176          0.89675
31.696          1.1399
32.215          1.3046
32.735          1.1419
33.255          0.89816
33.774          0.78630
34.294          0.79749
34.813          0.93712
35.333          1.1927
35.853          1.2972
36.372          1.0870
36.892          0.86380
37.411          0.77928
37.931          0.81378
38.451          0.98250
38.970          1.2386
39.490          1.2751
40.009          1.0339
40.529          0.83613
41.049          0.77690
41.568          0.83521
42.088          1.0320
42.607          1.2740
43.127          1.2401
43.647          0.98430
44.166          0.81449
44.686          0.77911
45.205          0.86264
45.725          1.0850
46.245          1.2966
46.764          1.1946
47.284          0.93875
47.803          0.79801
48.323          0.78595
48.843          0.89675
49.362          1.1399
49.882          1.3046
50.401          1.1419
50.921          0.89816
51.441          0.78630
51.960          0.79749
52.480          0.93712
52.999          1.1927
