0.0000          1.2787
0.51960         1.0406
1.0392          0.83937
1.5588          0.77695
2.0784          0.83210
2.5980          1.0253
3.1176          1.2701
3.6372          1.2454
4.1568          0.99054
4.6764          0.81700
5.1960          0.77856
5.7156          0.85870
6.2352          1.0779
6.7548          1.2944
7.2744          1.2010
7.7940          0.94443
8.3136          0.79989
8.8332          0.78480
9.3528          0.89193
9.8724          1.1327
10.392          1.3044
10.912          1.1490
11.431          0.90312
11.951          0.78756
12.470          0.79572
12.990          0.93155
13.510          1.1861
14.029          1.2990
14.549          1.0941
15.068          0.86790
15.588          0.77993
16.108          0.81138
16.627          0.97635
17.147          1.2332
17.666          1.2787
18.186          1.0406
18.706          0.83937
19.225          0.77695
19.745          0.83210
20.264          1.0253
20.784          1.2701
21.304          1.2454
21.823          0.99054
22.343          0.81700
22.862          0.77856
23.382          0.85870
23.902          1.0779
24.421          1.2944
24.941          1.2010
25.460          0.94443
25.980          0.79989
26.500          0.78480
27.019          0.89193
27.539          1.1327
28.059          1.3044
28.578          1.1490
29.098          0.90312
29.617          0.78756
30.137          0.79572
30.657          0.93155
31.176          1.1861
31.696          1.2990
32.215          1.0941
32.735          0.86790
33.255          0.77993
33.774          0.81138
34.294          0.97635
34.813          1.2332
35.333          1.2787
35.853          1.0406
36.372          0.83937
36.892          0.77695
37.411          0.83210
37.931          1.0253
38.451          1.2701
38.970          1.2454
39.490          0.99054
40.009          0.81700
40.529          0.77856
41.049          0.85870
41.568          1.0779
42.088          1.2944
42.607          1.2010
43.127          0.94443
43.647          0.79989
44.166          0.78480
44.686          0.89193
45.205          1.1327
45.725          1.3044
46.245          1.1490
46.764          0.90312
47.284          0.78756
47.803          0.79572
48.323          0.93155
48.843          1.1861
49.362          1.2990
49.882          1.0941
50.401          0.86790
50.921          0.77993
51.441          0.81138
51.960          0.97635
52.480          1.2332
52.999          1.2787
