0.0000          1.1952
0.51960         0.93925
1.0392          0.79818
1.5588          0.78585
2.0784          0.89631
2.5980          1.1392
3.1176          1.3046
3.6372          1.1426
4.1568          0.89860
4.6764          0.78641
5.1960          0.79733
5.7156          0.93662
6.2352          1.1921
6.7548          1.2973
7.2744          1.0877
7.7940          0.86417
8.3136          0.77934
8.8332          0.81356
9.3528          0.98195
9.8724          1.2381
10.392          1.2754
10.912          1.0345
11.431          0.83641
11.951          0.77690
12.470          0.83493
12.990          1.0314
13.510          1.2737
14.029          1.2406
14.549          0.98485
15.068          0.81471
15.588          0.77906
16.108          0.86229
16.627          1.0843
17.147          1.2964
17.666          1.1952
18.186          0.93925
18.706          0.79818
19.225          0.78585
19.745          0.89631
20.264          1.1392
20.784          1.3046
21.304          1.1426
21.823          0.89860
22.343          0.78641
22.862          0.79733
23.382          0.93662
23.902          1.1921
24.421          1.2973
24.941          1.0877
25.460          0.86417
25.980          0.77934
26.500          0.81356
27.019          0.98195
27.539          1.2381
28.059          1.2754
28.578          1.0345
29.098          0.83641
29.617          0.77690
30.137          0.83493
30.657          1.0314
31.176          1.2737
31.696          1.2406
32.215          0.98485
32.735          0.81471
33.255          0.77906
33.774          0.86229
34.294          1.0843
34.813          1.2964
35.333          1.1952
35.853          0.93925
36.372          0.79818
36.892          0.78585
37.411          0.89631
37.931          1.1392
38.451          1.3046
38.970          1.1426
39.490          0.89860
40.009          0.78641
40.529          0.79733
41.049          0.93662
41.568          1.1921
42.088          1.2973
42.607          1.0877
43.127          0.86417
43.647          0.77934
44.166          0.81356
44.686          0.98195
45.205          1.2381
45.725          1.2754
46.245          1.0345
46.764          0.83641
47.284          0.77690
47.803          0.83493
48.323          1.0314
48.843          1.2737
49.362          1.2406
49.882          0.98485
50.401          0.81471
50.921          0.77906
51.441          0.86229
51.960          1.0843
52.480          1.2964
52.999          1.1952
