0.0000          0.94454
0.51960         1.2011
1.0392          1.2944
1.5588          1.0778
2.0784          0.85862
2.5980          0.77855
3.1176          0.81705
3.6372          0.99066
4.1568          1.2455
4.6764          1.2700
5.1960          1.0252
5.7156          0.83204
6.2352          0.77696
6.7548          0.83944
7.2744          1.0408
7.7940          1.2788
8.3136          1.2330
8.8332          0.97623
9.3528          0.81133
9.8724          0.77995
10.392          0.86798
10.912          1.0943
11.431          1.2990
11.951          1.1860
12.470          0.93144
12.990          0.79568
13.510          0.78759
14.029          0.90322
14.549          1.1492
15.068          1.3044
15.588          1.1326
16.108          0.89183
16.627          0.78477
17.147          0.79992
17.666          0.94454
18.186          1.2011
18.706          1.2944
19.225          1.0778
19.745          0.85862
20.264          0.77855
20.784          0.81705
21.304          0.99066
21.823          1.2455
22.343          1.2700
22.862          1.0252
23.382          0.83204
23.902          0.77696
24.421          0.83944
24.941          1.0408
25.460          1.2788
25.980          1.2330
26.500          0.97623
27.019          0.81133
27.539          0.77995
28.059          0.86798
28.578          1.0943
29.098          1.2990
29.617          1.1860
30.137          0.93144
30.657          0.79568
31.176          0.78759
31.696          0.90322
32.215          1.1492
32.735          1.3044
33.255          1.1326
33.774          0.89183
34.294          0.78477
34.813          0.79992
35.333          0.94454
35.853          1.2011
36.372          1.2944
36.892          1.0778
37.411          0.85862
37.931          0.77855
38.451          0.81705
38.970          0.99066
39.490          1.2455
40.009          1.2700
40.529          1.0252
41.049          0.83204
41.568          0.77696
42.088          0.83944
42.607          1.0408
43.127          1.2788
43.647          1.2330
44.166          0.97623
44.686          0.81133
45.205          0.77995
45.725          0.86798
46.245          1.0943
46.764          1.2990
47.284          1.1860
47.803          0.93144
48.323          0.79568
48.843          0.78759
49.362          0.90322
49.882          1.1492
50.401          1.3044
50.921          1.1326
51.441          0.89183
51.960          0.78477
52.480          0.79992
52.999          0.94454
