0.0000          0.84656
0.51960         1.0550
1.0392          1.2857
1.5588          1.2211
2.0784          0.96360
2.5980          0.80659
3.1176          0.78156
3.6372          0.87691
4.1568          1.1092
4.6764          1.3020
5.1960          1.1719
5.7156          0.92009
6.2352          0.79225
6.7548          0.79048
7.2744          0.91391
7.7940          1.1638
8.3136          1.3032
8.8332          1.1176
9.3528          0.88213
9.8724          0.78262
10.392          0.80410
10.912          0.95667
11.431          1.2141
11.951          1.2891
12.470          1.0631
12.990          0.85075
13.510          0.77766
14.029          0.82259
14.549          1.0039
15.068          1.2557
15.588          1.2611
16.108          1.0115
16.627          0.82586
17.147          0.77731
17.666          0.84656
18.186          1.0550
18.706          1.2857
19.225          1.2211
19.745          0.96360
20.264          0.80659
20.784          0.78156
21.304          0.87691
21.823          1.1092
22.343          1.3020
22.862          1.1719
23.382          0.92009
23.902          0.79225
24.421          0.79048
24.941          0.91391
25.460          1.1638
25.980          1.3032
26.500          1.1176
27.019          0.88213
27.539          0.78262
28.059          0.80410
28.578          0.95667
29.098          1.2141
29.617          1.2891
30.137          1.0631
30.657          0.85075
31.176          0.77766
31.696          0.82259
32.215          1.0039
32.735          1.2557
33.255          1.2611
33.774          1.0115
34.294          0.82586
34.813          0.77731
35.333          0.84656
35.853          1.0550
36.372          1.2857
36.892          1.2211
37.411          0.96360
37.931          0.80659
38.451          0.78156
38.970          0.87691
39.490          1.1092
40.009          1.3020
40.529          1.1719
41.049          0.92009
41.568          0.79225
42.088          0.79048
42.607          0.91391
43.127          1.1638
43.647          1.3032
44.166          1.1176
44.686          0.88213
45.205          0.78262
45.725          0.80410
46.245          0.95667
46.764          1.2141
47.284          1.2891
47.803          1.0631
48.323          0.85075
48.843          0.77766
49.362          0.82259
49.882          1.0039
50.401          1.2557
50.921          1.2611
51.441          1.0115
51.960          0.82586
52.480          0.77731
52.999          0.84656
