0.0000          1.0894
0.51960         1.2978
1.0392          1.1905
1.5588          0.93525
2.0784          0.79689
2.5980          0.78671
3.1176          0.89980
3.6372          1.1443
4.1568          1.3046
4.6764          1.1375
5.1960          0.89513
5.7156          0.78556
6.2352          0.79863
6.7548          0.94063
7.2744          1.1967
7.7940          1.2959
8.3136          1.0826
8.8332          0.86132
9.3528          0.77892
9.8724          0.81531
10.392          0.98637
10.912          1.2419
11.431          1.2727
11.951          1.0297
12.470          0.83416
12.990          0.77691
13.510          0.83720
14.029          1.0361
14.549          1.2763
15.068          1.2368
15.588          0.98045
16.108          0.81297
16.627          0.77949
17.147          0.86515
17.666          1.0894
18.186          1.2978
18.706          1.1905
19.225          0.93525
19.745          0.79689
20.264          0.78671
20.784          0.89980
21.304          1.1443
21.823          1.3046
22.343          1.1375
22.862          0.89513
23.382          0.78556
23.902          0.79863
24.421          0.94063
24.941          1.1967
25.460          1.2959
25.980          1.0826
26.500          0.86132
27.019          0.77892
27.539          0.81531
28.059          0.98637
28.578          1.2419
29.098          1.2727
29.617          1.0297
30.137          0.83416
30.657          0.77691
31.176          0.83720
31.696          1.0361
32.215          1.2763
32.735          1.2368
33.255          0.98045
33.774          0.81297
34.294          0.77949
34.813          0.86515
35.333          1.0894
35.853          1.2978
36.372          1.1905
36.892          0.93525
37.411          0.79689
37.931          0.78671
38.451          0.89980
38.970          1.1443
39.490          1.3046
40.009          1.1375
40.529          0.89513
41.049          0.78556
41.568          0.79863
42.088          0.94063
42.607          1.1967
43.127          1.2959
43.647          1.0826
44.166          0.86132
44.686          0.77892
45.205          0.81531
45.725          0.98637
46.245          1.2419
46.764          1.2727
47.284          1.0297
47.803          0.83416
48.323          0.77691
48.843          0.83720
49.362          1.0361
49.882          1.2763
50.401          1.2368
50.921          0.98045
51.441          0.81297
51.960          0.77949
52.480          0.86515
52.999          1.0894
