0.0000          1.3046
0.51960         1.1447
1.0392          0.90010
1.5588          0.78679
2.0784          0.79678
2.5980          0.93491
3.1176          1.1901
3.6372          1.2979
4.1568          1.0898
4.6764          0.86540
5.1960          0.77953
5.7156          0.81282
6.2352          0.98007
6.7548          1.2365
7.2744          1.2766
7.7940          1.0365
8.3136          0.83739
8.8332          0.77691
9.3528          0.83397
9.8724          1.0293
10.392          1.2725
10.912          1.2422
11.431          0.98675
11.951          0.81546
12.470          0.77888
12.990          0.86108
13.510          1.0822
14.029          1.2958
14.549          1.1971
15.068          0.94097
15.588          0.79874
16.108          0.78549
16.627          0.89484
17.147          1.1371
17.666          1.3046
18.186          1.1447
18.706          0.90010
19.225          0.78679
19.745          0.79678
20.264          0.93491
20.784          1.1901
21.304          1.2979
21.823          1.0898
22.343          0.86540
22.862          0.77953
23.382          0.81282
23.902          0.98007
24.421          1.2365
24.941          1.2766
25.460          1.0365
25.980          0.83739
26.500          0.77691
27.019          0.83397
27.539          1.0293
28.059          1.2725
28.578          1.2422
29.098          0.98675
29.617          0.81546
30.137          0.77888
30.657          0.86108
31.176          1.0822
31.696          1.2958
32.215          1.1971
32.735          0.94097
33.255          0.79874
33.774          0.78549
34.294          0.89484
34.813          1.1371
35.333          1.3046
35.853          1.1447
36.372          0.90010
36.892          0.78679
37.411          0.79678
37.931          0.93491
38.451          1.1901
38.970          1.2979
39.490          1.0898
40.009          0.86540
40.529          0.77953
41.049          0.81282
41.568          0.98007
42.088          1.2365
42.607          1.2766
43.127          1.0365
43.647          0.83739
44.166          0.77691
44.686          0.83397
45.205          1.0293
45.725          1.2725
46.245          1.2422
46.764          0.98675
47.284          0.81546
47.803          0.77888
48.323          0.86108
48.843          1.0822
49.362          1.2958
49.882          1.1971
50.401          0.94097
50.921          0.79874
51.441          0.78549
51.960          0.89484
52.480          1.1371
52.999          1.3046
