0.0000          0.82368
0.51960         1.0065
1.0392          1.2576
1.5588          1.2593
2.0784          1.0089
2.5980          0.82474
3.1176          0.77742
3.6372          0.84796
4.1568          1.0578
4.6764          1.2869
5.1960          1.2188
5.7156          0.96124
6.2352          0.80574
6.7548          0.78191
7.2744          0.87866
7.7940          1.1121
8.3136          1.3025
8.8332          1.1692
9.3528          0.91798
9.8724          0.79164
10.392          0.79107
10.912          0.91599
11.431          1.1666
11.951          1.3028
12.470          1.1148
12.990          0.88034
13.510          0.78225
14.029          0.80493
14.549          0.95900
15.068          1.2165
15.588          1.2880
16.108          1.0604
16.627          0.84931
17.147          0.77753
17.666          0.82368
18.186          1.0065
18.706          1.2576
19.225          1.2593
19.745          1.0089
20.264          0.82474
20.784          0.77742
21.304          0.84796
21.823          1.0578
22.343          1.2869
22.862          1.2188
23.382          0.96124
23.902          0.80574
24.421          0.78191
24.941          0.87866
25.460          1.1121
25.980          1.3025
26.500          1.1692
27.019          0.91798
27.539          0.79164
28.059          0.79107
28.578          0.91599
29.098          1.1666
29.617          1.3028
30.137          1.1148
30.657          0.88034
31.176          0.78225
31.696          0.80493
32.215          0.95900
32.735          1.2165
33.255          1.2880
33.774          1.0604
34.294          0.84931
34.813          0.77753
35.333          0.82368
35.853          1.0065
36.372          1.2576
36.892          1.2593
37.411          1.0089
37.931          0.82474
38.451          0.77742
38.970          0.84796
39.490          1.0578
40.009          1.2869
40.529          1.2188
41.049          0.96124
41.568          0.80574
42.088          0.78191
42.607          0.87866
43.127          1.1121
43.647          1.3025
44.166          1.1692
44.686          0.91798
45.205          0.79164
45.725          0.79107
46.245          0.91599
46.764          1.1666
47.284          1.3028
47.803          1.1148
48.323          0.88034
48.843          0.78225
49.362          0.80493
49.882          0.95900
50.401          1.2165
50.921          1.2880
51.441          1.0604
51.960          0.84931
52.480          0.77753
52.999          0.82368
