0.0000          1.0447
0.51960         0.85684
1.0392          0.80270
1.5588          0.88087
2.0784          1.0869
2.5980          1.2507
3.1176          1.1332
3.6372          0.91296
4.1568          0.80740
4.6764          0.83524
5.1960          0.99897
5.7156          1.2158
6.2352          1.2078
6.7548          0.98759
7.2744          0.83054
7.7940          0.80939
8.3136          0.92205
8.8332          1.1447
9.3528          1.2487
9.8724          1.0749
10.392          0.87345
10.912          0.80219
11.431          0.86310
11.951          1.0566
12.470          1.2439
12.990          1.1612
13.510          0.93634
14.029          0.81308
14.549          0.82429
15.068          0.97115
15.588          1.1948
16.108          1.2263
16.627          1.0163
17.147          0.84286
17.666          0.80500
18.186          0.90001
18.706          1.1157
19.225          1.2522
19.745          1.1049
20.264          0.89254
20.784          0.80395
21.304          0.84796
21.823          1.0270
22.343          1.2317
22.862          1.1862
23.382          0.96141
23.902          0.82096
24.421          0.81589
24.941          0.94566
25.460          1.1709
25.980          1.2397
26.500          1.0452
27.019          0.85714
27.539          0.80274
28.059          0.88065
28.578          1.0865
29.098          1.2505
29.617          1.1335
30.137          0.91325
30.657          0.80753
31.176          0.83523
31.696          0.99878
32.215          1.2155
32.735          1.2078
33.255          0.98773
33.774          0.83069
34.294          0.80951
34.813          0.92215
35.333          1.1446
35.853          1.2484
36.372          1.0747
36.892          0.87346
37.411          0.80233
37.931          0.86339
38.451          1.0570
38.970          1.2438
39.490          1.1607
40.009          0.93605
40.529          0.81309
41.049          0.82456
41.568          0.97168
42.088          1.1952
42.607          1.2258
43.127          1.0157
43.647          0.84264
44.166          0.80513
44.686          0.90049
45.205          1.1164
45.725          1.2521
46.245          1.1042
46.764          0.89210
47.284          0.80389
47.803          0.84826
48.323          1.0276
48.843          1.2321
49.362          1.1857
49.882          0.96086
50.401          0.82075
50.921          0.81600
51.441          0.94610
51.960          1.1714
52.480          1.2395
52.999          1.0447
