0.0000          1.0291
0.51960         0.83387
1.0392          0.77692
1.5588          0.83750
2.0784          1.0368
2.5980          1.2767
3.1176          1.2363
3.6372          0.97986
4.1568          0.81274
4.6764          0.77955
5.1960          0.86554
5.7156          1.0901
6.2352          1.2980
6.7548          1.1899
7.2744          0.93473
7.7940          0.79672
8.3136          0.78683
8.8332          0.90027
9.3528          1.1450
9.8724          1.3046
10.392          1.1368
10.912          0.89467
11.431          0.78545
11.951          0.79880
12.470          0.94116
12.990          1.1973
13.510          1.2957
14.029          1.0819
14.549          0.86094
15.068          0.77887
15.588          0.81555
16.108          0.98696
16.627          1.2424
17.147          1.2723
17.666          1.0291
18.186          0.83387
18.706          0.77692
19.225          0.83750
19.745          1.0368
20.264          1.2767
20.784          1.2363
21.304          0.97986
21.823          0.81274
22.343          0.77955
22.862          0.86554
23.382          1.0901
23.902          1.2980
24.421          1.1899
24.941          0.93473
25.460          0.79672
25.980          0.78683
26.500          0.90027
27.019          1.1450
27.539          1.3046
28.059          1.1368
28.578          0.89467
29.098          0.78545
29.617          0.79880
30.137          0.94116
30.657          1.1973
31.176          1.2957
31.696          1.0819
32.215          0.86094
32.735          0.77887
33.255          0.81555
33.774          0.98696
34.294          1.2424
34.813          1.2723
35.333          1.0291
35.853          0.83387
36.372          0.77692
36.892          0.83750
37.411          1.0368
37.931          1.2767
38.451          1.2363
38.970          0.97986
39.490          0.81274
40.009          0.77955
40.529          0.86554
41.049          1.0901
41.568          1.2980
42.088          1.1899
42.607          0.93473
43.127          0.79672
43.647          0.78683
44.166          0.90027
44.686          1.1450
45.205          1.3046
45.725          1.1368
46.245          0.89467
46.764          0.78545
47.284          0.79880
47.803          0.94116
48.323          1.1973
48.843          1.2957
49.362          1.0819
49.882          0.86094
50.401          0.77887
50.921          0.81555
51.441          0.98696
51.960          1.2424
52.480          1.2723
52.999          1.0291
