0.0000          1.2995
0.51960         1.0962
1.0392          0.86911
1.5588          0.78014
2.0784          0.81069
2.5980          0.97457
3.1176          1.2315
3.6372          1.2798
4.1568          1.0426
4.6764          0.84034
5.1960          0.77698
5.7156          0.83121
6.2352          1.0234
6.7548          1.2689
7.2744          1.2468
7.7940          0.99237
8.3136          0.81775
8.8332          0.77842
9.3528          0.85757
9.8724          1.0759
10.392          1.2938
10.912          1.2029
11.431          0.94610
11.951          0.80045
12.470          0.78447
12.990          0.89054
13.510          1.1307
14.029          1.3043
14.549          1.1511
15.068          0.90458
15.588          0.78794
16.108          0.79522
16.627          0.92994
17.147          1.1842
17.666          1.2995
18.186          1.0962
18.706          0.86911
19.225          0.78014
19.745          0.81069
20.264          0.97457
20.784          1.2315
21.304          1.2798
21.823          1.0426
22.343          0.84033
22.862          0.77698
23.382          0.83121
23.902          1.0234
24.421          1.2689
24.941          1.2468
25.460          0.99237
25.980          0.81774
26.500          0.77842
27.019          0.85757
27.539          1.0759
28.059          1.2938
28.578          1.2029
29.098          0.94609
29.617          0.80045
30.137          0.78447
30.657          0.89054
31.176          1.1307
31.696          1.3043
32.215          1.1511
32.735          0.90458
33.255          0.78794
33.774          0.79522
34.294          0.92994
34.813          1.1842
35.333          1.2995
35.853          1.0962
36.372          0.86911
36.892          0.78014
37.411          0.81069
37.931          0.97457
38.451          1.2315
38.970          1.2798
39.490          1.0426
40.009          0.84033
40.529          0.77698
41.049          0.83121
41.568          1.0234
42.088          1.2689
42.607          1.2468
43.127          0.99237
43.647          0.81774
44.166          0.77842
44.686          0.85757
45.205          1.0759
45.725          1.2938
46.245          1.2029
46.764          0.94610
47.284          0.80045
47.803          0.78447
48.323          0.89054
48.843          1.1307
49.362          1.3043
49.882          1.1511
50.401          0.90458
50.921          0.78794
51.441          0.79522
51.960          0.92994
52.480          1.1842
52.999          1.2995
