0.0000          0.77927
0.51960         0.81381
1.0392          0.98260
1.5588          1.2387
2.0784          1.2750
2.5980          1.0338
3.1176          0.83608
3.6372          0.77690
4.1568          0.83526
4.6764          1.0321
5.1960          1.2741
5.7156          1.2401
6.2352          0.98420
6.7548          0.81445
7.2744          0.77912
7.7940          0.86270
8.3136          1.0851
8.8332          1.2966
9.3528          1.1945
9.8724          0.93866
10.392          0.79799
10.912          0.78597
11.431          0.89682
11.951          1.1400
12.470          1.3046
12.990          1.1418
13.510          0.89809
14.029          0.78628
14.549          0.79751
15.068          0.93720
15.588          1.1928
16.108          1.2971
16.627          1.0869
17.147          0.86374
17.666          0.77927
18.186          0.81381
18.706          0.98260
19.225          1.2387
19.745          1.2750
20.264          1.0338
20.784          0.83608
21.304          0.77690
21.823          0.83526
22.343          1.0321
22.862          1.2741
23.382          1.2401
23.902          0.98420
24.421          0.81445
24.941          0.77912
25.460          0.86270
25.980          1.0851
26.500          1.2966
27.019          1.1945
27.539          0.93866
28.059          0.79799
28.578          0.78597
29.098          0.89682
29.617          1.1400
30.137          1.3046
30.657          1.1418
31.176          0.89809
31.696          0.78628
32.215          0.79751
32.735          0.93720
33.255          1.1928
33.774          1.2971
34.294          1.0869
34.813          0.86374
35.333          0.77927
35.853          0.81381
36.372          0.98260
36.892          1.2387
37.411          1.2750
37.931          1.0338
38.451          0.83608
38.970          0.77690
39.490          0.83526
40.009          1.0321
40.529          1.2741
41.049          1.2401
41.568          0.98420
42.088          0.81445
42.607          0.77912
43.127          0.86270
43.647          1.0851
44.166          1.2966
44.686          1.1945
45.205          0.93866
45.725          0.79799
46.245          0.78597
46.764          0.89682
47.284          1.1400
47.803          1.3046
48.323          1.1418
48.843          0.89809
49.362          0.78628
49.882          0.79751
50.401          0.93720
50.921          1.1928
51.441          1.2971
51.960          1.0869
52.480          0.86374
52.999          0.77927
