0.0000          0.80904
0.51960         0.77856
1.0392          0.84262
1.5588          1.0339
2.0784          1.2793
2.5980          1.2701
3.1176          1.0206
3.6372          0.83639
4.1568          0.77787
4.6764          0.81337
5.1960          0.96588
5.7156          1.2211
6.2352          1.3094
6.7548          1.0949
7.2744          0.87469
7.7940          0.78463
8.3136          0.79357
8.8332          0.90784
9.3528          1.1479
9.8724          1.3199
10.392          1.1718
10.912          0.92491
11.431          0.79889
11.951          0.78171
12.470          0.86137
12.990          1.0709
13.510          1.2999
14.029          1.2415
14.549          0.98628
15.068          0.82146
15.588          0.77728
16.108          0.82669
16.627          0.99876
17.147          1.2527
17.666          1.2930
18.186          1.0570
18.706          0.85407
19.225          0.78033
19.745          0.80240
20.264          0.93550
20.784          1.1856
21.304          1.3184
21.823          1.1335
22.343          0.89832
22.862          0.79080
23.382          0.78670
23.902          0.88310
24.421          1.1092
24.941          1.3136
25.460          1.2083
25.980          0.95430
26.500          0.80904
27.019          0.77856
27.539          0.84262
28.059          1.0339
28.578          1.2793
29.098          1.2701
29.617          1.0206
30.137          0.83639
30.657          0.77787
31.176          0.81337
31.696          0.96588
32.215          1.2211
32.735          1.3094
33.255          1.0949
33.774          0.87469
34.294          0.78463
34.813          0.79357
35.333          0.90784
35.853          1.1479
36.372          1.3199
36.892          1.1718
37.411          0.92491
37.931          0.79889
38.451          0.78171
38.970          0.86137
39.490          1.0709
40.009          1.2999
40.529          1.2415
41.049          0.98628
41.568          0.82146
42.088          0.77728
42.607          0.82669
43.127          0.99876
43.647          1.2527
44.166          1.2930
44.686          1.0570
45.205          0.85407
45.725          0.78033
46.245          0.80240
46.764          0.93550
47.284          1.1856
47.803          1.3184
48.323          1.1335
48.843          0.89832
49.362          0.79080
49.882          0.78670
50.401          0.88310
50.921          1.1092
51.441          1.3136
51.960          1.2083
52.480          0.95430
52.999          0.80904
