0.0000          0.84078
0.51960         0.77700
1.0392          0.83081
1.5588          1.0225
2.0784          1.2683
2.5980          1.2475
3.1176          0.99321
3.6372          0.81809
4.1568          0.77835
4.6764          0.85705
5.1960          1.0749
5.7156          1.2935
6.2352          1.2037
6.7548          0.94686
7.2744          0.80071
7.7940          0.78433
8.3136          0.88991
8.8332          1.1297
9.3528          1.3043
9.8724          1.1520
10.392          0.90526
10.912          0.78812
11.431          0.79499
11.951          0.92920
12.470          1.1833
12.990          1.2997
13.510          1.0972
14.029          0.86967
14.549          0.78023
15.068          0.81038
15.588          0.97375
16.108          1.2308
16.627          1.2802
17.147          1.0435
17.666          0.84078
18.186          0.77700
18.706          0.83081
19.225          1.0225
19.745          1.2683
20.264          1.2475
20.784          0.99321
21.304          0.81809
21.823          0.77835
22.343          0.85705
22.862          1.0749
23.382          1.2935
23.902          1.2037
24.421          0.94687
24.941          0.80071
25.460          0.78433
25.980          0.88991
26.500          1.1297
27.019          1.3043
27.539          1.1520
28.059          0.90526
28.578          0.78812
29.098          0.79499
29.617          0.92920
30.137          1.1833
30.657          1.2997
31.176          1.0972
31.696          0.86967
32.215          0.78023
32.735          0.81038
33.255          0.97375
33.774          1.2308
34.294          1.2802
34.813          1.0435
35.333          0.84078
35.853          0.77700
36.372          0.83081
36.892          1.0225
37.411          1.2683
37.931          1.2475
38.451          0.99321
38.970          0.81809
39.490          0.77835
40.009          0.85705
40.529          1.0749
41.049          1.2935
41.568          1.2037
42.088          0.94686
42.607          0.80071
43.127          0.78433
43.647          0.88991
44.166          1.1297
44.686          1.3043
45.205          1.1520
45.725          0.90526
46.245          0.78812
46.764          0.79499
47.284          0.92920
47.803          1.1833
48.323          1.2997
48.843          1.0972
49.362          0.86967
49.882          0.78023
50.401          0.81038
50.921          0.97375
51.441          1.2308
51.960          1.2802
52.480          1.0435
52.999          0.84078
