0.0000          0.96709
0.51960         0.81383
1.0392          0.77781
1.5588          0.83577
2.0784          1.0193
2.5980          1.2691
3.1176          1.2802
3.6372          1.0353
4.1568          0.84328
4.6764          0.77865
5.1960          0.80861
5.7156          0.95313
6.2352          1.2070
6.7548          1.3140
7.2744          1.1107
7.7940          0.88399
8.3136          0.78693
8.8332          0.79053
9.3528          0.89736
9.8724          1.1321
10.392          1.3182
10.912          1.1870
11.431          0.93661
11.951          0.80278
12.470          0.78020
12.990          0.85335
13.510          1.0555
14.029          1.2923
14.549          1.2538
15.068          1.0001
15.588          0.82725
16.108          0.77729
16.627          0.82094
17.147          0.98502
17.666          1.2403
18.186          1.3005
18.706          1.0723
19.225          0.86215
19.745          0.78187
20.264          0.79854
20.784          0.92384
21.304          1.1704
21.823          1.3200
22.343          1.1493
22.862          0.90885
23.382          0.79387
23.902          0.78444
24.421          0.87385
24.941          1.0934
25.460          1.3089
25.980          1.2224
26.500          0.96709
27.019          0.81383
27.539          0.77781
28.059          0.83577
28.578          1.0193
29.098          1.2691
29.617          1.2802
30.137          1.0353
30.657          0.84328
31.176          0.77865
31.696          0.80861
32.215          0.95313
32.735          1.2070
33.255          1.3140
33.774          1.1107
34.294          0.88399
34.813          0.78693
35.333          0.79053
35.853          0.89736
36.372          1.1321
36.892          1.3182
37.411          1.1870
37.931          0.93661
38.451          0.80278
38.970          0.78020
39.490          0.85335
40.009          1.0555
40.529          1.2923
41.049          1.2538
41.568          1.0001
42.088          0.82725
42.607          0.77729
43.127          0.82094
43.647          0.98502
44.166          1.2403
44.686          1.3005
45.205          1.0723
45.725          0.86215
46.245          0.78187
46.764          0.79854
47.284          0.92384
47.803          1.1704
48.323          1.3200
48.843          1.1493
49.362          0.90885
49.882          0.79387
50.401          0.78444
50.921          0.87385
51.441          1.0934
51.960          1.3089
52.480          1.2224
52.999          0.96709
