0.0000          0.96982
0.51960         0.80890
1.0392          0.78072
1.5588          0.87242
2.0784          1.1018
2.5980          1.3007
3.1176          1.1789
3.6372          0.92567
4.1568          0.79391
4.6764          0.78900
5.1960          0.90855
5.7156          1.1566
6.2352          1.3040
6.7548          1.1251
7.2744          0.88688
7.7940          0.78364
8.3136          0.80198
8.8332          0.95061
9.3528          1.2078
9.8724          1.2919
10.392          1.0704
10.912          0.85459
11.431          0.77806
11.951          0.81979
12.470          0.99731
12.990          1.2507
13.510          1.2656
14.029          1.0182
14.549          0.82887
15.068          0.77709
15.588          0.84297
16.108          1.0479
16.627          1.2824
17.147          1.2271
17.666          0.96982
18.186          0.80890
18.706          0.78072
19.225          0.87242
19.745          1.1018
20.264          1.3007
20.784          1.1789
21.304          0.92567
21.823          0.79391
22.343          0.78900
22.862          0.90855
23.382          1.1566
23.902          1.3040
24.421          1.1251
24.941          0.88688
25.460          0.78364
25.980          0.80198
26.500          0.95061
27.019          1.2078
27.539          1.2919
28.059          1.0704
28.578          0.85459
29.098          0.77806
29.617          0.81979
30.137          0.99731
30.657          1.2507
31.176          1.2656
31.696          1.0182
32.215          0.82887
32.735          0.77709
33.255          0.84297
33.774          1.0479
34.294          1.2824
34.813          1.2271
35.333          0.96982
35.853          0.80890
36.372          0.78072
36.892          0.87242
37.411          1.1018
37.931          1.3007
38.451          1.1789
38.970          0.92567
39.490          0.79391
40.009          0.78900
40.529          0.90855
41.049          1.1566
41.568          1.3040
42.088          1.1251
42.607          0.88688
43.127          0.78364
43.647          0.80198
44.166          0.95061
44.686          1.2078
45.205          1.2919
45.725          1.0704
46.245          0.85459
46.764          0.77806
47.284          0.81979
47.803          0.99731
48.323          1.2507
48.843          1.2656
49.362          1.0182
49.882          0.82887
50.401          0.77709
50.921          0.84297
51.441          1.0479
51.960          1.2824
52.480          1.2271
52.999          0.96982
