0.0000          0.92608
0.51960         1.1794
1.0392          1.3006
1.5588          1.1013
2.0784          0.87209
2.5980          0.78066
3.1176          0.80907
3.6372          0.97028
4.1568          1.2276
4.6764          1.2822
5.1960          1.0474
5.7156          0.84271
6.2352          0.77708
6.7548          0.82910
7.2744          1.0187
7.7940          1.2659
8.3136          1.2504
8.8332          0.99683
9.3528          0.81959
9.8724          0.77809
10.392          0.85488
10.912          1.0709
11.431          1.2921
11.951          1.2073
12.470          0.95017
12.990          0.80183
13.510          0.78372
14.029          0.88723
14.549          1.1256
15.068          1.3040
15.588          1.1561
16.108          0.90816
16.627          0.78890
17.147          0.79403
17.666          0.92608
18.186          1.1794
18.706          1.3006
19.225          1.1013
19.745          0.87209
20.264          0.78066
20.784          0.80907
21.304          0.97028
21.823          1.2276
22.343          1.2822
22.862          1.0474
23.382          0.84271
23.902          0.77708
24.421          0.82910
24.941          1.0187
25.460          1.2659
25.980          1.2504
26.500          0.99683
27.019          0.81959
27.539          0.77809
28.059          0.85488
28.578          1.0709
29.098          1.2921
29.617          1.2073
30.137          0.95017
30.657          0.80183
31.176          0.78372
31.696          0.88723
32.215          1.1256
32.735          1.3040
33.255          1.1561
33.774          0.90816
34.294          0.78890
34.813          0.79403
35.333          0.92608
35.853          1.1794
36.372          1.3006
36.892          1.1013
37.411          0.87209
37.931          0.78066
38.451          0.80907
38.970          0.97028
39.490          1.2276
40.009          1.2822
40.529          1.0474
41.049          0.84271
41.568          0.77708
42.088          0.82910
42.607          1.0187
43.127          1.2659
43.647          1.2504
44.166          0.99683
44.686          0.81959
45.205          0.77809
45.725          0.85488
46.245          1.0709
46.764          1.2921
47.284          1.2073
47.803          0.95017
48.323          0.80183
48.843          0.78372
49.362          0.88723
49.882          1.1256
50.401          1.3040
50.921          1.1561
51.441          0.90816
51.960          0.78890
52.480          0.79403
52.999          0.92608
