0.0000          1.3009
0.51960         1.1780
1.0392          0.92490
1.5588          0.79368
2.0784          0.78920
2.5980          0.90928
3.1176          1.1576
3.6372          1.3039
4.1568          1.1240
4.6764          0.88622
5.1960          0.78350
5.7156          0.80227
6.2352          0.95143
6.7548          1.2086
7.2744          1.2915
7.7940          1.0694
8.3136          0.85406
8.8332          0.77800
9.3528          0.82017
9.8724          0.99821
10.392          1.2514
10.912          1.2650
11.431          1.0173
11.951          0.82845
12.470          0.77712
12.990          0.84345
13.510          1.0489
14.029          1.2829
14.549          1.2263
15.068          0.96897
15.588          0.80858
16.108          0.78083
16.627          0.87302
17.147          1.1028
17.666          1.3009
18.186          1.1780
18.706          0.92490
19.225          0.79368
19.745          0.78920
20.264          0.90928
20.784          1.1576
21.304          1.3039
21.823          1.1240
22.343          0.88622
22.862          0.78350
23.382          0.80227
23.902          0.95143
24.421          1.2086
24.941          1.2915
25.460          1.0694
25.980          0.85406
26.500          0.77800
27.019          0.82017
27.539          0.99821
28.059          1.2514
28.578          1.2650
29.098          1.0173
29.617          0.82845
30.137          0.77712
30.657          0.84345
31.176          1.0489
31.696          1.2829
32.215          1.2263
32.735          0.96897
33.255          0.80858
33.774          0.78083
34.294          0.87302
34.813          1.1028
35.333          1.3009
35.853          1.1780
36.372          0.92490
36.892          0.79368
37.411          0.78920
37.931          0.90928
38.451          1.1576
38.970          1.3039
39.490          1.1240
40.009          0.88622
40.529          0.78350
41.049          0.80227
41.568          0.95143
42.088          1.2086
42.607          1.2915
43.127          1.0694
43.647          0.85406
44.166          0.77800
44.686          0.82017
45.205          0.99821
45.725          1.2514
46.245          1.2650
46.764          1.0173
47.284          0.82845
47.803          0.77712
48.323          0.84345
48.843          1.0489
49.362          1.2829
49.882          1.2263
50.401          0.96897
50.921          0.80858
51.441          0.78083
51.960          0.87302
52.480          1.1028
52.999          1.3009
