0.0000          0.88881
0.51960         1.1185
1.0392          1.3158
1.5588          1.1997
2.0784          0.94695
2.5980          0.80638
3.1176          0.77915
3.6372          0.84689
4.1568          1.0427
4.6764          1.2849
5.1960          1.2637
5.7156          1.0121
6.2352          0.83253
6.7548          0.77755
7.2744          0.81636
7.7940          0.97361
8.3136          1.2291
8.8332          1.3060
9.3528          1.0856
9.8724          0.86943
10.392          0.78342
10.912          0.79552
11.431          0.91427
11.951          1.1571
12.470          1.3202
12.990          1.1627
13.510          0.91822
14.029          0.79675
14.549          0.78275
15.068          0.86635
15.588          1.0800
16.108          1.3039
16.627          1.2338
17.147          0.97833
17.666          0.81823
18.186          0.77742
18.706          0.83029
19.225          1.0071
19.745          1.2596
20.264          1.2881
20.784          1.0480
21.304          0.84953
21.823          0.77956
22.343          0.80485
22.862          0.94260
23.382          1.1945
23.902          1.3169
24.421          1.1242
24.941          0.89233
25.460          0.78914
25.980          0.78819
26.500          0.88881
27.019          1.1185
27.539          1.3158
28.059          1.1997
28.578          0.94695
29.098          0.80638
29.617          0.77915
30.137          0.84689
30.657          1.0427
31.176          1.2849
31.696          1.2637
32.215          1.0121
32.735          0.83253
33.255          0.77755
33.774          0.81636
34.294          0.97361
34.813          1.2291
35.333          1.3060
35.853          1.0856
36.372          0.86943
36.892          0.78342
37.411          0.79552
37.931          0.91427
38.451          1.1571
38.970          1.3202
39.490          1.1627
40.009          0.91822
40.529          0.79675
41.049          0.78275
41.568          0.86635
42.088          1.0800
42.607          1.3039
43.127          1.2338
43.647          0.97833
44.166          0.81823
44.686          0.77742
45.205          0.83029
45.725          1.0071
46.245          1.2596
46.764          1.2881
47.284          1.0480
47.803          0.84953
48.323          0.77956
48.843          0.80485
49.362          0.94260
49.882          1.1945
50.401          1.3169
50.921          1.1242
51.441          0.89233
51.960          0.78914
52.480          0.78819
52.999          0.88881
