0.0000          0.78473
0.51960         0.89165
1.0392          1.1323
1.5588          1.3044
2.0784          1.1494
2.5980          0.90340
3.1176          0.78764
3.6372          0.79562
4.1568          0.93123
4.6764          1.1857
5.1960          1.2991
5.7156          1.0946
6.2352          0.86814
6.7548          0.77997
7.2744          0.81124
7.7940          0.97600
8.3136          1.2328
8.8332          1.2789
9.3528          1.0410
9.8724          0.83956
10.392          0.77696
10.912          0.83192
11.431          1.0249
11.951          1.2698
12.470          1.2456
12.990          0.99090
13.510          0.81714
14.029          0.77853
14.549          0.85848
15.068          1.0775
15.588          1.2943
16.108          1.2014
16.627          0.94475
17.147          0.80000
17.666          0.78473
18.186          0.89165
18.706          1.1323
19.225          1.3044
19.745          1.1494
20.264          0.90340
20.784          0.78764
21.304          0.79562
21.823          0.93123
22.343          1.1857
22.862          1.2991
23.382          1.0946
23.902          0.86814
24.421          0.77997
24.941          0.81124
25.460          0.97600
25.980          1.2328
26.500          1.2789
27.019          1.0410
27.539          0.83956
28.059          0.77696
28.578          0.83192
29.098          1.0249
29.617          1.2698
30.137          1.2456
30.657          0.99090
31.176          0.81714
31.696          0.77853
32.215          0.85847
32.735          1.0775
33.255          1.2943
33.774          1.2014
34.294          0.94475
34.813          0.80000
35.333          0.78473
35.853          0.89165
36.372          1.1323
36.892          1.3044
37.411          1.1494
37.931          0.90340
38.451          0.78764
38.970          0.79562
39.490          0.93123
40.009          1.1857
40.529          1.2991
41.049          1.0946
41.568          0.86814
42.088          0.77997
42.607          0.81124
43.127          0.97600
43.647          1.2328
44.166          1.2789
44.686          1.0410
45.205          0.83956
45.725          0.77696
46.245          0.83192
46.764          1.0249
47.284          1.2698
47.803          1.2456
48.323          0.99090
48.843          0.81714
49.362          0.77853
49.882          0.85848
50.401          1.0775
50.921          1.2943
51.441          1.2014
51.960          0.94475
52.480          0.80000
52.999          0.78473
