0.0000          0.86141
0.51960         1.0828
1.0392          1.2960
1.5588          1.1966
2.0784          0.94050
2.5980          0.79858
3.1176          0.78559
3.6372          0.89524
4.1568          1.1377
4.6764          1.3046
5.1960          1.1441
5.7156          0.89968
6.2352          0.78668
6.7548          0.79693
7.2744          0.93538
7.7940          1.1907
8.3136          1.2978
8.8332          1.0892
9.3528          0.86506
9.8724          0.77948
10.392          0.81302
10.912          0.98059
11.431          1.2369
11.951          1.2762
12.470          1.0360
12.990          0.83712
13.510          0.77691
14.029          0.83424
14.549          1.0299
15.068          1.2728
15.588          1.2418
16.108          0.98622
16.627          0.81525
17.147          0.77893
17.666          0.86141
18.186          1.0828
18.706          1.2960
19.225          1.1966
19.745          0.94050
20.264          0.79858
20.784          0.78559
21.304          0.89524
21.823          1.1377
22.343          1.3046
22.862          1.1441
23.382          0.89968
23.902          0.78668
24.421          0.79693
24.941          0.93538
25.460          1.1907
25.980          1.2978
26.500          1.0892
27.019          0.86506
27.539          0.77948
28.059          0.81302
28.578          0.98059
29.098          1.2369
29.617          1.2762
30.137          1.0360
30.657          0.83712
31.176          0.77691
31.696          0.83423
32.215          1.0299
32.735          1.2728
33.255          1.2418
33.774          0.98622
34.294          0.81525
34.813          0.77893
35.333          0.86141
35.853          1.0828
36.372          1.2960
36.892          1.1966
37.411          0.94050
37.931          0.79858
38.451          0.78559
38.970          0.89524
39.490          1.1377
40.009          1.3046
40.529          1.1441
41.049          0.89968
41.568          0.78668
42.088          0.79693
42.607          0.93538
43.127          1.1907
43.647          1.2978
44.166          1.0892
44.686          0.86506
45.205          0.77948
45.725          0.81302
46.245          0.98059
46.764          1.2369
47.284          1.2762
47.803          1.0360
48.323          0.83712
48.843          0.77691
49.362          0.83424
49.882          1.0299
50.401          1.2728
50.921          1.2418
51.441          0.98622
51.960          0.81525
52.480          0.77893
52.999          0.86141
