0.0000          0.86396
0.51960         1.0873
1.0392          1.2972
1.5588          1.1924
2.0784          0.93690
2.5980          0.79742
3.1176          0.78635
3.6372          0.89835
4.1568          1.1422
4.6764          1.3046
5.1960          1.1396
5.7156          0.89655
6.2352          0.78591
6.7548          0.79809
7.2744          0.93897
7.7940          1.1948
8.3136          1.2965
8.8332          1.0847
9.3528          0.86249
9.8724          0.77909
10.392          0.81458
10.912          0.98454
11.431          1.2403
11.951          1.2738
12.470          1.0317
12.990          0.83508
13.510          0.77690
14.029          0.83625
14.549          1.0342
15.068          1.2752
15.588          1.2384
16.108          0.98226
16.627          0.81368
17.147          0.77931
17.666          0.86396
18.186          1.0873
18.706          1.2972
19.225          1.1924
19.745          0.93690
20.264          0.79742
20.784          0.78635
21.304          0.89835
21.823          1.1422
22.343          1.3046
22.862          1.1396
23.382          0.89655
23.902          0.78591
24.421          0.79809
24.941          0.93897
25.460          1.1948
25.980          1.2965
26.500          1.0847
27.019          0.86249
27.539          0.77909
28.059          0.81458
28.578          0.98454
29.098          1.2403
29.617          1.2738
30.137          1.0317
30.657          0.83508
31.176          0.77690
31.696          0.83625
32.215          1.0342
32.735          1.2752
33.255          1.2384
33.774          0.98226
34.294          0.81368
34.813          0.77931
35.333          0.86396
35.853          1.0873
36.372          1.2972
36.892          1.1924
37.411          0.93690
37.931          0.79742
38.451          0.78635
38.970          0.89835
39.490          1.1422
40.009          1.3046
40.529          1.1396
41.049          0.89655
41.568          0.78591
42.088          0.79809
42.607          0.93897
43.127          1.1948
43.647          1.2965
44.166          1.0847
44.686          0.86249
45.205          0.77909
45.725          0.81458
46.245          0.98454
46.764          1.2403
47.284          1.2738
47.803          1.0317
48.323          0.83508
48.843          0.77690
49.362          0.83625
49.882          1.0342
50.401          1.2752
50.921          1.2384
51.441          0.98226
51.960          0.81368
52.480          0.77931
52.999          0.86396
