0.0000          1.2903
0.51960         1.0662
1.0392          0.85235
1.5588          0.77782
2.0784          0.82140
2.5980          1.0011
3.1176          1.2536
3.6372          1.2630
4.1568          1.0143
4.6764          0.82712
5.1960          0.77721
5.7156          0.84503
6.2352          1.0520
6.7548          1.2843
7.2744          1.2237
7.7940          0.96621
8.3136          0.80755
8.8332          0.78120
9.3528          0.87500
9.8724          1.1061
10.392          1.3015
10.912          1.1749
11.431          0.92243
11.951          0.79294
12.470          0.78985
12.990          0.91164
13.510          1.1608
14.029          1.3036
14.549          1.1208
15.068          0.88411
15.588          0.78304
16.108          0.80320
16.627          0.95410
17.147          1.2115
17.666          1.2903
18.186          1.0662
18.706          0.85235
19.225          0.77782
19.745          0.82140
20.264          1.0011
20.784          1.2536
21.304          1.2630
21.823          1.0143
22.343          0.82712
22.862          0.77721
23.382          0.84503
23.902          1.0520
24.421          1.2843
24.941          1.2237
25.460          0.96621
25.980          0.80755
26.500          0.78120
27.019          0.87500
27.539          1.1061
28.059          1.3015
28.578          1.1749
29.098          0.92243
29.617          0.79294
30.137          0.78985
30.657          0.91164
31.176          1.1608
31.696          1.3036
32.215          1.1208
32.735          0.88411
33.255          0.78304
33.774          0.80320
34.294          0.95410
34.813          1.2115
35.333          1.2903
35.853          1.0662
36.372          0.85235
36.892          0.77782
37.411          0.82140
37.931          1.0011
38.451          1.2536
38.970          1.2630
39.490          1.0143
40.009          0.82712
40.529          0.77721
41.049          0.84503
41.568          1.0520
42.088          1.2843
42.607          1.2237
43.127          0.96621
43.647          0.80755
44.166          0.78120
44.686          0.87500
45.205          1.1061
45.725          1.3015
46.245          1.1749
46.764          0.92242
47.284          0.79294
47.803          0.78985
48.323          0.91164
48.843          1.1608
49.362          1.3036
49.882          1.1208
50.401          0.88411
50.921          0.78304
51.441          0.80320
51.960          0.95410
52.480          1.2115
52.999          1.2903
