0.0000          0.79555
0.51960         0.78769
1.0392          0.90362
1.5588          1.1497
2.0784          1.3044
2.5980          1.1320
3.1176          0.89145
3.6372          0.78468
4.1568          0.80008
4.6764          0.94500
5.1960          1.2016
5.7156          1.2942
6.2352          1.0772
6.7548          0.85831
7.2744          0.77851
7.7940          0.81725
8.3136          0.99116
8.8332          1.2459
9.3528          1.2697
9.8724          1.0246
10.392          0.83179
10.912          0.77696
11.431          0.83970
11.951          1.0413
12.470          1.2791
12.990          1.2326
13.510          0.97574
14.029          0.81114
14.549          0.78000
15.068          0.86831
15.588          1.0949
16.108          1.2992
16.627          1.1855
17.147          0.93100
17.666          0.79555
18.186          0.78769
18.706          0.90362
19.225          1.1497
19.745          1.3044
20.264          1.1320
20.784          0.89145
21.304          0.78468
21.823          0.80008
22.343          0.94500
22.862          1.2016
23.382          1.2942
23.902          1.0772
24.421          0.85831
24.941          0.77851
25.460          0.81725
25.980          0.99116
26.500          1.2459
27.019          1.2697
27.539          1.0246
28.059          0.83179
28.578          0.77696
29.098          0.83970
29.617          1.0413
30.137          1.2791
30.657          1.2326
31.176          0.97574
31.696          0.81114
32.215          0.78000
32.735          0.86831
33.255          1.0949
33.774          1.2992
34.294          1.1855
34.813          0.93100
35.333          0.79555
35.853          0.78769
36.372          0.90362
36.892          1.1497
37.411          1.3044
37.931          1.1320
38.451          0.89145
38.970          0.78468
39.490          0.80008
40.009          0.94500
40.529          1.2016
41.049          1.2942
41.568          1.0772
42.088          0.85831
42.607          0.77851
43.127          0.81725
43.647          0.99116
44.166          1.2459
44.686          1.2697
45.205          1.0246
45.725          0.83179
46.245          0.77696
46.764          0.83970
47.284          1.0413
47.803          1.2791
48.323          1.2326
48.843          0.97574
49.362          0.81114
49.882          0.78000
50.401          0.86831
50.921          1.0949
51.441          1.2992
51.960          1.1855
52.480          0.93100
52.999          0.79555
