0.0000          1.2809
0.51960         1.0448
1.0392          0.84142
1.5588          0.77702
2.0784          0.83023
2.5980          1.0212
3.1176          1.2675
3.6372          1.2485
4.1568          0.99442
4.6764          0.81859
5.1960          0.77826
5.7156          0.85632
6.2352          1.0736
6.7548          1.2930
7.2744          1.2049
7.7940          0.94797
8.3136          0.80108
8.8332          0.78412
9.3528          0.88901
9.8724          1.1283
10.392          1.3042
10.912          1.1534
11.431          0.90623
11.951          0.78838
12.470          0.79467
12.990          0.92816
13.510          1.1820
14.029          1.3000
14.549          1.0985
15.068          0.87048
15.588          0.78037
16.108          0.80994
16.627          0.97259
17.147          1.2297
17.666          1.2809
18.186          1.0448
18.706          0.84142
19.225          0.77702
19.745          0.83023
20.264          1.0212
20.784          1.2675
21.304          1.2485
21.823          0.99442
22.343          0.81859
22.862          0.77826
23.382          0.85632
23.902          1.0736
24.421          1.2930
24.941          1.2049
25.460          0.94797
25.980          0.80108
26.500          0.78412
27.019          0.88901
27.539          1.1283
28.059          1.3042
28.578          1.1534
29.098          0.90623
29.617          0.78838
30.137          0.79467
30.657          0.92816
31.176          1.1820
31.696          1.3000
32.215          1.0985
32.735          0.87048
33.255          0.78037
33.774          0.80994
34.294          0.97259
34.813          1.2297
35.333          1.2809
35.853          1.0448
36.372          0.84142
36.892          0.77702
37.411          0.83023
37.931          1.0212
38.451          1.2675
38.970          1.2485
39.490          0.99442
40.009          0.81859
40.529          0.77826
41.049          0.85632
41.568          1.0736
42.088          1.2930
42.607          1.2049
43.127          0.94797
43.647          0.80108
44.166          0.78412
44.686          0.88901
45.205          1.1283
45.725          1.3042
46.245          1.1534
46.764          0.90623
47.284          0.78838
47.803          0.79467
48.323          0.92816
48.843          1.1820
49.362          1.3000
49.882          1.0985
50.401          0.87048
50.921          0.78037
51.441          0.80994
51.960          0.97259
52.480          1.2297
52.999          1.2809
