0.0000          1.2950
0.51960         1.1993
1.0392          0.94294
1.5588          0.79939
2.0784          0.78509
2.5980          0.89317
3.1176          1.1346
3.6372          1.3045
4.1568          1.1472
4.6764          0.90182
5.1960          0.78723
5.7156          0.79617
6.2352          0.93299
6.7548          1.1878
7.2744          1.2985
7.7940          1.0923
8.3136          0.86682
8.8332          0.77976
9.3528          0.81199
9.8724          0.97794
10.392          1.2346
10.912          1.2778
11.431          1.0389
11.951          0.83852
12.470          0.77693
12.990          0.83290
13.510          1.0270
14.029          1.2711
14.549          1.2440
15.068          0.98891
15.588          0.81633
16.108          0.77870
16.627          0.85971
17.147          1.0797
17.666          1.2950
18.186          1.1993
18.706          0.94294
19.225          0.79939
19.745          0.78509
20.264          0.89317
20.784          1.1346
21.304          1.3045
21.823          1.1472
22.343          0.90182
22.862          0.78723
23.382          0.79617
23.902          0.93299
24.421          1.1878
24.941          1.2985
25.460          1.0923
25.980          0.86682
26.500          0.77976
27.019          0.81199
27.539          0.97795
28.059          1.2346
28.578          1.2778
29.098          1.0389
29.617          0.83852
30.137          0.77693
30.657          0.83290
31.176          1.0270
31.696          1.2711
32.215          1.2440
32.735          0.98891
33.255          0.81633
33.774          0.77870
34.294          0.85971
34.813          1.0797
35.333          1.2950
35.853          1.1993
36.372          0.94294
36.892          0.79939
37.411          0.78509
37.931          0.89317
38.451          1.1346
38.970          1.3045
39.490          1.1472
40.009          0.90182
40.529          0.78723
41.049          0.79617
41.568          0.93299
42.088          1.1878
42.607          1.2985
43.127          1.0923
43.647          0.86682
44.166          0.77976
44.686          0.81199
45.205          0.97795
45.725          1.2346
46.245          1.2778
46.764          1.0389
47.284          0.83852
47.803          0.77693
48.323          0.83290
48.843          1.0270
49.362          1.2711
49.882          1.2440
50.401          0.98891
50.921          0.81633
51.441          0.77870
51.960          0.85971
52.480          1.0797
52.999          1.2950
