0.0000          1.1450
0.51960         0.90025
1.0392          0.78683
1.5588          0.79673
2.0784          0.93474
2.5980          1.1899
3.1176          1.2980
3.6372          1.0900
4.1568          0.86553
4.6764          0.77955
5.1960          0.81275
5.7156          0.97988
6.2352          1.2363
6.7548          1.2767
7.2744          1.0367
7.7940          0.83749
8.3136          0.77692
8.8332          0.83388
9.3528          1.0291
9.8724          1.2724
10.392          1.2424
10.912          0.98694
11.431          0.81554
11.951          0.77887
12.470          0.86095
12.990          1.0820
13.510          1.2957
14.029          1.1973
14.549          0.94115
15.068          0.79880
15.588          0.78545
16.108          0.89469
16.627          1.1369
17.147          1.3046
17.666          1.1450
18.186          0.90025
18.706          0.78683
19.225          0.79673
19.745          0.93474
20.264          1.1899
20.784          1.2980
21.304          1.0900
21.823          0.86553
22.343          0.77955
22.862          0.81275
23.382          0.97988
23.902          1.2363
24.421          1.2767
24.941          1.0367
25.460          0.83749
25.980          0.77692
26.500          0.83388
27.019          1.0291
27.539          1.2724
28.059          1.2424
28.578          0.98694
29.098          0.81554
29.617          0.77887
30.137          0.86095
30.657          1.0820
31.176          1.2957
31.696          1.1973
32.215          0.94115
32.735          0.79880
33.255          0.78545
33.774          0.89469
34.294          1.1369
34.813          1.3046
35.333          1.1450
35.853          0.90025
36.372          0.78683
36.892          0.79673
37.411          0.93474
37.931          1.1899
38.451          1.2980
38.970          1.0900
39.490          0.86553
40.009          0.77955
40.529          0.81275
41.049          0.97988
41.568          1.2363
42.088          1.2767
42.607          1.0367
43.127          0.83749
43.647          0.77692
44.166          0.83388
44.686          1.0291
45.205          1.2724
45.725          1.2424
46.245          0.98694
46.764          0.81554
47.284          0.77887
47.803          0.86095
48.323          1.0820
48.843          1.2957
49.362          1.1973
49.882          0.94115
50.401          0.79880
50.921          0.78545
51.441          0.89469
51.960          1.1369
52.480          1.3046
52.999          1.1450
