0.0000          0.78113
0.51960         0.80773
1.0392          0.96670
1.5588          1.2241
2.0784          1.2841
2.5980          1.0515
3.1176          0.84475
3.6372          0.77719
4.1568          0.82735
4.6764          1.0148
5.1960          1.2634
5.7156          1.2532
6.2352          1.0006
6.7548          0.82117
7.2744          0.77785
7.7940          0.85266
8.3136          1.0667
8.8332          1.2905
9.3528          1.2110
9.8724          0.95362
10.392          0.80303
10.912          0.78312
11.431          0.88449
11.951          1.1213
12.470          1.3036
12.990          1.1602
13.510          0.91122
14.029          0.78973
14.549          0.79307
15.068          0.92287
15.588          1.1754
16.108          1.3014
16.627          1.1055
17.147          0.87465
17.666          0.78113
18.186          0.80773
18.706          0.96670
19.225          1.2241
19.745          1.2841
20.264          1.0515
20.784          0.84475
21.304          0.77719
21.823          0.82735
22.343          1.0148
22.862          1.2634
23.382          1.2532
23.902          1.0006
24.421          0.82117
24.941          0.77785
25.460          0.85266
25.980          1.0667
26.500          1.2905
27.019          1.2110
27.539          0.95362
28.059          0.80303
28.578          0.78312
29.098          0.88449
29.617          1.1213
30.137          1.3036
30.657          1.1602
31.176          0.91122
31.696          0.78973
32.215          0.79307
32.735          0.92287
33.255          1.1754
33.774          1.3014
34.294          1.1055
34.813          0.87465
35.333          0.78113
35.853          0.80773
36.372          0.96670
36.892          1.2241
37.411          1.2841
37.931          1.0515
38.451          0.84475
38.970          0.77719
39.490          0.82735
40.009          1.0148
40.529          1.2634
41.049          1.2532
41.568          1.0006
42.088          0.82117
42.607          0.77785
43.127          0.85266
43.647          1.0667
44.166          1.2905
44.686          1.2110
45.205          0.95363
45.725          0.80303
46.245          0.78312
46.764          0.88449
47.284          1.1213
47.803          1.3036
48.323          1.1602
48.843          0.91122
49.362          0.78973
49.882          0.79307
50.401          0.92287
50.921          1.1754
51.441          1.3014
51.960          1.1055
52.480          0.87465
52.999          0.78113
