0.0000          1.3181
0.51960         1.1312
1.0392          0.89680
1.5588          0.79037
2.0784          0.78707
2.5980          0.88452
3.1176          1.1115
3.6372          1.3142
4.1568          1.2062
4.6764          0.95244
5.1960          0.80836
5.7156          0.77870
6.2352          0.84368
6.7548          1.0361
7.2744          1.2808
7.7940          1.2685
8.3136          1.0185
8.8332          0.83540
9.3528          0.77778
9.8724          0.81411
10.392          0.96781
10.912          1.2231
11.431          1.3086
11.951          1.0925
12.470          0.87335
12.990          0.78432
13.510          0.79405
14.029          0.90944
14.549          1.1502
15.068          1.3200
15.588          1.1695
16.108          0.92321
16.627          0.79834
17.147          0.78196
17.666          0.86261
18.186          1.0732
18.706          1.3009
19.225          1.2396
19.745          0.98427
20.264          0.82063
20.784          0.77730
21.304          0.82758
21.823          1.0008
22.343          1.2545
22.862          1.2918
23.382          1.0547
23.902          0.85292
24.421          0.78012
24.941          0.80301
25.460          0.93727
25.980          1.1879
26.500          1.3181
27.019          1.1312
27.539          0.89680
28.059          0.79037
28.578          0.78707
29.098          0.88452
29.617          1.1115
30.137          1.3142
30.657          1.2062
31.176          0.95244
31.696          0.80836
32.215          0.77870
32.735          0.84368
33.255          1.0361
33.774          1.2808
34.294          1.2685
34.813          1.0185
35.333          0.83540
35.853          0.77778
36.372          0.81411
36.892          0.96781
37.411          1.2231
37.931          1.3086
38.451          1.0925
38.970          0.87335
39.490          0.78432
40.009          0.79405
40.529          0.90944
41.049          1.1502
41.568          1.3200
42.088          1.1695
42.607          0.92321
43.127          0.79834
43.647          0.78196
44.166          0.86261
44.686          1.0732
45.205          1.3009
45.725          1.2396
46.245          0.98427
46.764          0.82063
47.284          0.77730
47.803          0.82758
48.323          1.0008
48.843          1.2545
49.362          1.2918
49.882          1.0547
50.401          0.85292
50.921          0.78012
51.441          0.80301
51.960          0.93727
52.480          1.1879
52.999          1.3181
