0.0000          1.2033
0.51960         1.2936
1.0392          1.0753
1.5588          0.85728
2.0784          0.77838
2.5980          0.81794
3.1176          0.99284
3.6372          1.2472
4.1568          1.2686
4.6764          1.0229
5.1960          0.83098
5.7156          0.77699
6.2352          0.84059
6.7548          1.0431
7.2744          1.2800
7.7940          1.2311
8.3136          0.97411
8.8332          0.81052
9.3528          0.78019
9.8724          0.86943
10.392          1.0968
10.912          1.2996
11.431          1.1837
11.951          0.92953
12.470          0.79509
12.990          0.78804
13.510          0.90496
14.029          1.1516
14.549          1.3043
15.068          1.1301
15.588          0.89019
16.108          0.78439
16.627          0.80059
17.147          0.94653
17.666          1.2033
18.186          1.2936
18.706          1.0753
19.225          0.85728
19.745          0.77838
20.264          0.81794
20.784          0.99284
21.304          1.2472
21.823          1.2686
22.343          1.0229
22.862          0.83098
23.382          0.77699
23.902          0.84059
24.421          1.0431
24.941          1.2800
25.460          1.2311
25.980          0.97411
26.500          0.81052
27.019          0.78019
27.539          0.86943
28.059          1.0968
28.578          1.2996
29.098          1.1837
29.617          0.92953
30.137          0.79509
30.657          0.78804
31.176          0.90496
31.696          1.1516
32.215          1.3043
32.735          1.1301
33.255          0.89019
33.774          0.78439
34.294          0.80059
34.813          0.94653
35.333          1.2033
35.853          1.2936
36.372          1.0753
36.892          0.85728
37.411          0.77838
37.931          0.81794
38.451          0.99284
38.970          1.2472
39.490          1.2686
40.009          1.0229
40.529          0.83098
41.049          0.77699
41.568          0.84059
42.088          1.0431
42.607          1.2800
43.127          1.2311
43.647          0.97411
44.166          0.81052
44.686          0.78019
45.205          0.86943
45.725          1.0968
46.245          1.2996
46.764          1.1837
47.284          0.92953
47.803          0.79509
48.323          0.78804
48.843          0.90496
49.362          1.1516
49.882          1.3043
50.401          1.1301
50.921          0.89019
51.441          0.78439
51.960          0.80059
52.480          0.94653
52.999          1.2033
