0.0000          0.78695
0.51960         0.79655
1.0392          0.93418
1.5588          1.1893
2.0784          1.2982
2.5980          1.0908
3.1176          0.86594
3.6372          0.77961
4.1568          0.81250
4.6764          0.97926
5.1960          1.2358
5.7156          1.2770
6.2352          1.0374
6.7548          0.83782
7.2744          0.77692
7.7940          0.83356
8.3136          1.0285
8.8332          1.2720
9.3528          1.2429
9.8724          0.98757
10.392          0.81579
10.912          0.77881
11.431          0.86056
11.951          1.0813
12.470          1.2955
12.990          1.1980
13.510          0.94172
14.029          0.79899
14.549          0.78533
15.068          0.89420
15.588          1.1361
16.108          1.3045
16.627          1.1457
17.147          0.90075
17.666          0.78695
18.186          0.79655
18.706          0.93418
19.225          1.1893
19.745          1.2982
20.264          1.0908
20.784          0.86594
21.304          0.77961
21.823          0.81250
22.343          0.97926
22.862          1.2358
23.382          1.2770
23.902          1.0374
24.421          0.83782
24.941          0.77692
25.460          0.83356
25.980          1.0285
26.500          1.2720
27.019          1.2429
27.539          0.98757
28.059          0.81579
28.578          0.77881
29.098          0.86056
29.617          1.0813
30.137          1.2955
30.657          1.1980
31.176          0.94172
31.696          0.79899
32.215          0.78533
32.735          0.89420
33.255          1.1361
33.774          1.3045
34.294          1.1457
34.813          0.90075
35.333          0.78695
35.853          0.79655
36.372          0.93418
36.892          1.1893
37.411          1.2982
37.931          1.0908
38.451          0.86594
38.970          0.77961
39.490          0.81250
40.009          0.97926
40.529          1.2358
41.049          1.2770
41.568          1.0374
42.088          0.83782
42.607          0.77692
43.127          0.83356
43.647          1.0285
44.166          1.2720
44.686          1.2429
45.205          0.98757
45.725          0.81579
46.245          0.77881
46.764          0.86056
47.284          1.0813
47.803          1.2955
48.323          1.1980
48.843          0.94172
49.362          0.79899
49.882          0.78533
50.401          0.89420
50.921          1.1361
51.441          1.3045
51.960          1.1457
52.480          0.90075
52.999          0.78695
