0.0000          0.77922
0.51960         0.86339
1.0392          1.0863
1.5588          1.2970
2.0784          1.1934
2.5980          0.93770
3.1176          0.79767
3.6372          0.78618
4.1568          0.89765
4.6764          1.1412
5.1960          1.3046
5.7156          1.1406
6.2352          0.89725
6.7548          0.78608
7.2744          0.79782
7.7940          0.93816
8.3136          1.1939
8.8332          1.2968
9.3528          1.0857
9.8724          0.86306
10.392          0.77917
10.912          0.81423
11.431          0.98366
11.951          1.2396
12.470          1.2744
12.990          1.0326
13.510          0.83554
14.029          0.77690
14.549          0.83580
15.068          1.0332
15.588          1.2747
16.108          1.2392
16.627          0.98314
17.147          0.81403
17.666          0.77922
18.186          0.86339
18.706          1.0863
19.225          1.2970
19.745          1.1934
20.264          0.93770
20.784          0.79767
21.304          0.78618
21.823          0.89765
22.343          1.1412
22.862          1.3046
23.382          1.1406
23.902          0.89725
24.421          0.78608
24.941          0.79782
25.460          0.93816
25.980          1.1939
26.500          1.2968
27.019          1.0857
27.539          0.86306
28.059          0.77917
28.578          0.81423
29.098          0.98366
29.617          1.2396
30.137          1.2744
30.657          1.0326
31.176          0.83554
31.696          0.77690
32.215          0.83580
32.735          1.0332
33.255          1.2747
33.774          1.2392
34.294          0.98314
34.813          0.81403
35.333          0.77922
35.853          0.86339
36.372          1.0863
36.892          1.2970
37.411          1.1934
37.931          0.93770
38.451          0.79767
38.970          0.78618
39.490          0.89765
40.009          1.1412
40.529          1.3046
41.049          1.1406
41.568          0.89725
42.088          0.78608
42.607          0.79782
43.127          0.93816
43.647          1.1939
44.166          1.2968
44.686          1.0857
45.205          0.86306
45.725          0.77917
46.245          0.81423
46.764          0.98366
47.284          1.2396
47.803          1.2744
48.323          1.0326
48.843          0.83554
49.362          0.77690
49.882          0.83580
50.401          1.0332
50.921          1.2747
51.441          1.2392
51.960          0.98314
52.480          0.81403
52.999          0.77922
