0.0000          1.0186
0.51960         1.2658
1.0392          1.2505
1.5588          0.99699
2.0784          0.81966
2.5980          0.77808
3.1176          0.85478
3.6372          1.0707
4.1568          1.2920
4.6764          1.2075
5.1960          0.95032
5.7156          0.80189
6.2352          0.78369
6.7548          0.88711
7.2744          1.1254
7.7940          1.3040
8.3136          1.1562
8.8332          0.90830
9.3528          0.78893
9.8724          0.79399
10.392          0.92594
10.912          1.1793
11.431          1.3006
11.951          1.1015
12.470          0.87221
12.990          0.78068
13.510          0.80901
14.029          0.97012
14.549          1.2274
15.068          1.2822
15.588          1.0476
16.108          0.84280
16.627          0.77708
17.147          0.82902
17.666          1.0186
18.186          1.2658
18.706          1.2505
19.225          0.99699
19.745          0.81966
20.264          0.77808
20.784          0.85478
21.304          1.0707
21.823          1.2920
22.343          1.2075
22.862          0.95032
23.382          0.80189
23.902          0.78369
24.421          0.88711
24.941          1.1254
25.460          1.3040
25.980          1.1562
26.500          0.90830
27.019          0.78893
27.539          0.79399
28.059          0.92594
28.578          1.1793
29.098          1.3006
29.617          1.1015
30.137          0.87221
30.657          0.78068
31.176          0.80901
31.696          0.97012
32.215          1.2274
32.735          1.2822
33.255          1.0476
33.774          0.84280
34.294          0.77708
34.813          0.82902
35.333          1.0186
35.853          1.2658
36.372          1.2505
36.892          0.99699
37.411          0.81966
37.931          0.77808
38.451          0.85478
38.970          1.0707
39.490          1.2920
40.009          1.2075
40.529          0.95032
41.049          0.80189
41.568          0.78369
42.088          0.88711
42.607          1.1254
43.127          1.3040
43.647          1.1562
44.166          0.90830
44.686          0.78893
45.205          0.79399
45.725          0.92594
46.245          1.1793
46.764          1.3006
47.284          1.1015
47.803          0.87221
48.323          0.78068
48.843          0.80901
49.362          0.97012
49.882          1.2274
50.401          1.2822
50.921          1.0476
51.441          0.84280
51.960          0.77708
52.480          0.82902
52.999          1.0186
