0.0000          1.1524
0.51960         1.3043
1.0392          1.1293
1.5588          0.88964
2.0784          0.78427
2.5980          0.80082
3.1176          0.94720
3.6372          1.2041
4.1568          1.2933
4.6764          1.0745
5.1960          0.85683
5.7156          0.77833
6.2352          0.81824
6.7548          0.99358
7.2744          1.2478
7.7940          1.2681
8.3136          1.0221
8.8332          0.83063
9.3528          0.77701
9.8724          0.84097
10.392          1.0439
10.912          1.2804
11.431          1.2305
11.951          0.97340
12.470          0.81025
12.990          0.78028
13.510          0.86992
14.029          1.0976
14.549          1.2998
15.068          1.1829
15.588          0.92889
16.108          0.79489
16.627          0.78820
17.147          0.90555
17.666          1.1524
18.186          1.3043
18.706          1.1293
19.225          0.88964
19.745          0.78427
20.264          0.80082
20.784          0.94720
21.304          1.2041
21.823          1.2933
22.343          1.0745
22.862          0.85683
23.382          0.77833
23.902          0.81824
24.421          0.99358
24.941          1.2478
25.460          1.2681
25.980          1.0221
26.500          0.83063
27.019          0.77701
27.539          0.84097
28.059          1.0439
28.578          1.2804
29.098          1.2305
29.617          0.97340
30.137          0.81025
30.657          0.78027
31.176          0.86992
31.696          1.0976
32.215          1.2998
32.735          1.1829
33.255          0.92889
33.774          0.79489
34.294          0.78820
34.813          0.90555
35.333          1.1524
35.853          1.3043
36.372          1.1293
36.892          0.88964
37.411          0.78427
37.931          0.80082
38.451          0.94720
38.970          1.2041
39.490          1.2933
40.009          1.0745
40.529          0.85683
41.049          0.77833
41.568          0.81824
42.088          0.99358
42.607          1.2478
43.127          1.2681
43.647          1.0221
44.166          0.83063
44.686          0.77701
45.205          0.84097
45.725          1.0439
46.245          1.2804
46.764          1.2305
47.284          0.97340
47.803          0.81025
48.323          0.78028
48.843          0.86992
49.362          1.0976
49.882          1.2998
50.401          1.1829
50.921          0.92889
51.441          0.79489
51.960          0.78820
52.480          0.90555
52.999          1.1524
