0.0000          0.84485
0.51960         0.77720
1.0392          0.82727
1.5588          1.0147
2.0784          1.2633
2.5980          1.2534
3.1176          1.0008
3.6372          0.82125
4.1568          0.77784
4.6764          0.85255
5.1960          1.0665
5.7156          1.2904
6.2352          1.2111
6.7548          0.95379
7.2744          0.80309
7.7940          0.78309
8.3136          0.88436
8.8332          1.1211
9.3528          1.3036
9.8724          1.1604
10.392          0.91137
10.912          0.78977
11.431          0.79302
11.951          0.92271
12.470          1.1752
12.990          1.3014
13.510          1.1057
14.029          0.87477
14.549          0.78115
15.068          0.80767
15.588          0.96653
16.108          1.2240
16.627          1.2842
17.147          1.0517
17.666          0.84485
18.186          0.77720
18.706          0.82727
19.225          1.0147
19.745          1.2633
20.264          1.2534
20.784          1.0008
21.304          0.82125
21.823          0.77784
22.343          0.85255
22.862          1.0665
23.382          1.2904
23.902          1.2111
24.421          0.95379
24.941          0.80309
25.460          0.78309
25.980          0.88436
26.500          1.1211
27.019          1.3036
27.539          1.1604
28.059          0.91137
28.578          0.78977
29.098          0.79302
29.617          0.92271
30.137          1.1752
30.657          1.3014
31.176          1.1057
31.696          0.87477
32.215          0.78115
32.735          0.80767
33.255          0.96653
33.774          1.2240
34.294          1.2842
34.813          1.0517
35.333          0.84485
35.853          0.77720
36.372          0.82727
36.892          1.0147
37.411          1.2633
37.931          1.2534
38.451          1.0008
38.970          0.82125
39.490          0.77784
40.009          0.85255
40.529          1.0665
41.049          1.2904
41.568          1.2111
42.088          0.95379
42.607          0.80309
43.127          0.78309
43.647          0.88436
44.166          1.1211
44.686          1.3036
45.205          1.1604
45.725          0.91137
46.245          0.78977
46.764          0.79302
47.284          0.92271
47.803          1.1752
48.323          1.3014
48.843          1.1057
49.362          0.87477
49.882          0.78115
50.401          0.80767
50.921          0.96653
51.441          1.2240
51.960          1.2842
52.480          1.0517
52.999          0.84485
