0.0000          0.87836
0.51960         1.1116
1.0392          1.3024
1.5588          1.1696
2.0784          0.91834
2.5980          0.79174
3.1176          0.79096
3.6372          0.91563
4.1568          1.1661
4.6764          1.3029
5.1960          1.1153
5.7156          0.88065
6.2352          0.78231
6.7548          0.80479
7.2744          0.95860
7.7940          1.2161
8.3136          1.2882
8.8332          1.0609
9.3528          0.84956
9.8724          0.77755
10.392          0.82349
10.912          1.0060
11.431          1.2573
11.951          1.2596
12.470          1.0093
12.990          0.82493
13.510          0.77740
14.029          0.84772
14.549          1.0573
15.068          1.2867
15.588          1.2192
16.108          0.96164
16.627          0.80588
17.147          0.78185
17.666          0.87836
18.186          1.1116
18.706          1.3024
19.225          1.1696
19.745          0.91834
20.264          0.79174
20.784          0.79096
21.304          0.91563
21.823          1.1661
22.343          1.3029
22.862          1.1153
23.382          0.88065
23.902          0.78231
24.421          0.80479
24.941          0.95860
25.460          1.2161
25.980          1.2882
26.500          1.0609
27.019          0.84956
27.539          0.77755
28.059          0.82349
28.578          1.0060
29.098          1.2573
29.617          1.2596
30.137          1.0093
30.657          0.82493
31.176          0.77740
31.696          0.84772
32.215          1.0573
32.735          1.2867
33.255          1.2192
33.774          0.96164
34.294          0.80588
34.813          0.78185
35.333          0.87836
35.853          1.1116
36.372          1.3024
36.892          1.1696
37.411          0.91834
37.931          0.79174
38.451          0.79096
38.970          0.91563
39.490          1.1661
40.009          1.3029
40.529          1.1153
41.049          0.88065
41.568          0.78231
42.088          0.80479
42.607          0.95860
43.127          1.2161
43.647          1.2882
44.166          1.0609
44.686          0.84956
45.205          0.77755
45.725          0.82349
46.245          1.0060
46.764          1.2573
47.284          1.2596
47.803          1.0093
48.323          0.82493
48.843          0.77740
49.362          0.84772
49.882          1.0573
50.401          1.2867
50.921          1.2192
51.441          0.96164
51.960          0.80588
52.480          0.78185
52.999          0.87836
