0.0000          0.84729
0.51960         0.77737
1.0392          0.82527
1.5588          1.0101
2.0784          1.2602
2.5980          1.2567
3.1176          1.0053
3.6372          0.82316
4.1568          0.77759
4.6764          0.84999
5.1960          1.0617
5.7156          1.2885
6.2352          1.2154
6.7548          0.95789
7.2744          0.80454
7.7940          0.78242
8.3136          0.88119
8.8332          1.1161
9.3528          1.3030
9.8724          1.1653
10.392          0.91500
10.912          0.79079
11.431          0.79192
11.951          0.91898
12.470          1.1704
12.990          1.3023
13.510          1.1107
14.029          0.87783
14.549          0.78174
15.068          0.80614
15.588          0.96235
16.108          1.2199
16.627          1.2863
17.147          1.0565
17.666          0.84729
18.186          0.77737
18.706          0.82527
19.225          1.0101
19.745          1.2602
20.264          1.2567
20.784          1.0053
21.304          0.82316
21.823          0.77759
22.343          0.84999
22.862          1.0617
23.382          1.2885
23.902          1.2154
24.421          0.95789
24.941          0.80454
25.460          0.78242
25.980          0.88119
26.500          1.1161
27.019          1.3030
27.539          1.1653
28.059          0.91500
28.578          0.79079
29.098          0.79192
29.617          0.91898
30.137          1.1705
30.657          1.3023
31.176          1.1107
31.696          0.87783
32.215          0.78174
32.735          0.80614
33.255          0.96235
33.774          1.2199
34.294          1.2863
34.813          1.0565
35.333          0.84729
35.853          0.77737
36.372          0.82527
36.892          1.0101
37.411          1.2602
37.931          1.2567
38.451          1.0053
38.970          0.82316
39.490          0.77759
40.009          0.84999
40.529          1.0617
41.049          1.2885
41.568          1.2154
42.088          0.95789
42.607          0.80454
43.127          0.78242
43.647          0.88119
44.166          1.1161
44.686          1.3030
45.205          1.1653
45.725          0.91500
46.245          0.79079
46.764          0.79192
47.284          0.91898
47.803          1.1705
48.323          1.3023
48.843          1.1107
49.362          0.87783
49.882          0.78174
50.401          0.80614
50.921          0.96235
51.441          1.2199
51.960          1.2863
52.480          1.0565
52.999          0.84729
