0.0000          1.1559
0.51960         1.3040
1.0392          1.1258
1.5588          0.88737
2.0784          0.78375
2.5980          0.80178
3.1176          0.95000
3.6372          1.2071
4.1568          1.2921
4.6764          1.0711
5.1960          0.85499
5.7156          0.77811
6.2352          0.81951
6.7548          0.99665
7.2744          1.2502
7.7940          1.2661
8.3136          1.0189
8.8332          0.82918
9.3528          0.77708
9.8724          0.84261
10.392          1.0472
10.912          1.2821
11.431          1.2277
11.951          0.97045
12.470          0.80913
12.990          0.78064
13.510          0.87197
14.029          1.1011
14.549          1.3005
15.068          1.1796
15.588          0.92623
16.108          0.79408
16.627          0.78886
17.147          0.90802
17.666          1.1559
18.186          1.3040
18.706          1.1258
19.225          0.88737
19.745          0.78375
20.264          0.80178
20.784          0.95000
21.304          1.2071
21.823          1.2921
22.343          1.0711
22.862          0.85499
23.382          0.77811
23.902          0.81951
24.421          0.99665
24.941          1.2502
25.460          1.2661
25.980          1.0189
26.500          0.82918
27.019          0.77708
27.539          0.84261
28.059          1.0472
28.578          1.2821
29.098          1.2277
29.617          0.97045
30.137          0.80913
30.657          0.78064
31.176          0.87197
31.696          1.1011
32.215          1.3005
32.735          1.1796
33.255          0.92623
33.774          0.79408
34.294          0.78886
34.813          0.90802
35.333          1.1559
35.853          1.3040
36.372          1.1258
36.892          0.88737
37.411          0.78375
37.931          0.80178
38.451          0.95000
38.970          1.2071
39.490          1.2921
40.009          1.0711
40.529          0.85499
41.049          0.77811
41.568          0.81951
42.088          0.99665
42.607          1.2502
43.127          1.2661
43.647          1.0189
44.166          0.82918
44.686          0.77708
45.205          0.84261
45.725          1.0472
46.245          1.2821
46.764          1.2277
47.284          0.97045
47.803          0.80913
48.323          0.78064
48.843          0.87197
49.362          1.1011
49.882          1.3005
50.401          1.1796
50.921          0.92623
51.441          0.79408
51.960          0.78886
52.480          0.90802
52.999          1.1559
