0.0000          0.97332
0.51960         1.2304
1.0392          1.2805
1.5588          1.0440
2.0784          0.84102
2.5980          0.77701
3.1176          0.83059
3.6372          1.0220
4.1568          1.2680
4.6764          1.2479
5.1960          0.99366
5.7156          0.81827
6.2352          0.77832
6.7548          0.85678
7.2744          1.0744
7.7940          1.2933
8.3136          1.2041
8.8332          0.94727
9.3528          0.80084
9.8724          0.78425
10.392          0.88958
10.912          1.1292
11.431          1.3042
11.951          1.1525
12.470          0.90561
12.990          0.78821
13.510          0.79487
14.029          0.92882
14.549          1.1828
15.068          1.2998
15.588          1.0977
16.108          0.86997
16.627          0.78028
17.147          0.81022
17.666          0.97332
18.186          1.2304
18.706          1.2805
19.225          1.0440
19.745          0.84102
20.264          0.77701
20.784          0.83059
21.304          1.0220
21.823          1.2680
22.343          1.2479
22.862          0.99366
23.382          0.81827
23.902          0.77832
24.421          0.85678
24.941          1.0744
25.460          1.2933
25.980          1.2041
26.500          0.94727
27.019          0.80084
27.539          0.78425
28.059          0.88958
28.578          1.1292
29.098          1.3042
29.617          1.1525
30.137          0.90561
30.657          0.78821
31.176          0.79487
31.696          0.92882
32.215          1.1828
32.735          1.2998
33.255          1.0977
33.774          0.86997
34.294          0.78028
34.813          0.81022
35.333          0.97332
35.853          1.2304
36.372          1.2805
36.892          1.0440
37.411          0.84102
37.931          0.77701
38.451          0.83059
38.970          1.0220
39.490          1.2680
40.009          1.2479
40.529          0.99366
41.049          0.81827
41.568          0.77832
42.088          0.85678
42.607          1.0744
43.127          1.2933
43.647          1.2041
44.166          0.94727
44.686          0.80084
45.205          0.78425
45.725          0.88958
46.245          1.1292
46.764          1.3042
47.284          1.1525
47.803          0.90561
48.323          0.78821
48.843          0.79487
49.362          0.92882
49.882          1.1828
50.401          1.2998
50.921          1.0977
51.441          0.86997
51.960          0.78028
52.480          0.81022
52.999          0.97332
