0.0000          1.0830
0.51960         0.86155
1.0392          0.77895
1.5588          0.81517
2.0784          0.98600
2.5980          1.2416
3.1176          1.2729
3.6372          1.0301
4.1568          0.83435
4.6764          0.77691
5.1960          0.83701
5.7156          1.0357
6.2352          1.2761
6.7548          1.2371
7.2744          0.98081
7.7940          0.81311
8.3136          0.77945
8.8332          0.86492
9.3528          1.0890
9.8724          1.2977
10.392          1.1909
10.912          0.93558
11.431          0.79699
11.951          0.78664
12.470          0.89951
12.990          1.1439
13.510          1.3046
14.029          1.1379
14.549          0.89541
15.068          0.78563
15.588          0.79852
16.108          0.94030
16.627          1.1964
17.147          1.2960
17.666          1.0830
18.186          0.86155
18.706          0.77895
19.225          0.81517
19.745          0.98600
20.264          1.2416
20.784          1.2729
21.304          1.0301
21.823          0.83435
22.343          0.77691
22.862          0.83701
23.382          1.0357
23.902          1.2761
24.421          1.2371
24.941          0.98081
25.460          0.81311
25.980          0.77945
26.500          0.86492
27.019          1.0890
27.539          1.2977
28.059          1.1909
28.578          0.93558
29.098          0.79699
29.617          0.78664
30.137          0.89951
30.657          1.1439
31.176          1.3046
31.696          1.1379
32.215          0.89541
32.735          0.78563
33.255          0.79852
33.774          0.94030
34.294          1.1964
34.813          1.2960
35.333          1.0830
35.853          0.86155
36.372          0.77895
36.892          0.81517
37.411          0.98600
37.931          1.2416
38.451          1.2729
38.970          1.0301
39.490          0.83435
40.009          0.77691
40.529          0.83701
41.049          1.0357
41.568          1.2761
42.088          1.2371
42.607          0.98081
43.127          0.81311
43.647          0.77945
44.166          0.86492
44.686          1.0890
45.205          1.2977
45.725          1.1909
46.245          0.93558
46.764          0.79699
47.284          0.78664
47.803          0.89951
48.323          1.1439
48.843          1.3046
49.362          1.1379
49.882          0.89541
50.401          0.78563
50.921          0.79852
51.441          0.94030
51.960          1.1964
52.480          1.2960
52.999          1.0830
