0.0000          1.2753
0.51960         1.2383
1.0392          0.98217
1.5588          0.81364
2.0784          0.77932
2.5980          0.86402
3.1176          1.0874
3.6372          1.2973
4.1568          1.1923
4.6764          0.93682
5.1960          0.79739
5.7156          0.78637
6.2352          0.89842
6.7548          1.1423
7.2744          1.3046
7.7940          1.1395
8.3136          0.89648
8.8332          0.78589
9.3528          0.79811
9.8724          0.93905
10.392          1.1949
10.912          1.2965
11.431          1.0846
11.951          0.86243
12.470          0.77908
12.990          0.81462
13.510          0.98463
14.029          1.2404
14.549          1.2738
15.068          1.0316
15.588          0.83504
16.108          0.77690
16.627          0.83630
17.147          1.0343
17.666          1.2753
18.186          1.2383
18.706          0.98217
19.225          0.81364
19.745          0.77932
20.264          0.86402
20.784          1.0874
21.304          1.2973
21.823          1.1923
22.343          0.93682
22.862          0.79739
23.382          0.78637
23.902          0.89842
24.421          1.1423
24.941          1.3046
25.460          1.1395
25.980          0.89648
26.500          0.78589
27.019          0.79811
27.539          0.93905
28.059          1.1949
28.578          1.2965
29.098          1.0846
29.617          0.86243
30.137          0.77908
30.657          0.81462
31.176          0.98463
31.696          1.2404
32.215          1.2738
32.735          1.0316
33.255          0.83504
33.774          0.77690
34.294          0.83630
34.813          1.0343
35.333          1.2753
35.853          1.2383
36.372          0.98217
36.892          0.81364
37.411          0.77932
37.931          0.86402
38.451          1.0874
38.970          1.2973
39.490          1.1923
40.009          0.93682
40.529          0.79739
41.049          0.78637
41.568          0.89842
42.088          1.1423
42.607          1.3046
43.127          1.1395
43.647          0.89648
44.166          0.78589
44.686          0.79811
45.205          0.93905
45.725          1.1949
46.245          1.2965
46.764          1.0846
47.284          0.86243
47.803          0.77908
48.323          0.81462
48.843          0.98463
49.362          1.2404
49.882          1.2738
50.401          1.0316
50.921          0.83504
51.441          0.77690
51.960          0.83630
52.480          1.0343
52.999          1.2753
