0.0000          1.2445
0.51960         0.98952
1.0392          0.81658
1.5588          0.77865
2.0784          0.85933
2.5980          1.0791
3.1176          1.2948
3.6372          1.2000
4.1568          0.94349
4.6764          0.79958
5.1960          0.78498
5.7156          0.89270
6.2352          1.1339
6.7548          1.3045
7.2744          1.1479
7.7940          0.90230
8.3136          0.78735
8.8332          0.79600
9.3528          0.93245
9.8724          1.1872
10.392          1.2987
10.912          1.0930
11.431          0.86722
11.951          0.77982
12.470          0.81176
12.990          0.97735
13.510          1.2341
14.029          1.2782
14.549          1.0395
15.068          0.83884
15.588          0.77694
16.108          0.83260
16.627          1.0264
17.147          1.2707
17.666          1.2445
18.186          0.98952
18.706          0.81658
19.225          0.77865
19.745          0.85933
20.264          1.0791
20.784          1.2948
21.304          1.2000
21.823          0.94349
22.343          0.79958
22.862          0.78498
23.382          0.89270
23.902          1.1339
24.421          1.3045
24.941          1.1479
25.460          0.90230
25.980          0.78735
26.500          0.79600
27.019          0.93245
27.539          1.1872
28.059          1.2987
28.578          1.0930
29.098          0.86722
29.617          0.77982
30.137          0.81176
30.657          0.97735
31.176          1.2341
31.696          1.2782
32.215          1.0395
32.735          0.83884
33.255          0.77694
33.774          0.83260
34.294          1.0264
34.813          1.2707
35.333          1.2445
35.853          0.98952
36.372          0.81658
36.892          0.77865
37.411          0.85933
37.931          1.0791
38.451          1.2948
38.970          1.2000
39.490          0.94349
40.009          0.79958
40.529          0.78498
41.049          0.89270
41.568          1.1339
42.088          1.3045
42.607          1.1479
43.127          0.90230
43.647          0.78735
44.166          0.79600
44.686          0.93245
45.205          1.1872
45.725          1.2987
46.245          1.0930
46.764          0.86722
47.284          0.77982
47.803          0.81176
48.323          0.97735
48.843          1.2341
49.362          1.2782
49.882          1.0395
50.401          0.83884
50.921          0.77694
51.441          0.83260
51.960          1.0264
52.480          1.2707
52.999          1.2445
