0.0000          1.2989
0.51960         1.0939
1.0392          0.86776
1.5588          0.77991
2.0784          0.81146
2.5980          0.97656
3.1176          1.2333
3.6372          1.2786
4.1568          1.0404
4.6764          0.83926
5.1960          0.77695
5.7156          0.83220
6.2352          1.0255
6.7548          1.2702
7.2744          1.2452
7.7940          0.99032
8.3136          0.81691
8.8332          0.77858
9.3528          0.85883
9.8724          1.0781
10.392          1.2945
10.912          1.2008
11.431          0.94423
11.951          0.79982
12.470          0.78483
12.990          0.89209
13.510          1.1330
14.029          1.3044
14.549          1.1488
15.068          0.90295
15.588          0.78752
16.108          0.79578
16.627          0.93174
17.147          1.1863
17.666          1.2989
18.186          1.0939
18.706          0.86776
19.225          0.77991
19.745          0.81146
20.264          0.97656
20.784          1.2333
21.304          1.2786
21.823          1.0404
22.343          0.83926
22.862          0.77695
23.382          0.83220
23.902          1.0255
24.421          1.2702
24.941          1.2452
25.460          0.99032
25.980          0.81691
26.500          0.77858
27.019          0.85883
27.539          1.0781
28.059          1.2945
28.578          1.2008
29.098          0.94423
29.617          0.79982
30.137          0.78483
30.657          0.89209
31.176          1.1330
31.696          1.3044
32.215          1.1488
32.735          0.90295
33.255          0.78752
33.774          0.79578
34.294          0.93173
34.813          1.1863
35.333          1.2989
35.853          1.0939
36.372          0.86776
36.892          0.77991
37.411          0.81146
37.931          0.97656
38.451          1.2333
38.970          1.2786
39.490          1.0404
40.009          0.83926
40.529          0.77695
41.049          0.83220
41.568          1.0255
42.088          1.2702
42.607          1.2452
43.127          0.99032
43.647          0.81691
44.166          0.77858
44.686          0.85883
45.205          1.0781
45.725          1.2945
46.245          1.2008
46.764          0.94423
47.284          0.79982
47.803          0.78483
48.323          0.89209
48.843          1.1330
49.362          1.3044
49.882          1.1488
50.401          0.90295
50.921          0.78752
51.441          0.79578
51.960          0.93174
52.480          1.1863
52.999          1.2989
