0.0000          0.80055
0.51960         0.92996
1.0392          1.1785
1.5588          1.3193
2.0784          1.1410
2.5980          0.90320
3.1176          0.79220
3.6372          0.78560
4.1568          0.87869
4.6764          1.1018
5.1960          1.3115
5.7156          1.2150
6.2352          0.96026
6.7548          0.81124
7.2744          0.77817
7.7940          0.83934
8.3136          1.0270
8.8332          1.2747
9.3528          1.2750
9.8724          1.0274
10.392          0.83957
10.912          0.77820
11.431          0.81108
11.951          0.95984
12.470          1.2145
12.990          1.3117
13.510          1.1023
14.029          0.87900
14.549          0.78567
15.068          0.79210
15.588          0.90286
16.108          1.1405
16.627          1.3193
17.147          1.1790
17.666          0.93035
18.186          0.80067
18.706          0.78096
19.225          0.85754
19.745          1.0636
20.264          1.2964
20.784          1.2474
21.304          0.99271
21.823          0.82412
22.343          0.77725
22.862          0.82393
23.382          0.99226
23.902          1.2470
24.421          1.2967
24.941          1.0641
25.460          0.85780
25.980          0.78101
26.500          0.80055
27.019          0.92996
27.539          1.1785
28.059          1.3193
28.578          1.1410
29.098          0.90320
29.617          0.79220
30.137          0.78560
30.657          0.87869
31.176          1.1018
31.696          1.3115
32.215          1.2150
32.735          0.96026
33.255          0.81124
33.774          0.77817
34.294          0.83934
34.813          1.0270
35.333          1.2747
35.853          1.2750
36.372          1.0274
36.892          0.83957
37.411          0.77820
37.931          0.81108
38.451          0.95984
38.970          1.2145
39.490          1.3117
40.009          1.1023
40.529          0.87900
41.049          0.78567
41.568          0.79210
42.088          0.90286
42.607          1.1405
43.127          1.3193
43.647          1.1790
44.166          0.93035
44.686          0.80067
45.205          0.78096
45.725          0.85754
46.245          1.0636
46.764          1.2964
47.284          1.2474
47.803          0.99271
48.323          0.82412
48.843          0.77725
49.362          0.82393
49.882          0.99226
50.401          1.2470
50.921          1.2967
51.441          1.0641
51.960          0.85780
52.480          0.78101
52.999          0.80055
