0.0000          0.93942
0.51960         1.1954
1.0392          1.2964
1.5588          1.0841
2.0784          0.86217
2.5980          0.77904
3.1176          0.81478
3.6372          0.98504
4.1568          1.2408
4.6764          1.2735
5.1960          1.0312
5.7156          0.83483
6.2352          0.77691
6.7548          0.83651
7.2744          1.0347
7.7940          1.2755
8.3136          1.2380
8.8332          0.98177
9.3528          0.81349
9.8724          0.77936
10.392          0.86429
10.912          1.0879
11.431          1.2974
11.951          1.1919
12.470          0.93645
12.990          0.79727
13.510          0.78645
14.029          0.89874
14.549          1.1428
15.068          1.3046
15.588          1.1390
16.108          0.89617
16.627          0.78581
17.147          0.79823
17.666          0.93942
18.186          1.1954
18.706          1.2964
19.225          1.0841
19.745          0.86217
20.264          0.77904
20.784          0.81478
21.304          0.98504
21.823          1.2408
22.343          1.2735
22.862          1.0312
23.382          0.83483
23.902          0.77691
24.421          0.83651
24.941          1.0347
25.460          1.2755
25.980          1.2380
26.500          0.98177
27.019          0.81349
27.539          0.77936
28.059          0.86429
28.578          1.0879
29.098          1.2974
29.617          1.1919
30.137          0.93645
30.657          0.79727
31.176          0.78645
31.696          0.89874
32.215          1.1428
32.735          1.3046
33.255          1.1390
33.774          0.89617
34.294          0.78581
34.813          0.79823
35.333          0.93942
35.853          1.1954
36.372          1.2964
36.892          1.0841
37.411          0.86217
37.931          0.77904
38.451          0.81478
38.970          0.98504
39.490          1.2408
40.009          1.2735
40.529          1.0312
41.049          0.83483
41.568          0.77691
42.088          0.83651
42.607          1.0347
43.127          1.2755
43.647          1.2380
44.166          0.98177
44.686          0.81349
45.205          0.77936
45.725          0.86429
46.245          1.0879
46.764          1.2974
47.284          1.1919
47.803          0.93645
48.323          0.79727
48.843          0.78645
49.362          0.89874
49.882          1.1428
50.401          1.3046
50.921          1.1390
51.441          0.89617
51.960          0.78581
52.480          0.79823
52.999          0.93942
