0.0000          1.2990
0.51960         1.0941
1.0392          0.86788
1.5588          0.77993
2.0784          0.81139
2.5980          0.97638
3.1176          1.2332
3.6372          1.2787
4.1568          1.0406
4.6764          0.83935
5.1960          0.77695
5.7156          0.83211
6.2352          1.0253
6.7548          1.2701
7.2744          1.2453
7.7940          0.99050
8.3136          0.81698
8.8332          0.77856
9.3528          0.85872
9.8724          1.0779
10.392          1.2945
10.912          1.2010
11.431          0.94439
11.951          0.79988
12.470          0.78480
12.990          0.89195
13.510          1.1328
14.029          1.3044
14.549          1.1490
15.068          0.90309
15.588          0.78755
16.108          0.79573
16.627          0.93158
17.147          1.1862
17.666          1.2990
18.186          1.0941
18.706          0.86788
19.225          0.77993
19.745          0.81139
20.264          0.97638
20.784          1.2332
21.304          1.2787
21.823          1.0406
22.343          0.83935
22.862          0.77695
23.382          0.83211
23.902          1.0253
24.421          1.2701
24.941          1.2453
25.460          0.99050
25.980          0.81698
26.500          0.77856
27.019          0.85872
27.539          1.0779
28.059          1.2945
28.578          1.2010
29.098          0.94439
29.617          0.79988
30.137          0.78480
30.657          0.89195
31.176          1.1328
31.696          1.3044
32.215          1.1490
32.735          0.90309
33.255          0.78755
33.774          0.79573
34.294          0.93158
34.813          1.1862
35.333          1.2990
35.853          1.0941
36.372          0.86788
36.892          0.77993
37.411          0.81139
37.931          0.97638
38.451          1.2332
38.970          1.2787
39.490          1.0406
40.009          0.83935
40.529          0.77695
41.049          0.83211
41.568          1.0253
42.088          1.2701
42.607          1.2453
43.127          0.99050
43.647          0.81698
44.166          0.77856
44.686          0.85872
45.205          1.0779
45.725          1.2945
46.245          1.2010
46.764          0.94439
47.284          0.79988
47.803          0.78480
48.323          0.89195
48.843          1.1328
49.362          1.3044
49.882          1.1490
50.401          0.90309
50.921          0.78755
51.441          0.79573
51.960          0.93158
52.480          1.1862
52.999          1.2990
