0.0000          1.1672
0.51960         1.3028
1.0392          1.1141
1.5588          0.87991
2.0784          0.78216
2.5980          0.80514
3.1176          0.95958
3.6372          1.2171
4.1568          1.2877
4.6764          1.0597
5.1960          0.84896
5.7156          0.77750
6.2352          0.82395
6.7548          1.0071
7.2744          1.2580
7.7940          1.2589
8.3136          1.0083
8.8332          0.82446
9.3528          0.77745
9.8724          0.84831
10.392          1.0584
10.912          1.2872
11.431          1.2182
11.951          0.96066
12.470          0.80553
12.990          0.78199
13.510          0.87909
14.029          1.1128
14.549          1.3026
15.068          1.1685
15.588          0.91747
16.108          0.79149
16.627          0.79121
17.147          0.91650
17.666          1.1672
18.186          1.3028
18.706          1.1141
19.225          0.87991
19.745          0.78216
20.264          0.80514
20.784          0.95958
21.304          1.2171
21.823          1.2877
22.343          1.0597
22.862          0.84896
23.382          0.77750
23.902          0.82395
24.421          1.0071
24.941          1.2580
25.460          1.2589
25.980          1.0083
26.500          0.82446
27.019          0.77745
27.539          0.84831
28.059          1.0584
28.578          1.2872
29.098          1.2182
29.617          0.96066
30.137          0.80553
30.657          0.78199
31.176          0.87909
31.696          1.1128
32.215          1.3026
32.735          1.1685
33.255          0.91747
33.774          0.79149
34.294          0.79121
34.813          0.91650
35.333          1.1672
35.853          1.3028
36.372          1.1141
36.892          0.87991
37.411          0.78216
37.931          0.80514
38.451          0.95958
38.970          1.2171
39.490          1.2877
40.009          1.0597
40.529          0.84896
41.049          0.77750
41.568          0.82395
42.088          1.0071
42.607          1.2580
43.127          1.2589
43.647          1.0083
44.166          0.82446
44.686          0.77745
45.205          0.84831
45.725          1.0584
46.245          1.2872
46.764          1.2182
47.284          0.96066
47.803          0.80553
48.323          0.78199
48.843          0.87909
49.362          1.1128
49.882          1.3026
50.401          1.1685
50.921          0.91747
51.441          0.79149
51.960          0.79121
52.480          0.91650
52.999          1.1672
