0.0000          0.99012
0.51960         0.83163
1.0392          0.80902
1.5588          0.92013
2.0784          1.1422
2.5980          1.2490
3.1176          1.0773
3.6372          0.87504
4.1568          0.80238
4.6764          0.86193
5.1960          1.0543
5.7156          1.2429
6.2352          1.1631
6.7548          0.93822
7.2744          0.81370
7.7940          0.82370
8.3136          0.96930
8.8332          1.1931
9.3528          1.2272
9.8724          1.0183
10.392          0.84384
10.912          0.80483
11.431          0.89864
11.951          1.1137
12.470          1.2522
12.990          1.1069
13.510          0.89390
14.029          0.80414
14.549          0.84702
15.068          1.0250
15.588          1.2308
16.108          1.1878
16.627          0.96318
17.147          0.82155
17.666          0.81535
18.186          0.94390
18.706          1.1691
19.225          1.2405
19.745          1.0474
20.264          0.85823
20.784          0.80261
21.304          0.87925
21.823          1.0843
22.343          1.2502
22.862          1.1357
23.382          0.91492
23.902          0.80786
24.421          0.83427
24.941          0.99656
25.460          1.2141
25.980          1.2094
26.500          0.98994
27.019          0.83155
27.539          0.80905
28.059          0.92026
28.578          1.1424
29.098          1.2490
29.617          1.0772
30.137          0.87493
30.657          0.80236
31.176          0.86198
31.696          1.0544
32.215          1.2430
32.735          1.1630
33.255          0.93812
33.774          0.81365
34.294          0.82370
34.813          0.96935
35.333          1.1932
35.853          1.2273
36.372          1.0182
36.892          0.84380
37.411          0.80481
37.931          0.89861
38.451          1.1137
38.970          1.2523
39.490          1.1069
40.009          0.89391
40.529          0.80411
41.049          0.84696
41.568          1.0249
42.088          1.2308
42.607          1.1879
43.127          0.96328
43.647          0.82156
44.166          0.81530
44.686          0.94378
45.205          1.1690
45.725          1.2406
46.245          1.0475
46.764          0.85831
47.284          0.80259
47.803          0.87913
48.323          1.0841
48.843          1.2502
49.362          1.1359
49.882          0.91506
50.401          0.80789
50.921          0.83420
51.441          0.99638
51.960          1.2139
52.480          1.2096
52.999          0.99012
