0.0000          0.79687
0.51960         0.93519
1.0392          1.1904
1.5588          1.2978
2.0784          1.0895
2.5980          0.86520
3.1176          0.77950
3.6372          0.81294
4.1568          0.98038
4.6764          1.2367
5.1960          1.2764
5.7156          1.0362
6.2352          0.83723
6.7548          0.77691
7.2744          0.83413
7.7940          1.0297
8.3136          1.2727
8.8332          1.2420
9.3528          0.98644
9.8724          0.81534
10.392          0.77891
10.912          0.86127
11.431          1.0825
11.951          1.2959
12.470          1.1968
12.990          0.94069
13.510          0.79865
14.029          0.78554
14.549          0.89507
15.068          1.1374
15.588          1.3046
16.108          1.1444
16.627          0.89986
17.147          0.78673
17.666          0.79687
18.186          0.93519
18.706          1.1904
19.225          1.2978
19.745          1.0895
20.264          0.86520
20.784          0.77950
21.304          0.81294
21.823          0.98038
22.343          1.2367
22.862          1.2764
23.382          1.0362
23.902          0.83723
24.421          0.77691
24.941          0.83413
25.460          1.0297
25.980          1.2727
26.500          1.2420
27.019          0.98644
27.539          0.81534
28.059          0.77891
28.578          0.86127
29.098          1.0825
29.617          1.2959
30.137          1.1968
30.657          0.94069
31.176          0.79865
31.696          0.78554
32.215          0.89507
32.735          1.1374
33.255          1.3046
33.774          1.1444
34.294          0.89986
34.813          0.78673
35.333          0.79687
35.853          0.93519
36.372          1.1904
36.892          1.2978
37.411          1.0895
37.931          0.86520
38.451          0.77950
38.970          0.81294
39.490          0.98038
40.009          1.2367
40.529          1.2764
41.049          1.0362
41.568          0.83723
42.088          0.77691
42.607          0.83413
43.127          1.0297
43.647          1.2727
44.166          1.2420
44.686          0.98644
45.205          0.81534
45.725          0.77891
46.245          0.86127
46.764          1.0825
47.284          1.2959
47.803          1.1968
48.323          0.94069
48.843          0.79865
49.362          0.78554
49.882          0.89507
50.401          1.1374
50.921          1.3046
51.441          1.1444
51.960          0.89986
52.480          0.78673
52.999          0.79687
