0.0000          1.2975
0.51960         1.1915
1.0392          0.93607
1.5588          0.79715
2.0784          0.78653
2.5980          0.89908
3.1176          1.1433
3.6372          1.3046
4.1568          1.1386
4.6764          0.89584
5.1960          0.78573
5.7156          0.79836
6.2352          0.93980
6.7548          1.1958
7.2744          1.2962
7.7940          1.0837
8.3136          0.86190
8.8332          0.77900
9.3528          0.81495
9.8724          0.98545
10.392          1.2411
10.912          1.2733
11.431          1.0307
11.951          0.83462
12.470          0.77691
12.990          0.83672
13.510          1.0351
14.029          1.2758
14.549          1.2376
15.068          0.98135
15.588          0.81332
16.108          0.77940
16.627          0.86456
17.147          1.0884
17.666          1.2975
18.186          1.1915
18.706          0.93607
19.225          0.79715
19.745          0.78653
20.264          0.89908
20.784          1.1433
21.304          1.3046
21.823          1.1386
22.343          0.89584
22.862          0.78573
23.382          0.79836
23.902          0.93980
24.421          1.1958
24.941          1.2962
25.460          1.0837
25.980          0.86190
26.500          0.77900
27.019          0.81495
27.539          0.98545
28.059          1.2411
28.578          1.2733
29.098          1.0307
29.617          0.83462
30.137          0.77691
30.657          0.83672
31.176          1.0351
31.696          1.2758
32.215          1.2376
32.735          0.98135
33.255          0.81332
33.774          0.77940
34.294          0.86456
34.813          1.0884
35.333          1.2975
35.853          1.1915
36.372          0.93607
36.892          0.79715
37.411          0.78653
37.931          0.89908
38.451          1.1433
38.970          1.3046
39.490          1.1386
40.009          0.89584
40.529          0.78573
41.049          0.79836
41.568          0.93980
42.088          1.1958
42.607          1.2962
43.127          1.0837
43.647          0.86190
44.166          0.77900
44.686          0.81495
45.205          0.98545
45.725          1.2411
46.245          1.2733
46.764          1.0307
47.284          0.83462
47.803          0.77691
48.323          0.83672
48.843          1.0351
49.362          1.2758
49.882          1.2376
50.401          0.98135
50.921          0.81332
51.441          0.77940
51.960          0.86456
52.480          1.0884
52.999          1.2975
