0.0000          1.0385
0.51960         0.83832
1.0392          0.77693
1.5588          0.83309
2.0784          1.0274
2.5980          1.2714
3.1176          1.2437
3.6372          0.98852
4.1568          0.81618
4.6764          0.77873
5.1960          0.85995
5.7156          1.0802
6.2352          1.2952
6.7548          1.1990
7.2744          0.94259
7.7940          0.79928
8.3136          0.78516
8.8332          0.89346
9.3528          1.1350
9.8724          1.3045
10.392          1.1468
10.912          0.90151
11.431          0.78715
11.951          0.79628
12.470          0.93333
12.990          1.1882
13.510          1.2984
14.029          1.0919
14.549          0.86657
15.068          0.77972
15.588          0.81214
16.108          0.97832
16.627          1.2349
17.147          1.2776
17.666          1.0385
18.186          0.83832
18.706          0.77693
19.225          0.83309
19.745          1.0274
20.264          1.2714
20.784          1.2437
21.304          0.98852
21.823          0.81618
22.343          0.77873
22.862          0.85995
23.382          1.0802
23.902          1.2952
24.421          1.1990
24.941          0.94259
25.460          0.79927
25.980          0.78516
26.500          0.89346
27.019          1.1350
27.539          1.3045
28.059          1.1468
28.578          0.90151
29.098          0.78715
29.617          0.79628
30.137          0.93333
30.657          1.1882
31.176          1.2984
31.696          1.0919
32.215          0.86657
32.735          0.77972
33.255          0.81214
33.774          0.97832
34.294          1.2349
34.813          1.2776
35.333          1.0385
35.853          0.83832
36.372          0.77693
36.892          0.83309
37.411          1.0274
37.931          1.2714
38.451          1.2437
38.970          0.98852
39.490          0.81618
40.009          0.77873
40.529          0.85995
41.049          1.0802
41.568          1.2952
42.088          1.1990
42.607          0.94259
43.127          0.79927
43.647          0.78516
44.166          0.89346
44.686          1.1350
45.205          1.3045
45.725          1.1468
46.245          0.90151
46.764          0.78715
47.284          0.79628
47.803          0.93333
48.323          1.1882
48.843          1.2984
49.362          1.0919
49.882          0.86657
50.401          0.77972
50.921          0.81214
51.441          0.97832
51.960          1.2349
52.480          1.2776
52.999          1.0385
