0.0000          0.77941
0.51960         0.81327
1.0392          0.98121
1.5588          1.2375
2.0784          1.2759
2.5980          1.0353
3.1176          0.83680
3.6372          0.77691
4.1568          0.83455
4.6764          1.0306
5.1960          1.2732
5.7156          1.2412
6.2352          0.98559
6.7548          0.81500
7.2744          0.77899
7.7940          0.86181
8.3136          1.0835
8.8332          1.2962
9.3528          1.1959
9.8724          0.93993
10.392          0.79840
10.912          0.78570
11.431          0.89573
11.951          1.1384
12.470          1.3046
12.990          1.1434
13.510          0.89919
14.029          0.78656
14.549          0.79711
15.068          0.93595
15.588          1.1913
16.108          1.2976
16.627          1.0885
17.147          0.86465
17.666          0.77941
18.186          0.81327
18.706          0.98121
19.225          1.2375
19.745          1.2759
20.264          1.0353
20.784          0.83680
21.304          0.77691
21.823          0.83455
22.343          1.0306
22.862          1.2732
23.382          1.2412
23.902          0.98560
24.421          0.81500
24.941          0.77899
25.460          0.86181
25.980          1.0835
26.500          1.2962
27.019          1.1959
27.539          0.93993
28.059          0.79840
28.578          0.78570
29.098          0.89573
29.617          1.1384
30.137          1.3046
30.657          1.1434
31.176          0.89919
31.696          0.78656
32.215          0.79711
32.735          0.93595
33.255          1.1913
33.774          1.2976
34.294          1.0885
34.813          0.86465
35.333          0.77941
35.853          0.81327
36.372          0.98121
36.892          1.2375
37.411          1.2759
37.931          1.0353
38.451          0.83680
38.970          0.77691
39.490          0.83455
40.009          1.0306
40.529          1.2732
41.049          1.2412
41.568          0.98559
42.088          0.81500
42.607          0.77899
43.127          0.86181
43.647          1.0835
44.166          1.2962
44.686          1.1959
45.205          0.93993
45.725          0.79840
46.245          0.78570
46.764          0.89573
47.284          1.1384
47.803          1.3046
48.323          1.1434
48.843          0.89919
49.362          0.78656
49.882          0.79711
50.401          0.93595
50.921          1.1913
51.441          1.2976
51.960          1.0885
52.480          0.86465
52.999          0.77941
