0.0000          0.80383
0.51960         0.77986
1.0392          0.85138
1.5588          1.0517
2.0784          1.2901
2.5980          1.2568
3.1176          1.0036
3.6372          0.82879
4.1568          0.77735
4.6764          0.81954
5.1960          0.98158
5.7156          1.2370
6.2352          1.3023
6.7548          1.0763
7.2744          0.86428
7.7940          0.78231
8.3136          0.79762
8.8332          0.92095
9.3528          1.1664
9.8724          1.3202
10.392          1.1533
10.912          0.91160
11.431          0.79470
11.951          0.78391
12.470          0.87157
12.990          1.0894
13.510          1.3075
14.029          1.2258
14.549          0.97041
15.068          0.81511
15.588          0.77767
16.108          0.83410
16.627          1.0156
17.147          1.2664
17.666          1.2826
18.186          1.0390
18.706          0.84511
19.225          0.77890
19.745          0.80746
20.264          0.94996
20.784          1.2033
21.304          1.3150
21.823          1.1147
22.343          0.88644
22.862          0.78756
23.382          0.78981
23.902          0.89477
24.421          1.1280
24.941          1.3176
25.460          1.1909
25.980          0.93966
26.500          0.80383
27.019          0.77986
27.539          0.85138
28.059          1.0517
28.578          1.2901
29.098          1.2568
29.617          1.0036
30.137          0.82879
30.657          0.77735
31.176          0.81954
31.696          0.98158
32.215          1.2370
32.735          1.3023
33.255          1.0763
33.774          0.86428
34.294          0.78231
34.813          0.79762
35.333          0.92095
35.853          1.1664
36.372          1.3202
36.892          1.1533
37.411          0.91160
37.931          0.79470
38.451          0.78391
38.970          0.87157
39.490          1.0894
40.009          1.3075
40.529          1.2258
41.049          0.97041
41.568          0.81511
42.088          0.77767
42.607          0.83410
43.127          1.0156
43.647          1.2664
44.166          1.2826
44.686          1.0390
45.205          0.84511
45.725          0.77890
46.245          0.80746
46.764          0.94996
47.284          1.2033
47.803          1.3150
48.323          1.1147
48.843          0.88644
49.362          0.78757
49.882          0.78981
50.401          0.89477
50.921          1.1280
51.441          1.3176
51.960          1.1909
52.480          0.93966
52.999          0.80383
