0.0000          0.96308
0.51960         0.81230
1.0392          0.77801
1.5588          0.83785
2.0784          1.0238
2.5980          1.2724
3.1176          1.2772
3.6372          1.0307
4.1568          0.84109
4.6764          0.77837
5.1960          0.81005
5.7156          0.95704
6.2352          1.2114
6.7548          1.3127
7.2744          1.1057
7.7940          0.88105
8.3136          0.78618
8.8332          0.79144
9.3528          0.90056
9.8724          1.1370
10.392          1.3189
10.912          1.1824
11.431          0.93293
11.951          0.80154
12.470          0.78063
12.990          0.85578
13.510          1.0603
14.029          1.2947
14.549          1.2501
15.068          0.99574
15.588          0.82540
16.108          0.77726
16.627          0.82268
17.147          0.98924
17.666          1.2442
18.186          1.2983
18.706          1.0675
19.225          0.85959
19.745          0.78135
20.264          0.79970
20.784          0.92741
21.304          1.1752
21.823          1.3196
22.343          1.1444
22.862          0.90553
23.382          0.79288
23.902          0.78511
24.421          0.87667
24.941          1.0983
25.460          1.3105
25.980          1.2181
26.500          0.96308
27.019          0.81230
27.539          0.77801
28.059          0.83785
28.578          1.0238
29.098          1.2724
29.617          1.2772
30.137          1.0307
30.657          0.84109
31.176          0.77837
31.696          0.81005
32.215          0.95704
32.735          1.2114
33.255          1.3127
33.774          1.1057
34.294          0.88105
34.813          0.78618
35.333          0.79144
35.853          0.90056
36.372          1.1370
36.892          1.3189
37.411          1.1824
37.931          0.93293
38.451          0.80154
38.970          0.78063
39.490          0.85578
40.009          1.0603
40.529          1.2947
41.049          1.2501
41.568          0.99574
42.088          0.82540
42.607          0.77726
43.127          0.82268
43.647          0.98924
44.166          1.2442
44.686          1.2983
45.205          1.0675
45.725          0.85959
46.245          0.78135
46.764          0.79970
47.284          0.92741
47.803          1.1752
48.323          1.3196
48.843          1.1444
49.362          0.90553
49.882          0.79288
50.401          0.78511
50.921          0.87667
51.441          1.0983
51.960          1.3105
52.480          1.2181
52.999          0.96308
