0.0000          0.90962
0.51960         0.78929
1.0392          0.79357
1.5588          0.92454
2.0784          1.1775
2.5980          1.3010
3.1176          1.1033
3.6372          0.87331
4.1568          0.78088
4.6764          0.80843
5.1960          0.96857
5.7156          1.2259
6.2352          1.2831
6.7548          1.0494
7.2744          0.84368
7.7940          0.77713
8.3136          0.82826
8.8332          1.0169
9.3528          1.2647
9.8724          1.2518
10.392          0.99863
10.912          0.82034
11.431          0.77797
11.951          0.85381
12.470          1.0689
12.990          1.2913
13.510          1.2091
14.029          0.95182
14.549          0.80240
15.068          0.78343
15.588          0.88591
16.108          1.1236
16.627          1.3038
17.147          1.1580
17.666          0.90962
18.186          0.78929
18.706          0.79357
19.225          0.92454
19.745          1.1775
20.264          1.3010
20.784          1.1033
21.304          0.87331
21.823          0.78088
22.343          0.80843
22.862          0.96857
23.382          1.2259
23.902          1.2831
24.421          1.0494
24.941          0.84368
25.460          0.77713
25.980          0.82826
26.500          1.0169
27.019          1.2647
27.539          1.2518
28.059          0.99863
28.578          0.82034
29.098          0.77797
29.617          0.85381
30.137          1.0689
30.657          1.2913
31.176          1.2091
31.696          0.95182
32.215          0.80240
32.735          0.78343
33.255          0.88591
33.774          1.1236
34.294          1.3038
34.813          1.1580
35.333          0.90962
35.853          0.78929
36.372          0.79357
36.892          0.92454
37.411          1.1775
37.931          1.3010
38.451          1.1033
38.970          0.87331
39.490          0.78088
40.009          0.80843
40.529          0.96857
41.049          1.2259
41.568          1.2831
42.088          1.0494
42.607          0.84368
43.127          0.77713
43.647          0.82826
44.166          1.0169
44.686          1.2647
45.205          1.2518
45.725          0.99863
46.245          0.82034
46.764          0.77797
47.284          0.85381
47.803          1.0689
48.323          1.2913
48.843          1.2091
49.362          0.95182
49.882          0.80240
50.401          0.78343
50.921          0.88591
51.441          1.1236
51.960          1.3038
52.480          1.1580
52.999          0.90962
