0.0000          0.99994
0.51960         0.82089
1.0392          0.77789
1.5588          0.85305
2.0784          1.0675
2.5980          1.2908
3.1176          1.2103
3.6372          0.95301
4.1568          0.80282
4.6764          0.78322
5.1960          0.88497
5.7156          1.1221
6.2352          1.3037
6.7548          1.1595
7.2744          0.91068
7.7940          0.78958
8.3136          0.79324
8.8332          0.92343
9.3528          1.1761
9.8724          1.3012
10.392          1.1048
10.912          0.87419
11.431          0.78104
11.951          0.80797
12.470          0.96733
12.990          1.2247
13.510          1.2837
14.029          1.0508
14.549          0.84438
15.068          0.77717
15.588          0.82766
16.108          1.0155
16.627          1.2638
17.147          1.2527
17.666          0.99994
18.186          0.82089
18.706          0.77789
19.225          0.85305
19.745          1.0675
20.264          1.2908
20.784          1.2103
21.304          0.95301
21.823          0.80282
22.343          0.78322
22.862          0.88497
23.382          1.1221
23.902          1.3037
24.421          1.1595
24.941          0.91068
25.460          0.78958
25.980          0.79324
26.500          0.92343
27.019          1.1761
27.539          1.3012
28.059          1.1048
28.578          0.87419
29.098          0.78104
29.617          0.80797
30.137          0.96733
30.657          1.2247
31.176          1.2837
31.696          1.0508
32.215          0.84438
32.735          0.77717
33.255          0.82766
33.774          1.0155
34.294          1.2638
34.813          1.2527
35.333          0.99994
35.853          0.82089
36.372          0.77789
36.892          0.85305
37.411          1.0675
37.931          1.2908
38.451          1.2103
38.970          0.95301
39.490          0.80282
40.009          0.78322
40.529          0.88497
41.049          1.1221
41.568          1.3037
42.088          1.1595
42.607          0.91068
43.127          0.78958
43.647          0.79324
44.166          0.92343
44.686          1.1761
45.205          1.3012
45.725          1.1048
46.245          0.87419
46.764          0.78104
47.284          0.80797
47.803          0.96733
48.323          1.2247
48.843          1.2837
49.362          1.0508
49.882          0.84438
50.401          0.77717
50.921          0.82766
51.441          1.0155
51.960          1.2638
52.480          1.2527
52.999          0.99994
