0.0000          0.96961
0.51960         1.2269
1.0392          1.2825
1.5588          1.0482
2.0784          0.84309
2.5980          0.77710
3.1176          0.82877
3.6372          1.0180
4.1568          1.2655
4.6764          1.2509
5.1960          0.99754
5.7156          0.81988
6.2352          0.77805
6.7548          0.85446
7.2744          1.0701
7.7940          1.2918
8.3136          1.2080
8.8332          0.95082
9.3528          0.80206
9.8724          0.78361
10.392          0.88671
10.912          1.1248
11.431          1.3039
11.951          1.1568
12.470          0.90874
12.990          0.78905
13.510          0.79385
14.029          0.92547
14.549          1.1787
15.068          1.3007
15.588          1.1021
16.108          0.87257
16.627          0.78075
17.147          0.80882
17.666          0.96961
18.186          1.2269
18.706          1.2825
19.225          1.0482
19.745          0.84309
20.264          0.77710
20.784          0.82877
21.304          1.0180
21.823          1.2655
22.343          1.2509
22.862          0.99754
23.382          0.81988
23.902          0.77805
24.421          0.85446
24.941          1.0701
25.460          1.2918
25.980          1.2080
26.500          0.95082
27.019          0.80206
27.539          0.78361
28.059          0.88671
28.578          1.1248
29.098          1.3039
29.617          1.1568
30.137          0.90874
30.657          0.78905
31.176          0.79385
31.696          0.92547
32.215          1.1787
32.735          1.3007
33.255          1.1021
33.774          0.87257
34.294          0.78075
34.813          0.80882
35.333          0.96961
35.853          1.2269
36.372          1.2825
36.892          1.0482
37.411          0.84309
37.931          0.77710
38.451          0.82877
38.970          1.0180
39.490          1.2655
40.009          1.2509
40.529          0.99754
41.049          0.81988
41.568          0.77805
42.088          0.85446
42.607          1.0701
43.127          1.2918
43.647          1.2080
44.166          0.95082
44.686          0.80206
45.205          0.78361
45.725          0.88671
46.245          1.1248
46.764          1.3039
47.284          1.1568
47.803          0.90873
48.323          0.78905
48.843          0.79385
49.362          0.92547
49.882          1.1787
50.401          1.3007
50.921          1.1021
51.441          0.87257
51.960          0.78075
52.480          0.80882
52.999          0.96961
