0.0000          1.2489
0.51960         1.2672
1.0392          1.0207
1.5588          0.82999
2.0784          0.77703
2.5980          0.84169
3.1176          1.0454
3.6372          1.2811
4.1568          1.2293
4.6764          0.97210
5.1960          0.80976
5.7156          0.78043
6.2352          0.87082
6.7548          1.0991
7.2744          1.3001
7.7940          1.1815
8.3136          0.92772
8.8332          0.79453
9.3528          0.78849
9.8724          0.90663
10.392          1.1539
10.912          1.3042
11.431          1.1278
11.951          0.88864
12.470          0.78404
12.990          0.80124
13.510          0.94843
14.029          1.2054
14.549          1.2928
15.068          1.0730
15.588          0.85602
16.108          0.77823
16.627          0.81880
17.147          0.99492
17.666          1.2489
18.186          1.2672
18.706          1.0207
19.225          0.82999
19.745          0.77703
20.264          0.84169
20.784          1.0454
21.304          1.2811
21.823          1.2293
22.343          0.97210
22.862          0.80976
23.382          0.78043
23.902          0.87082
24.421          1.0991
24.941          1.3001
25.460          1.1815
25.980          0.92772
26.500          0.79453
27.019          0.78848
27.539          0.90663
28.059          1.1539
28.578          1.3042
29.098          1.1278
29.617          0.88864
30.137          0.78404
30.657          0.80124
31.176          0.94843
31.696          1.2054
32.215          1.2928
32.735          1.0730
33.255          0.85602
33.774          0.77823
34.294          0.81880
34.813          0.99493
35.333          1.2489
35.853          1.2672
36.372          1.0207
36.892          0.82999
37.411          0.77703
37.931          0.84169
38.451          1.0454
38.970          1.2811
39.490          1.2293
40.009          0.97210
40.529          0.80976
41.049          0.78043
41.568          0.87082
42.088          1.0991
42.607          1.3001
43.127          1.1815
43.647          0.92772
44.166          0.79453
44.686          0.78849
45.205          0.90663
45.725          1.1539
46.245          1.3042
46.764          1.1278
47.284          0.88864
47.803          0.78404
48.323          0.80124
48.843          0.94843
49.362          1.2054
49.882          1.2928
50.401          1.0730
50.921          0.85602
51.441          0.77823
51.960          0.81880
52.480          0.99493
52.999          1.2489
