0.0000          0.93081
0.51960         0.79549
1.0392          0.78773
1.5588          0.90379
2.0784          1.1500
2.5980          1.3044
3.1176          1.1318
3.6372          0.89129
4.1568          0.78465
4.6764          0.80014
5.1960          0.94519
5.7156          1.2019
6.2352          1.2941
6.7548          1.0770
7.2744          0.85818
7.7940          0.77849
8.3136          0.81734
8.8332          0.99137
9.3528          1.2460
9.8724          1.2695
10.392          1.0244
10.912          0.83169
11.431          0.77697
11.951          0.83981
12.470          1.0415
12.990          1.2792
13.510          1.2324
14.029          0.97553
14.549          0.81106
15.068          0.78003
15.588          0.86845
16.108          1.0951
16.627          1.2992
17.147          1.1852
17.666          0.93081
18.186          0.79549
18.706          0.78773
19.225          0.90379
19.745          1.1500
20.264          1.3044
20.784          1.1318
21.304          0.89129
21.823          0.78465
22.343          0.80014
22.862          0.94519
23.382          1.2019
23.902          1.2941
24.421          1.0770
24.941          0.85818
25.460          0.77849
25.980          0.81734
26.500          0.99137
27.019          1.2460
27.539          1.2695
28.059          1.0244
28.578          0.83169
29.098          0.77697
29.617          0.83981
30.137          1.0415
30.657          1.2792
31.176          1.2324
31.696          0.97553
32.215          0.81106
32.735          0.78003
33.255          0.86845
33.774          1.0951
34.294          1.2992
34.813          1.1852
35.333          0.93081
35.853          0.79549
36.372          0.78773
36.892          0.90379
37.411          1.1500
37.931          1.3044
38.451          1.1318
38.970          0.89129
39.490          0.78465
40.009          0.80014
40.529          0.94519
41.049          1.2019
41.568          1.2941
42.088          1.0770
42.607          0.85818
43.127          0.77849
43.647          0.81734
44.166          0.99137
44.686          1.2460
45.205          1.2695
45.725          1.0244
46.245          0.83169
46.764          0.77697
47.284          0.83981
47.803          1.0415
48.323          1.2792
48.843          1.2324
49.362          0.97553
49.882          0.81106
50.401          0.78003
50.921          0.86845
51.441          1.0951
51.960          1.2992
52.480          1.1852
52.999          0.93081
