0.0000          0.79029
0.51960         0.91324
1.0392          1.1629
1.5588          1.3033
2.0784          1.1185
2.5980          0.88271
3.1176          0.78274
3.6372          0.80383
4.1568          0.95591
4.6764          1.2133
5.1960          1.2895
5.7156          1.0640
6.2352          0.85122
6.7548          0.77771
7.2744          0.82223
7.7940          1.0031
8.3136          1.2551
8.8332          1.2617
9.3528          1.0123
9.8724          0.82623
10.392          0.77728
10.912          0.84611
11.431          1.0542
11.951          1.2853
12.470          1.2219
12.990          0.96436
13.510          0.80687
14.029          0.78145
14.549          0.87635
15.068          1.1083
15.588          1.3019
16.108          1.1728
16.627          0.92077
17.147          0.79245
17.666          0.79029
18.186          0.91324
18.706          1.1629
19.225          1.3033
19.745          1.1185
20.264          0.88271
20.784          0.78274
21.304          0.80383
21.823          0.95591
22.343          1.2133
22.862          1.2895
23.382          1.0640
23.902          0.85122
24.421          0.77771
24.941          0.82223
25.460          1.0031
25.980          1.2551
26.500          1.2617
27.019          1.0123
27.539          0.82623
28.059          0.77728
28.578          0.84611
29.098          1.0542
29.617          1.2853
30.137          1.2219
30.657          0.96436
31.176          0.80687
31.696          0.78145
32.215          0.87635
32.735          1.1083
33.255          1.3019
33.774          1.1728
34.294          0.92077
34.813          0.79245
35.333          0.79029
35.853          0.91324
36.372          1.1629
36.892          1.3033
37.411          1.1185
37.931          0.88271
38.451          0.78274
38.970          0.80383
39.490          0.95591
40.009          1.2133
40.529          1.2895
41.049          1.0640
41.568          0.85122
42.088          0.77771
42.607          0.82223
43.127          1.0031
43.647          1.2551
44.166          1.2617
44.686          1.0123
45.205          0.82623
45.725          0.77728
46.245          0.84611
46.764          1.0542
47.284          1.2853
47.803          1.2219
48.323          0.96436
48.843          0.80687
49.362          0.78145
49.882          0.87635
50.401          1.1083
50.921          1.3019
51.441          1.1728
51.960          0.92077
52.480          0.79245
52.999          0.79029
