0.0000          0.85566
0.51960         1.0723
1.0392          1.2926
1.5588          1.2060
2.0784          0.94897
2.5980          0.80142
3.1176          0.78394
3.6372          0.88819
4.1568          1.1271
4.6764          1.3041
5.1960          1.1546
5.7156          0.90711
6.2352          0.78861
6.7548          0.79438
7.2744          0.92720
7.7940          1.1808
8.3136          1.3003
8.8332          1.0998
9.3528          0.87122
9.8724          0.78050
10.392          0.80954
10.912          0.97153
11.431          1.2287
11.951          1.2815
12.470          1.0460
12.990          0.84201
13.510          0.77705
14.029          0.82971
14.549          1.0201
15.068          1.2668
15.588          1.2493
16.108          0.99552
16.627          0.81905
17.147          0.77818
17.666          0.85566
18.186          1.0723
18.706          1.2926
19.225          1.2060
19.745          0.94897
20.264          0.80142
20.784          0.78394
21.304          0.88819
21.823          1.1271
22.343          1.3041
22.862          1.1546
23.382          0.90711
23.902          0.78861
24.421          0.79438
24.941          0.92720
25.460          1.1808
25.980          1.3003
26.500          1.0998
27.019          0.87122
27.539          0.78050
28.059          0.80954
28.578          0.97153
29.098          1.2287
29.617          1.2815
30.137          1.0460
30.657          0.84201
31.176          0.77705
31.696          0.82971
32.215          1.0201
32.735          1.2668
33.255          1.2493
33.774          0.99552
34.294          0.81905
34.813          0.77818
35.333          0.85566
35.853          1.0723
36.372          1.2926
36.892          1.2060
37.411          0.94897
37.931          0.80142
38.451          0.78394
38.970          0.88819
39.490          1.1271
40.009          1.3041
40.529          1.1546
41.049          0.90711
41.568          0.78861
42.088          0.79438
42.607          0.92720
43.127          1.1808
43.647          1.3003
44.166          1.0998
44.686          0.87122
45.205          0.78050
45.725          0.80954
46.245          0.97153
46.764          1.2287
47.284          1.2815
47.803          1.0460
48.323          0.84201
48.843          0.77705
49.362          0.82971
49.882          1.0201
50.401          1.2668
50.921          1.2493
51.441          0.99552
51.960          0.81905
52.480          0.77818
52.999          0.85566
