0.0000          0.85235
0.51960         1.0662
1.0392          1.2903
1.5588          1.2115
2.0784          0.95411
2.5980          0.80320
3.1176          0.78304
3.6372          0.88411
4.1568          1.1208
4.6764          1.3036
5.1960          1.1608
5.7156          0.91165
6.2352          0.78985
6.7548          0.79294
7.2744          0.92242
7.7940          1.1749
8.3136          1.3015
8.8332          1.1061
9.3528          0.87501
9.8724          0.78120
10.392          0.80755
10.912          0.96620
11.431          1.2237
11.951          1.2843
12.470          1.0520
12.990          0.84503
13.510          0.77721
14.029          0.82711
14.549          1.0143
15.068          1.2630
15.588          1.2536
16.108          1.0011
16.627          0.82140
17.147          0.77782
17.666          0.85235
18.186          1.0662
18.706          1.2903
19.225          1.2115
19.745          0.95411
20.264          0.80320
20.784          0.78304
21.304          0.88411
21.823          1.1208
22.343          1.3036
22.862          1.1608
23.382          0.91165
23.902          0.78985
24.421          0.79294
24.941          0.92242
25.460          1.1749
25.980          1.3015
26.500          1.1061
27.019          0.87501
27.539          0.78120
28.059          0.80755
28.578          0.96620
29.098          1.2237
29.617          1.2843
30.137          1.0520
30.657          0.84503
31.176          0.77721
31.696          0.82711
32.215          1.0143
32.735          1.2630
33.255          1.2536
33.774          1.0011
34.294          0.82140
34.813          0.77782
35.333          0.85235
35.853          1.0662
36.372          1.2903
36.892          1.2115
37.411          0.95411
37.931          0.80320
38.451          0.78304
38.970          0.88411
39.490          1.1208
40.009          1.3036
40.529          1.1608
41.049          0.91165
41.568          0.78985
42.088          0.79294
42.607          0.92242
43.127          1.1749
43.647          1.3015
44.166          1.1061
44.686          0.87501
45.205          0.78120
45.725          0.80755
46.245          0.96620
46.764          1.2237
47.284          1.2843
47.803          1.0520
48.323          0.84503
48.843          0.77721
49.362          0.82711
49.882          1.0143
50.401          1.2630
50.921          1.2536
51.441          1.0011
51.960          0.82140
52.480          0.77782
52.999          0.85235
