0.0000          1.3017
0.51960         1.1737
1.0392          0.92148
1.5588          0.79266
2.0784          0.79010
2.5980          0.91255
3.1176          1.1620
3.6372          1.3034
4.1568          1.1195
4.6764          0.88331
5.1960          0.78287
5.7156          0.80356
6.2352          0.95514
6.7548          1.2125
7.2744          1.2898
7.7940          1.0649
8.3136          0.85170
8.8332          0.77775
9.3528          0.82187
9.8724          1.0023
10.392          1.2545
10.912          1.2622
11.431          1.0132
11.951          0.82661
12.470          0.77725
12.990          0.84564
13.510          1.0532
14.029          1.2849
14.549          1.2226
15.068          0.96516
15.588          0.80716
16.108          0.78134
16.627          0.87577
17.147          1.1074
17.666          1.3017
18.186          1.1737
18.706          0.92148
19.225          0.79266
19.745          0.79010
20.264          0.91255
20.784          1.1620
21.304          1.3034
21.823          1.1195
22.343          0.88331
22.862          0.78287
23.382          0.80356
23.902          0.95513
24.421          1.2125
24.941          1.2898
25.460          1.0649
25.980          0.85170
26.500          0.77775
27.019          0.82187
27.539          1.0023
28.059          1.2545
28.578          1.2622
29.098          1.0132
29.617          0.82661
30.137          0.77725
30.657          0.84564
31.176          1.0532
31.696          1.2849
32.215          1.2226
32.735          0.96516
33.255          0.80716
33.774          0.78134
34.294          0.87577
34.813          1.1074
35.333          1.3017
35.853          1.1737
36.372          0.92148
36.892          0.79266
37.411          0.79010
37.931          0.91255
38.451          1.1620
38.970          1.3034
39.490          1.1195
40.009          0.88331
40.529          0.78287
41.049          0.80356
41.568          0.95514
42.088          1.2125
42.607          1.2898
43.127          1.0649
43.647          0.85170
44.166          0.77775
44.686          0.82187
45.205          1.0023
45.725          1.2545
46.245          1.2622
46.764          1.0132
47.284          0.82661
47.803          0.77725
48.323          0.84564
48.843          1.0532
49.362          1.2849
49.882          1.2226
50.401          0.96515
50.921          0.80716
51.441          0.78134
51.960          0.87577
52.480          1.1074
52.999          1.3017
