0.0000          0.80565
0.51960         0.78194
1.0392          0.87884
1.5588          1.1124
2.0784          1.3025
2.5980          1.1689
3.1176          0.91776
3.6372          0.79157
4.1568          0.79113
4.6764          0.91621
5.1960          1.1668
5.7156          1.3028
6.2352          1.1145
6.7548          0.88016
7.2744          0.78221
7.7940          0.80502
8.3136          0.95925
8.8332          1.2168
9.3528          1.2879
9.8724          1.0601
10.392          0.84916
10.912          0.77752
11.431          0.82380
11.951          1.0067
12.470          1.2578
12.990          1.2591
13.510          1.0086
14.029          0.82462
14.549          0.77743
15.068          0.84811
15.588          1.0581
16.108          1.2870
16.627          1.2185
17.147          0.96099
17.666          0.80565
18.186          0.78194
18.706          0.87884
19.225          1.1124
19.745          1.3025
20.264          1.1689
20.784          0.91776
21.304          0.79157
21.823          0.79113
22.343          0.91621
22.862          1.1668
23.382          1.3028
23.902          1.1145
24.421          0.88016
24.941          0.78221
25.460          0.80502
25.980          0.95925
26.500          1.2168
27.019          1.2879
27.539          1.0601
28.059          0.84916
28.578          0.77752
29.098          0.82380
29.617          1.0067
30.137          1.2578
30.657          1.2591
31.176          1.0086
31.696          0.82462
32.215          0.77743
32.735          0.84811
33.255          1.0581
33.774          1.2870
34.294          1.2185
34.813          0.96099
35.333          0.80565
35.853          0.78194
36.372          0.87884
36.892          1.1124
37.411          1.3025
37.931          1.1689
38.451          0.91776
38.970          0.79157
39.490          0.79113
40.009          0.91621
40.529          1.1668
41.049          1.3028
41.568          1.1145
42.088          0.88016
42.607          0.78221
43.127          0.80502
43.647          0.95925
44.166          1.2168
44.686          1.2879
45.205          1.0601
45.725          0.84916
46.245          0.77752
46.764          0.82380
47.284          1.0067
47.803          1.2578
48.323          1.2591
48.843          1.0086
49.362          0.82462
49.882          0.77743
50.401          0.84811
50.921          1.0581
51.441          1.2870
51.960          1.2185
52.480          0.96099
52.999          0.80565
