0.0000          0.91868
0.51960         1.5661
1.0392          1.6679
1.5588          1.0143
2.0784          0.67829
2.5980          0.60581
3.1176          0.62826
3.6372          0.80914
4.1568          1.3751
4.6764          1.7596
5.1960          1.1960
5.7156          0.73779
6.2352          0.61614
6.7548          0.61327
7.2744          0.72089
7.7940          1.1474
8.3136          1.7455
8.8332          1.4258
9.3528          0.83333
9.8724          0.63281
10.392          0.60437
10.912          0.66883
11.431          0.98193
11.951          1.6387
12.470          1.6008
12.990          0.94652
13.510          0.65904
14.029          0.60323
14.549          0.63894
15.068          0.86327
15.588          1.4815
16.108          1.7220
16.627          1.0944
17.147          0.70331
17.666          0.61020
18.186          0.61999
18.706          0.76102
19.225          1.2590
19.745          1.7684
20.264          1.3108
20.784          0.78148
21.304          0.62342
21.823          0.60805
22.343          0.69125
22.862          1.0566
23.382          1.6995
23.902          1.5216
24.421          0.88770
24.941          0.64439
25.460          0.60277
25.980          0.65210
26.500          0.91972
27.019          1.5676
27.539          1.6672
28.059          1.0133
28.578          0.67802
29.098          0.60579
29.617          0.62830
30.137          0.80927
30.657          1.3754
31.176          1.7598
31.696          1.1960
32.215          0.73781
32.735          0.61616
33.255          0.61324
33.774          0.72059
34.294          1.1464
34.813          1.7453
35.333          1.4271
35.853          0.83396
36.372          0.63296
36.892          0.60434
37.411          0.66842
37.931          0.98041
38.451          1.6373
38.970          1.6028
39.490          0.94816
40.009          0.65950
40.529          0.60328
41.049          0.63854
41.568          0.86132
42.088          1.4781
42.607          1.7238
43.127          1.0978
43.647          0.70442
44.166          0.61040
44.686          0.61971
45.205          0.75929
45.725          1.2545
46.245          1.7681
46.764          1.3153
47.284          0.78333
47.803          0.62373
48.323          0.60788
48.843          0.69038
49.362          1.0538
49.882          1.6976
50.401          1.5242
50.921          0.88940
51.441          0.64475
51.960          0.60275
52.480          0.65181
52.999          0.91868
