0.0000          0.98019
0.51960         1.6370
1.0392          1.6028
1.5588          0.94814
2.0784          0.65948
2.5980          0.60327
3.1176          0.63859
3.6372          0.86164
4.1568          1.4787
4.6764          1.7235
5.1960          1.0971
5.7156          0.70418
6.2352          0.61036
6.7548          0.61975
7.2744          0.75952
7.7940          1.2551
8.3136          1.7683
8.8332          1.3147
9.3528          0.78307
9.8724          0.62370
10.392          0.60789
10.912          0.69031
11.431          1.0536
11.951          1.6976
12.470          1.5248
12.990          0.88976
13.510          0.64486
14.029          0.60275
14.549          0.65152
15.068          0.91740
15.588          1.5645
16.108          1.6697
16.627          1.0162
17.147          0.67889
17.666          0.60593
18.186          0.62792
18.706          0.80715
19.225          1.3707
19.745          1.7607
20.264          1.2005
20.784          0.73942
21.304          0.61643
21.823          0.61300
22.343          0.71920
22.862          1.1423
23.382          1.7438
23.902          1.4313
24.421          0.83611
24.941          0.63337
25.460          0.60423
25.980          0.66769
26.500          0.97786
27.019          1.6347
27.539          1.6054
28.059          0.95043
28.578          0.66010
29.098          0.60333
29.617          0.63812
30.137          0.85941
30.657          1.4748
31.176          1.7255
31.696          1.1008
32.215          0.70539
32.735          0.61057
33.255          0.61946
33.774          0.75781
34.294          1.2506
34.813          1.7679
35.333          1.3192
35.853          0.78488
36.372          0.62399
36.892          0.60774
37.411          0.68959
37.931          1.0513
38.451          1.6959
38.970          1.5268
39.490          0.89107
40.009          0.64513
40.529          0.60273
41.049          0.65141
41.568          0.91710
42.088          1.5640
42.607          1.6695
43.127          1.0162
43.647          0.67886
44.166          0.60590
44.686          0.62802
45.205          0.80787
45.725          1.3723
46.245          1.7602
46.764          1.1987
47.284          0.73875
47.803          0.61630
48.323          0.61313
48.843          0.72005
49.362          1.1449
49.882          1.7446
50.401          1.4284
50.921          0.83463
51.441          0.63307
51.960          0.60430
52.480          0.66833
52.999          0.98019
