0.0000          0.97016
0.51960         1.6268
1.0392          1.6134
1.5588          0.95762
2.0784          0.66204
2.5980          0.60352
3.1176          0.63686
3.6372          0.85345
4.1568          1.4642
4.6764          1.7304
5.1960          1.1109
5.7156          0.70869
6.2352          0.61115
6.7548          0.61865
7.2744          0.75296
7.7940          1.2379
8.3136          1.7669
8.8332          1.3321
9.3528          0.79031
9.8724          0.62494
10.392          0.60724
10.912          0.68661
11.431          1.0418
11.951          1.6896
12.470          1.5371
12.990          0.89780
13.510          0.64672
14.029          0.60268
14.549          0.64957
15.068          0.90963
15.588          1.5540
16.108          1.6774
16.627          1.0259
17.147          0.68179
17.666          0.60639
18.186          0.62677
18.706          0.80085
19.225          1.3566
19.745          1.7633
20.264          1.2141
20.784          0.74431
21.304          0.61724
21.823          0.61231
22.343          0.71521
22.862          1.1305
23.382          1.7391
23.902          1.4438
24.421          0.84254
24.941          0.63466
25.460          0.60394
25.980          0.66543
26.500          0.96981
27.019          1.6266
27.539          1.6142
28.059          0.95823
28.578          0.66223
29.098          0.60356
29.617          0.63665
30.137          0.85231
30.657          1.4620
31.176          1.7315
31.696          1.1131
32.215          0.70943
32.735          0.61130
33.255          0.61849
33.774          0.75185
34.294          1.2347
34.813          1.7664
35.333          1.3355
35.853          0.79174
36.372          0.62518
36.892          0.60713
37.411          0.68605
37.931          1.0399
38.451          1.6879
38.970          1.5391
39.490          0.89928
40.009          0.64707
40.529          0.60269
41.049          0.64927
41.568          0.90837
42.088          1.5521
42.607          1.6786
43.127          1.0276
43.647          0.68228
44.166          0.60647
44.686          0.62661
45.205          0.79996
45.725          1.3546
46.245          1.7635
46.764          1.2159
47.284          0.74496
47.803          0.61733
48.323          0.61223
48.843          0.71489
49.362          1.1296
49.882          1.7386
50.401          1.4445
50.921          0.84291
51.441          0.63471
51.960          0.60393
52.480          0.66550
52.999          0.97016
