0.0000          0.95414
0.51960         1.6096
1.0392          1.6308
1.5588          0.97394
2.0784          0.66658
2.5980          0.60408
3.1176          0.63402
3.6372          0.83939
4.1568          1.4377
4.6764          1.7414
5.1960          1.1362
5.7156          0.71712
6.2352          0.61263
6.7548          0.61685
7.2744          0.74204
7.7940          1.2078
8.3136          1.7621
8.8332          1.3631
9.3528          0.80372
9.8724          0.62729
10.392          0.60619
10.912          0.68052
11.431          1.0217
11.951          1.6740
12.470          1.5585
12.990          0.91296
13.510          0.65040
14.029          0.60271
14.549          0.64597
15.068          0.89460
15.588          1.5321
16.108          1.6926
16.627          1.0465
17.147          0.68809
17.666          0.60749
18.186          0.62447
18.706          0.78765
19.225          1.3258
19.745          1.7673
20.264          1.2441
20.784          0.75538
21.304          0.61906
21.823          0.61086
22.343          0.70706
22.862          1.1059
23.382          1.7280
23.902          1.4694
24.421          0.85640
24.941          0.63748
25.460          0.60343
25.980          0.66108
26.500          0.95408
27.019          1.6095
27.539          1.6307
28.059          0.97392
28.578          0.66657
29.098          0.60407
29.617          0.63405
30.137          0.83959
30.657          1.4381
31.176          1.7412
31.696          1.1357
32.215          0.71696
32.735          0.61260
33.255          0.61689
33.774          0.74229
34.294          1.2085
34.813          1.7622
35.333          1.3623
35.853          0.80338
36.372          0.62723
36.892          0.60621
37.411          0.68069
37.931          1.0223
38.451          1.6745
38.970          1.5578
39.490          0.91250
40.009          0.65029
40.529          0.60271
41.049          0.64608
41.568          0.89507
42.088          1.5328
42.607          1.6921
43.127          1.0458
43.647          0.68788
44.166          0.60745
44.686          0.62454
45.205          0.78803
45.725          1.3267
46.245          1.7673
46.764          1.2433
47.284          0.75507
47.803          0.61901
48.323          0.61090
48.843          0.70723
49.362          1.1064
49.882          1.7282
50.401          1.4690
50.921          0.85614
51.441          0.63744
51.960          0.60344
52.480          0.66111
52.999          0.95414
