0.0000          0.98634
0.51960         1.6430
1.0392          1.5964
1.5588          0.94265
2.0784          0.65802
2.5980          0.60314
3.1176          0.63960
3.6372          0.86632
4.1568          1.4868
4.6764          1.7195
5.1960          1.0895
5.7156          0.70172
6.2352          0.60992
6.7548          0.62038
7.2744          0.76333
7.7940          1.2651
8.3136          1.7689
8.8332          1.3046
9.3528          0.77894
9.8724          0.62299
10.392          0.60829
10.912          0.69260
11.431          1.0609
11.951          1.7024
12.470          1.5169
12.990          0.88464
13.510          0.64367
14.029          0.60280
14.549          0.65298
15.068          0.92325
15.588          1.5722
16.108          1.6633
16.627          1.0088
17.147          0.67665
17.666          0.60555
18.186          0.62894
18.706          0.81284
19.225          1.3832
19.745          1.7579
20.264          1.1883
20.784          0.73507
21.304          0.61569
21.823          0.61368
22.343          0.72324
22.862          1.1542
23.382          1.7480
23.902          1.4187
24.421          0.82978
24.941          0.63213
25.460          0.60455
25.980          0.67008
26.500          0.98629
27.019          1.6429
27.539          1.5962
28.059          0.94256
28.578          0.65799
29.098          0.60313
29.617          0.63969
30.137          0.86676
30.657          1.4876
31.176          1.7189
31.696          1.0886
32.215          0.70144
32.735          0.60986
33.255          0.62047
33.774          0.76390
34.294          1.2666
34.813          1.7689
35.333          1.3031
35.853          0.77831
36.372          0.62288
36.892          0.60835
37.411          0.69298
37.931          1.0621
38.451          1.7031
38.970          1.5156
39.490          0.88383
40.009          0.64348
40.529          0.60281
41.049          0.65319
41.568          0.92407
42.088          1.5733
42.607          1.6625
43.127          1.0078
43.647          0.67637
44.166          0.60551
44.686          0.62905
45.205          0.81342
45.725          1.3845
46.245          1.7576
46.764          1.1871
47.284          0.73467
47.803          0.61563
48.323          0.61374
48.843          0.72351
49.362          1.1550
49.882          1.7483
50.401          1.4180
50.921          0.82944
51.441          0.63207
51.960          0.60456
52.480          0.67011
52.999          0.98634
