0.0000          0.98616
0.51960         1.6428
1.0392          1.5964
1.5588          0.94270
2.0784          0.65802
2.5980          0.60314
3.1176          0.63966
3.6372          0.86663
4.1568          1.4873
4.6764          1.7190
5.1960          1.0888
5.7156          0.70150
6.2352          0.60987
6.7548          0.62046
7.2744          0.76384
7.7940          1.2664
8.3136          1.7689
8.8332          1.3032
9.3528          0.77836
9.8724          0.62288
10.392          0.60835
10.912          0.69299
11.431          1.0622
11.951          1.7031
12.470          1.5155
12.990          0.88375
13.510          0.64346
14.029          0.60281
14.549          0.65325
15.068          0.92434
15.588          1.5736
16.108          1.6621
16.627          1.0074
17.147          0.67625
17.666          0.60549
18.186          0.62912
18.706          0.81385
19.225          1.3854
19.745          1.7574
20.264          1.1862
20.784          0.73434
21.304          0.61557
21.823          0.61379
22.343          0.72386
22.862          1.1560
23.382          1.7486
23.902          1.4169
24.421          0.82890
24.941          0.63197
25.460          0.60459
25.980          0.67032
26.500          0.98709
27.019          1.6437
27.539          1.5955
28.059          0.94196
28.578          0.65784
29.098          0.60313
29.617          0.63974
30.137          0.86695
30.657          1.4879
31.176          1.7189
31.696          1.0885
32.215          0.70139
32.735          0.60986
33.255          0.62046
33.774          0.76381
34.294          1.2663
34.813          1.7689
35.333          1.3034
35.853          0.77845
36.372          0.62291
36.892          0.60833
37.411          0.69283
37.931          1.0616
38.451          1.7029
38.970          1.5162
39.490          0.88421
40.009          0.64357
40.529          0.60281
41.049          0.65305
41.568          0.92351
42.088          1.5725
42.607          1.6631
43.127          1.0085
43.647          0.67659
44.166          0.60555
44.686          0.62895
45.205          0.81289
45.725          1.3833
46.245          1.7579
46.764          1.1883
47.284          0.73506
47.803          0.61569
48.323          0.61368
48.843          0.72321
49.362          1.1542
49.882          1.7479
50.401          1.4188
50.921          0.82984
51.441          0.63214
51.960          0.60455
52.480          0.67005
52.999          0.98616
