0.0000          0.99334
0.51960         1.6495
1.0392          1.5886
1.5588          0.93628
2.0784          0.65633
2.5980          0.60300
3.1176          0.64097
3.6372          0.87265
4.1568          1.4975
4.6764          1.7135
5.1960          1.0791
5.7156          0.69837
6.2352          0.60930
6.7548          0.62132
7.2744          0.76906
7.7940          1.2798
8.3136          1.7692
8.8332          1.2896
9.3528          0.77290
9.8724          0.62196
10.392          0.60890
10.912          0.69617
11.431          1.0722
11.951          1.7094
12.470          1.5046
12.990          0.87701
13.510          0.64193
14.029          0.60292
14.549          0.65519
15.068          0.93195
15.588          1.5832
16.108          1.6539
16.627          0.99819
17.147          0.67352
17.666          0.60505
18.186          0.63043
18.706          0.82095
19.225          1.4005
19.745          1.7534
20.264          1.1716
20.784          0.72921
21.304          0.61470
21.823          0.61464
22.343          0.72885
22.862          1.1706
23.382          1.7531
23.902          1.4017
24.421          0.82152
24.941          0.63056
25.460          0.60501
25.980          0.67311
26.500          0.99672
27.019          1.6527
27.539          1.5853
28.059          0.93351
28.578          0.65563
29.098          0.60296
29.617          0.64141
30.137          0.87458
30.657          1.5007
31.176          1.7121
31.696          1.0764
32.215          0.69753
32.735          0.60918
33.255          0.62150
33.774          0.76999
34.294          1.2822
34.813          1.7694
35.333          1.2876
35.853          0.77211
36.372          0.62185
36.892          0.60896
37.411          0.69626
37.931          1.0724
38.451          1.7097
38.970          1.5050
39.490          0.87719
40.009          0.64200
40.529          0.60292
41.049          0.65485
41.568          0.93046
42.088          1.5815
42.607          1.6561
43.127          1.0004
43.647          0.67419
44.166          0.60518
44.686          0.63001
45.205          0.81854
45.725          1.3954
46.245          1.7549
46.764          1.1767
47.284          0.73100
47.803          0.61501
48.323          0.61433
48.843          0.72695
49.362          1.1650
49.882          1.7515
50.401          1.4075
50.921          0.82429
51.441          0.63108
51.960          0.60485
52.480          0.67212
52.999          0.99334
