0.0000          0.92710
0.51960         1.5770
1.0392          1.6592
1.5588          1.0041
2.0784          0.67528
2.5980          0.60534
3.1176          0.62964
3.6372          0.81650
4.1568          1.3906
4.6764          1.7557
5.1960          1.1811
5.7156          0.73257
6.2352          0.61528
6.7548          0.61414
7.2744          0.72579
7.7940          1.1612
8.3136          1.7498
8.8332          1.4117
9.3528          0.82643
9.8724          0.63151
10.392          0.60475
10.912          0.67127
11.431          0.99028
11.951          1.6466
12.470          1.5923
12.990          0.93931
13.510          0.65716
14.029          0.60308
14.549          0.64023
15.068          0.86914
15.588          1.4916
16.108          1.7171
16.627          1.0850
17.147          0.70029
17.666          0.60967
18.186          0.62074
18.706          0.76547
19.225          1.2706
19.745          1.7691
20.264          1.2992
20.784          0.77676
21.304          0.62263
21.823          0.60850
22.343          0.69372
22.862          1.0644
23.382          1.7046
23.902          1.5133
24.421          0.88248
24.941          0.64320
25.460          0.60285
25.980          0.65353
26.500          0.92531
27.019          1.5747
27.539          1.6611
28.059          1.0066
28.578          0.67604
29.098          0.60546
29.617          0.62926
30.137          0.81451
30.657          1.3867
31.176          1.7568
31.696          1.1850
32.215          0.73397
32.735          0.61551
33.255          0.61388
33.774          0.72438
34.294          1.1576
34.813          1.7490
35.333          1.4152
35.853          0.82808
36.372          0.63180
36.892          0.60465
37.411          0.67075
37.931          0.98863
38.451          1.6451
38.970          1.5936
39.490          0.94042
40.009          0.65742
40.529          0.60308
41.049          0.64014
41.568          0.86886
42.088          1.4911
42.607          1.7170
43.127          1.0852
43.647          0.70032
44.166          0.60965
44.686          0.62078
45.205          0.76579
45.725          1.2714
46.245          1.7690
46.764          1.2981
47.284          0.77630
47.803          0.62253
48.323          0.60855
48.843          0.69416
49.362          1.0659
49.882          1.7055
50.401          1.5115
50.921          0.88127
51.441          0.64289
51.960          0.60285
52.480          0.65396
52.999          0.92710
