0.0000          0.97015
0.51960         1.6268
1.0392          1.6134
1.5588          0.95761
2.0784          0.66204
2.5980          0.60353
3.1176          0.63687
3.6372          0.85347
4.1568          1.4642
4.6764          1.7303
5.1960          1.1109
5.7156          0.70870
6.2352          0.61116
6.7548          0.61867
7.2744          0.75302
7.7940          1.2379
8.3136          1.7667
8.8332          1.3322
9.3528          0.79037
9.8724          0.62495
10.392          0.60724
10.912          0.68663
11.431          1.0417
11.951          1.6894
12.470          1.5374
12.990          0.89809
13.510          0.64682
14.029          0.60270
14.549          0.64941
15.068          0.90883
15.588          1.5528
16.108          1.6785
16.627          1.0273
17.147          0.68223
17.666          0.60649
18.186          0.62656
18.706          0.79951
19.225          1.3535
19.745          1.7639
20.264          1.2173
20.784          0.74548
21.304          0.61744
21.823          0.61213
22.343          0.71414
22.862          1.1273
23.382          1.7379
23.902          1.4473
24.421          0.84438
24.941          0.63503
25.460          0.60387
25.980          0.66478
26.500          0.96744
27.019          1.6241
27.539          1.6168
28.059          0.96054
28.578          0.66286
29.098          0.60364
29.617          0.63626
30.137          0.85040
30.657          1.4585
31.176          1.7330
31.696          1.1163
32.215          0.71047
32.735          0.61147
33.255          0.61827
33.774          0.75059
34.294          1.2312
34.813          1.7658
35.333          1.3389
35.853          0.79315
36.372          0.62541
36.892          0.60702
37.411          0.68551
37.931          1.0381
38.451          1.6865
38.970          1.5407
39.490          0.90042
40.009          0.64733
40.529          0.60268
41.049          0.64909
41.568          0.90771
42.088          1.5511
42.607          1.6791
43.127          1.0283
43.647          0.68249
44.166          0.60650
44.686          0.62656
45.205          0.79972
45.725          1.3540
46.245          1.7635
46.764          1.2164
47.284          0.74513
47.803          0.61735
48.323          0.61222
48.843          0.71483
49.362          1.1294
49.882          1.7385
50.401          1.4446
50.921          0.84298
51.441          0.63472
51.960          0.60393
52.480          0.66550
52.999          0.97015
