0.0000          1.1890
0.51960         1.7583
1.0392          1.3822
1.5588          0.81226
2.0784          0.62882
2.5980          0.60557
3.1176          0.67686
3.6372          1.0096
4.1568          1.6643
4.6764          1.5712
5.1960          0.92230
5.7156          0.65271
6.2352          0.60277
6.7548          0.64384
7.2744          0.88550
7.7940          1.5185
8.3136          1.7017
8.8332          1.0594
9.3528          0.69213
9.8724          0.60821
10.392          0.62309
10.912          0.77953
11.431          1.3062
11.951          1.7691
12.470          1.2636
12.990          0.76276
13.510          0.62030
14.029          0.60995
14.549          0.70181
15.068          1.0897
15.588          1.7198
16.108          1.4869
16.627          0.86635
17.147          0.63963
17.666          0.60314
18.186          0.65778
18.706          0.94161
19.225          1.5953
19.745          1.6446
20.264          0.98786
20.784          0.67058
21.304          0.60465
21.823          0.63171
22.343          0.82744
22.862          1.4140
23.382          1.7500
23.902          1.1592
24.421          0.72493
24.941          0.61400
25.460          0.61532
25.980          0.73272
26.500          1.1816
27.019          1.7566
27.539          1.3904
28.059          0.81610
28.578          0.62955
29.098          0.60532
29.617          0.67512
30.137          1.0036
30.657          1.6590
31.176          1.5779
31.696          0.92750
32.215          0.65405
32.735          0.60284
33.255          0.64270
33.774          0.88048
34.294          1.5105
34.813          1.7064
35.333          1.0668
35.853          0.69442
36.372          0.60860
36.892          0.62242
37.411          0.77567
37.931          1.2967
38.451          1.7693
38.970          1.2726
39.490          0.76613
40.009          0.62081
40.529          0.60961
41.049          0.70020
41.568          1.0849
42.088          1.7168
42.607          1.4911
43.127          0.86880
43.647          0.64009
44.166          0.60308
44.686          0.65762
45.205          0.94131
45.725          1.5946
46.245          1.6437
46.764          0.98730
47.284          0.67034
47.803          0.60456
48.323          0.63207
48.843          0.82967
49.362          1.4186
49.882          1.7479
50.401          1.1540
50.921          0.72313
51.441          0.61365
51.960          0.61570
52.480          0.73525
52.999          1.1890
