0.0000          0.94637
0.51960         1.6007
1.0392          1.6390
1.5588          0.98220
2.0784          0.66892
2.5980          0.60439
3.1176          0.63272
3.6372          0.83282
4.1568          1.4248
4.6764          1.7460
5.1960          1.1485
5.7156          0.72127
6.2352          0.61335
6.7548          0.61605
7.2744          0.73720
7.7940          1.1943
8.3136          1.7593
8.8332          1.3770
9.3528          0.81001
9.8724          0.62843
10.392          0.60574
10.912          0.67781
11.431          1.0127
11.951          1.6666
12.470          1.5681
12.990          0.92012
13.510          0.65219
14.029          0.60277
14.549          0.64435
15.068          0.88763
15.588          1.5215
16.108          1.6995
16.627          1.0565
17.147          0.69121
17.666          0.60804
18.186          0.62343
18.706          0.78156
19.225          1.3111
19.745          1.7685
20.264          1.2587
20.784          0.76088
21.304          0.61997
21.823          0.61020
22.343          0.70334
22.862          1.0945
23.382          1.7221
23.902          1.4815
24.421          0.86321
24.941          0.63893
25.460          0.60323
25.980          0.65899
26.500          0.94631
27.019          1.6006
27.539          1.6390
28.059          0.98225
28.578          0.66893
29.098          0.60439
29.617          0.63272
30.137          0.83283
30.657          1.4248
31.176          1.7460
31.696          1.1484
32.215          0.72126
32.735          0.61335
33.255          0.61605
33.774          0.73722
34.294          1.1944
34.813          1.7593
35.333          1.3769
35.853          0.80996
36.372          0.62842
36.892          0.60574
37.411          0.67784
37.931          1.0128
38.451          1.6667
38.970          1.5679
39.490          0.92002
40.009          0.65216
40.529          0.60277
41.049          0.64438
41.568          0.88775
42.088          1.5217
42.607          1.6993
43.127          1.0563
43.647          0.69116
44.166          0.60803
44.686          0.62345
45.205          0.78167
45.725          1.3113
46.245          1.7685
46.764          1.2584
47.284          0.76078
47.803          0.61995
48.323          0.61021
48.843          0.70340
49.362          1.0947
49.882          1.7222
50.401          1.4813
50.921          0.86312
51.441          0.63891
51.960          0.60323
52.480          0.65901
52.999          0.94637
