0.0000          0.94686
0.51960         1.6013
1.0392          1.6385
1.5588          0.98167
2.0784          0.66877
2.5980          0.60437
3.1176          0.63280
3.6372          0.83323
4.1568          1.4256
4.6764          1.7457
5.1960          1.1477
5.7156          0.72101
6.2352          0.61331
6.7548          0.61610
7.2744          0.73749
7.7940          1.1951
8.3136          1.7595
8.8332          1.3762
9.3528          0.80961
9.8724          0.62835
10.392          0.60577
10.912          0.67798
11.431          1.0132
11.951          1.6671
12.470          1.5675
12.990          0.91965
13.510          0.65207
14.029          0.60276
14.549          0.64446
15.068          0.88810
15.588          1.5223
16.108          1.6990
16.627          1.0558
17.147          0.69100
17.666          0.60800
18.186          0.62350
18.706          0.78198
19.225          1.3121
19.745          1.7684
20.264          1.2577
20.784          0.76049
21.304          0.61990
21.823          0.61025
22.343          0.70360
22.862          1.0953
23.382          1.7226
23.902          1.4806
24.421          0.86273
24.941          0.63882
25.460          0.60324
25.980          0.65914
26.500          0.94687
27.019          1.6013
27.539          1.6384
28.059          0.98163
28.578          0.66875
29.098          0.60437
29.617          0.63282
30.137          0.83332
30.657          1.4258
31.176          1.7456
31.696          1.1475
32.215          0.72094
32.735          0.61329
33.255          0.61611
33.774          0.73759
34.294          1.1954
34.813          1.7595
35.333          1.3759
35.853          0.80948
36.372          0.62833
36.892          0.60578
37.411          0.67804
37.931          1.0134
38.451          1.6673
38.970          1.5672
39.490          0.91948
40.009          0.65203
40.529          0.60276
41.049          0.64450
41.568          0.88826
42.088          1.5225
42.607          1.6989
43.127          1.0556
43.647          0.69093
44.166          0.60799
44.686          0.62352
45.205          0.78210
45.725          1.3124
46.245          1.7684
46.764          1.2574
47.284          0.76039
47.803          0.61989
48.323          0.61026
48.843          0.70365
49.362          1.0954
49.882          1.7226
50.401          1.4805
50.921          0.86266
51.441          0.63881
51.960          0.60324
52.480          0.65914
52.999          0.94686
