0.0000          0.69544
0.51960         1.0700
1.0392          1.7082
1.5588          1.5072
2.0784          0.87853
2.5980          0.64228
3.1176          0.60288
3.6372          0.65459
4.1568          0.92958
4.6764          1.5804
5.1960          1.6568
5.7156          1.0012
6.2352          0.67442
6.7548          0.60521
7.2744          0.62990
7.7940          0.81801
8.3136          1.3944
8.8332          1.7554
9.3528          1.1778
9.8724          0.73140
10.392          0.61510
10.912          0.61423
11.431          0.72628
11.951          1.1631
12.470          1.7511
12.990          1.4099
13.510          0.82547
14.029          0.63134
14.549          0.60477
15.068          0.67131
15.588          0.99039
16.108          1.6470
16.627          1.5926
17.147          0.93940
17.666          0.65720
18.186          0.60310
18.706          0.64006
19.225          0.86826
19.745          1.4902
20.264          1.7182
20.784          1.0867
21.304          0.70083
21.823          0.60978
22.343          0.62056
22.862          0.76431
23.382          1.2676
23.902          1.7692
24.421          1.3022
24.941          0.77795
25.460          0.62282
25.980          0.60837
26.500          0.69304
27.019          1.0623
27.539          1.7034
28.059          1.5154
28.578          0.88365
29.098          0.64342
29.617          0.60280
30.137          0.65325
30.657          0.92437
31.176          1.5737
31.696          1.6621
32.215          1.0072
32.735          0.67616
33.255          0.60546
33.774          0.62917
34.294          0.81416
34.813          1.3861
35.333          1.7571
35.853          1.1853
36.372          0.73396
36.892          0.61548
37.411          0.61387
37.931          0.72446
38.451          1.1578
38.970          1.7490
39.490          1.4146
40.009          0.82773
40.529          0.63170
41.049          0.60467
41.568          0.67109
42.088          0.98991
42.607          1.6462
43.127          1.5918
43.647          0.93898
44.166          0.65700
44.686          0.60303
45.205          0.64057
45.725          0.87098
46.245          1.4947
46.764          1.7148
47.284          1.0815
47.803          0.69912
48.323          0.60942
48.843          0.62112
49.362          0.76797
49.882          1.2772
50.401          1.7692
50.921          1.2922
51.441          0.77392
51.960          0.62213
52.480          0.60878
52.999          0.69544
