0.0000          0.97123
0.51960         1.6280
1.0392          1.6124
1.5588          0.95669
2.0784          0.66180
2.5980          0.60351
3.1176          0.63700
3.6372          0.85406
4.1568          1.4652
4.6764          1.7299
5.1960          1.1100
5.7156          0.70841
6.2352          0.61111
6.7548          0.61874
7.2744          0.75341
7.7940          1.2389
8.3136          1.7668
8.8332          1.3313
9.3528          0.78996
9.8724          0.62488
10.392          0.60728
10.912          0.68687
11.431          1.0425
11.951          1.6898
12.470          1.5365
12.990          0.89751
13.510          0.64667
14.029          0.60270
14.549          0.64960
15.068          0.90968
15.588          1.5539
16.108          1.6775
16.627          1.0261
17.147          0.68185
17.666          0.60642
18.186          0.62674
18.706          0.80057
19.225          1.3559
19.745          1.7634
20.264          1.2148
20.784          0.74457
21.304          0.61728
21.823          0.61227
22.343          0.71502
22.862          1.1299
23.382          1.7389
23.902          1.4443
24.421          0.84283
24.941          0.63471
25.460          0.60393
25.980          0.66541
26.500          0.96975
27.019          1.6264
27.539          1.6141
28.059          0.95819
28.578          0.66221
29.098          0.60355
29.617          0.63672
30.137          0.85270
30.657          1.4627
31.176          1.7310
31.696          1.1123
32.215          0.70917
32.735          0.61124
33.255          0.61857
33.774          0.75243
34.294          1.2362
34.813          1.7664
35.333          1.3338
35.853          0.79104
36.372          0.62505
36.892          0.60720
37.411          0.68648
37.931          1.0413
38.451          1.6888
38.970          1.5375
39.490          0.89822
40.009          0.64682
40.529          0.60269
41.049          0.64957
41.568          0.90963
42.088          1.5538
42.607          1.6773
43.127          1.0259
43.647          0.68177
44.166          0.60639
44.686          0.62682
45.205          0.80112
45.725          1.3572
46.245          1.7631
46.764          1.2134
47.284          0.74405
47.803          0.61718
48.323          0.61236
48.843          0.71558
49.362          1.1316
49.882          1.7395
50.401          1.4424
50.921          0.84182
51.441          0.63450
51.960          0.60398
52.480          0.66581
52.999          0.97123
