0.0000          0.82110
0.51960         1.4002
1.0392          1.7524
1.5588          1.1712
2.0784          0.72910
2.5980          0.61465
3.1176          0.61488
3.6372          0.73037
4.1568          1.1735
4.6764          1.7517
5.1960          1.3986
5.7156          0.82042
6.2352          0.63035
6.7548          0.60520
7.2744          0.67449
7.7940          1.0008
8.3136          1.6539
8.8332          1.5810
9.3528          0.93131
9.8724          0.65518
10.392          0.60303
10.912          0.64206
11.431          0.87699
11.951          1.5037
12.470          1.7100
12.990          1.0738
13.510          0.69677
14.029          0.60908
14.549          0.62173
15.068          0.77117
15.588          1.2850
16.108          1.7695
16.627          1.2851
17.147          0.77118
17.666          0.62172
18.186          0.60903
18.706          0.69656
19.225          1.0733
19.745          1.7104
20.264          1.5045
20.784          0.87688
21.304          0.64197
21.823          0.60292
22.343          0.65469
22.862          0.92971
23.382          1.5807
23.902          1.6574
24.421          1.0017
24.941          0.67461
25.460          0.60528
25.980          0.62971
26.500          0.81676
27.019          1.3916
27.539          1.7562
28.059          1.1808
28.578          0.73250
29.098          0.61530
29.617          0.61406
30.137          0.72518
30.657          1.1598
31.176          1.7497
31.696          1.4134
32.215          0.82744
32.735          0.63175
33.255          0.60473
33.774          0.67086
34.294          0.98863
34.813          1.6444
35.333          1.5937
35.853          0.94153
36.372          0.65783
36.892          0.60318
37.411          0.64009
37.931          0.86833
38.451          1.4893
38.970          1.7162
39.490          1.0872
40.009          0.70121
40.529          0.60977
41.049          0.62075
41.568          0.76582
42.088          1.2714
42.607          1.7680
43.127          1.2977
43.647          0.77643
44.166          0.62256
44.686          0.60862
45.205          0.69466
45.725          1.0675
46.245          1.7062
46.764          1.5090
47.284          0.87982
47.803          0.64253
48.323          0.60288
48.843          0.65472
49.362          0.93027
49.882          1.5809
50.401          1.6550
50.921          0.99969
51.441          0.67392
51.960          0.60509
52.480          0.63047
52.999          0.82110
