0.0000          0.97469
0.51960         1.6315
1.0392          1.6087
1.5588          0.95338
2.0784          0.66089
2.5980          0.60341
3.1176          0.63760
3.6372          0.85694
4.1568          1.4704
4.6764          1.7275
5.1960          1.1050
5.7156          0.70677
6.2352          0.61081
6.7548          0.61913
7.2744          0.75577
7.7940          1.2452
8.3136          1.7674
8.8332          1.3248
9.3528          0.78722
9.8724          0.62440
10.392          0.60752
10.912          0.68829
11.431          1.0471
11.951          1.6931
12.470          1.5315
12.990          0.89415
13.510          0.64587
14.029          0.60271
14.549          0.65051
15.068          0.91338
15.588          1.5590
16.108          1.6736
16.627          1.0212
17.147          0.68036
17.666          0.60616
18.186          0.62735
18.706          0.80407
19.225          1.3639
19.745          1.7620
20.264          1.2070
20.784          0.74176
21.304          0.61681
21.823          0.61267
22.343          0.71736
22.862          1.1369
23.382          1.7417
23.902          1.4369
24.421          0.83899
24.941          0.63394
25.460          0.60410
25.980          0.66674
26.500          0.97450
27.019          1.6313
27.539          1.6090
28.059          0.95359
28.578          0.66095
29.098          0.60342
29.617          0.63755
30.137          0.85670
30.657          1.4700
31.176          1.7277
31.696          1.1055
32.215          0.70691
32.735          0.61084
33.255          0.61909
33.774          0.75556
34.294          1.2446
34.813          1.7674
35.333          1.3253
35.853          0.78746
36.372          0.62444
36.892          0.60750
37.411          0.68819
37.931          1.0468
38.451          1.6928
38.970          1.5318
39.490          0.89437
40.009          0.64592
40.529          0.60271
41.049          0.65047
41.568          0.91325
42.088          1.5588
42.607          1.6737
43.127          1.0213
43.647          0.68039
44.166          0.60616
44.686          0.62735
45.205          0.80406
45.725          1.3638
46.245          1.7619
46.764          1.2070
47.284          0.74176
47.803          0.61680
48.323          0.61268
48.843          0.71739
49.362          1.1370
49.882          1.7417
50.401          1.4368
50.921          0.83891
51.441          0.63392
51.960          0.60410
52.480          0.66679
52.999          0.97469
