0.0000          0.95333
0.51960         1.6087
1.0392          1.6316
1.5588          0.97475
2.0784          0.66681
2.5980          0.60411
3.1176          0.63390
3.6372          0.83883
4.1568          1.4366
4.6764          1.7418
5.1960          1.1372
5.7156          0.71745
6.2352          0.61269
6.7548          0.61679
7.2744          0.74166
7.7940          1.2068
8.3136          1.7619
8.8332          1.3641
9.3528          0.80418
9.8724          0.62737
10.392          0.60615
10.912          0.68032
11.431          1.0211
11.951          1.6735
12.470          1.5591
12.990          0.91346
13.510          0.65052
14.029          0.60271
14.549          0.64586
15.068          0.89412
15.588          1.5314
16.108          1.6931
16.627          1.0471
17.147          0.68830
17.666          0.60752
18.186          0.62440
18.706          0.78722
19.225          1.3247
19.745          1.7674
20.264          1.2452
20.784          0.75577
21.304          0.61913
21.823          0.61081
22.343          0.70677
22.862          1.1050
23.382          1.7275
23.902          1.4704
24.421          0.85695
24.941          0.63760
25.460          0.60341
25.980          0.66088
26.500          0.95333
27.019          1.6087
27.539          1.6316
28.059          0.97475
28.578          0.66681
29.098          0.60411
29.617          0.63390
30.137          0.83883
30.657          1.4366
31.176          1.7418
31.696          1.1372
32.215          0.71745
32.735          0.61269
33.255          0.61679
33.774          0.74166
34.294          1.2068
34.813          1.7619
35.333          1.3641
35.853          0.80418
36.372          0.62737
36.892          0.60615
37.411          0.68032
37.931          1.0211
38.451          1.6735
38.970          1.5591
39.490          0.91346
40.009          0.65052
40.529          0.60271
41.049          0.64586
41.568          0.89412
42.088          1.5314
42.607          1.6931
43.127          1.0471
43.647          0.68830
44.166          0.60752
44.686          0.62440
45.205          0.78722
45.725          1.3247
46.245          1.7674
46.764          1.2452
47.284          0.75577
47.803          0.61913
48.323          0.61081
48.843          0.70677
49.362          1.1050
49.882          1.7275
50.401          1.4704
50.921          0.85695
51.441          0.63760
51.960          0.60341
52.480          0.66088
52.999          0.95333
