0.0000          0.94462
0.51960         1.5987
1.0392          1.6409
1.5588          0.98412
2.0784          0.66947
2.5980          0.60447
3.1176          0.63242
3.6372          0.83125
4.1568          1.4216
4.6764          1.7471
5.1960          1.1515
5.7156          0.72231
6.2352          0.61353
6.7548          0.61585
7.2744          0.73598
7.7940          1.1909
8.3136          1.7585
8.8332          1.3806
9.3528          0.81166
9.8724          0.62873
10.392          0.60563
10.912          0.67707
11.431          1.0102
11.951          1.6645
12.470          1.5709
12.990          0.92221
13.510          0.65272
14.029          0.60279
14.549          0.64385
15.068          0.88542
15.588          1.5181
16.108          1.7017
16.627          1.0598
17.147          0.69226
17.666          0.60823
18.186          0.62309
18.706          0.77952
19.225          1.3061
19.745          1.7688
20.264          1.2637
20.784          0.76279
21.304          0.62029
21.823          0.60998
22.343          0.70209
22.862          1.0906
23.382          1.7201
23.902          1.4855
24.421          0.86557
24.941          0.63944
25.460          0.60316
25.980          0.65830
26.500          0.94370
27.019          1.5976
27.539          1.6418
28.059          0.98509
28.578          0.66974
29.098          0.60451
29.617          0.63229
30.137          0.83063
30.657          1.4204
31.176          1.7474
31.696          1.1526
32.215          0.72268
32.735          0.61359
33.255          0.61579
33.774          0.73569
34.294          1.1900
34.813          1.7583
35.333          1.3813
35.853          0.81199
36.372          0.62878
36.892          0.60561
37.411          0.67704
37.931          1.0101
38.451          1.6644
38.970          1.5707
39.490          0.92211
40.009          0.65268
40.529          0.60279
41.049          0.64395
41.568          0.88593
42.088          1.5189
42.607          1.7010
43.127          1.0589
43.647          0.69197
44.166          0.60817
44.686          0.62320
45.205          0.78022
45.725          1.3078
46.245          1.7687
46.764          1.2619
47.284          0.76211
47.803          0.62017
48.323          0.61006
48.843          0.70256
49.362          1.0921
49.882          1.7209
50.401          1.4840
50.921          0.86468
51.441          0.63925
51.960          0.60319
52.480          0.65854
52.999          0.94462
