0.0000          1.4341
0.51960         1.7430
1.0392          1.1398
1.5588          0.71834
2.0784          0.61287
2.5980          0.61657
3.1176          0.74021
3.6372          1.2027
4.1568          1.7614
4.6764          1.3687
5.1960          0.80622
5.7156          0.62777
6.2352          0.60598
6.7548          0.67909
7.2744          1.0168
7.7940          1.6703
8.3136          1.5643
8.8332          0.91716
9.3528          0.65149
9.8724          0.60276
10.392          0.64476
10.912          0.88922
11.431          1.5241
11.951          1.6985
12.470          1.0546
12.990          0.69065
13.510          0.60797
14.029          0.62353
14.549          0.78203
15.068          1.3123
15.588          1.7687
16.108          1.2577
16.627          0.76051
17.147          0.61992
17.666          0.61023
18.186          0.70340
18.706          1.0947
19.225          1.7224
19.745          1.4813
20.264          0.86308
20.784          0.63889
21.304          0.60322
21.823          0.65903
22.343          0.94649
22.862          1.6009
23.382          1.6387
23.902          0.98188
24.421          0.66880
24.941          0.60436
25.460          0.63282
25.980          0.83342
26.500          1.4261
27.019          1.7454
27.539          1.1470
28.059          0.72076
28.578          0.61324
29.098          0.61617
29.617          0.73807
30.137          1.1968
30.657          1.7597
31.176          1.3740
31.696          0.80863
32.215          0.62814
32.735          0.60585
33.255          0.67872
33.774          1.0158
34.294          1.6690
34.813          1.5640
35.333          0.91718
35.853          0.65141
36.372          0.60272
36.892          0.64526
37.411          0.89174
37.931          1.5278
38.451          1.6949
38.970          1.0500
39.490          0.68917
40.009          0.60765
40.529          0.62416
41.049          0.78600
41.568          1.3219
42.088          1.7676
42.607          1.2477
43.127          0.75669
43.647          0.61927
44.166          0.61070
44.686          0.70620
45.205          1.1033
45.725          1.7267
46.245          1.4721
46.764          0.85786
47.284          0.63778
47.803          0.60337
48.323          0.66057
48.843          0.95221
49.362          1.6075
49.882          1.6329
50.401          0.97594
50.921          0.66714
51.441          0.60416
51.960          0.63364
52.480          0.83750
52.999          1.4341
