0.0000          0.99062
0.51960         1.6471
1.0392          1.5918
1.5588          0.93886
2.0784          0.65703
2.5980          0.60307
3.1176          0.64033
3.6372          0.86965
4.1568          1.4925
4.6764          1.7165
5.1960          1.0842
5.7156          0.70001
6.2352          0.60962
6.7548          0.62082
7.2744          0.76597
7.7940          1.2719
8.3136          1.7692
8.8332          1.2978
9.3528          0.77619
9.8724          0.62253
10.392          0.60855
10.912          0.69405
11.431          1.0655
11.951          1.7053
12.470          1.5122
12.990          0.88165
13.510          0.64299
14.029          0.60284
14.549          0.65373
15.068          0.92617
15.588          1.5760
16.108          1.6604
16.627          1.0053
17.147          0.67564
17.666          0.60540
18.186          0.62938
18.706          0.81522
19.225          1.3883
19.745          1.7566
20.264          1.1834
20.784          0.73335
21.304          0.61540
21.823          0.61396
22.343          0.72483
22.862          1.1589
23.382          1.7495
23.902          1.4138
24.421          0.82740
24.941          0.63167
25.460          0.60468
25.980          0.67099
26.500          0.98945
27.019          1.6459
27.539          1.5928
28.059          0.93970
28.578          0.65722
29.098          0.60307
29.617          0.64028
30.137          0.86951
30.657          1.4922
31.176          1.7164
31.696          1.0841
32.215          0.69999
32.735          0.60959
33.255          0.62087
33.774          0.76633
34.294          1.2728
34.813          1.7691
35.333          1.2967
35.853          0.77574
36.372          0.62244
36.892          0.60861
37.411          0.69446
37.931          1.0668
38.451          1.7061
38.970          1.5105
39.490          0.88065
40.009          0.64276
40.529          0.60286
41.049          0.65409
41.568          0.92762
42.088          1.5778
42.607          1.6587
43.127          1.0035
43.647          0.67509
44.166          0.60530
44.686          0.62965
45.205          0.81670
45.725          1.3915
46.245          1.7558
46.764          1.1803
47.284          0.73228
47.803          0.61523
48.323          0.61412
48.843          0.72576
49.362          1.1616
49.882          1.7504
50.401          1.4111
50.921          0.82608
51.441          0.63143
51.960          0.60475
52.480          0.67134
52.999          0.99062
