0.0000          0.93334
0.51960         1.5850
1.0392          1.6527
1.5588          0.99680
2.0784          0.67313
2.5980          0.60500
3.1176          0.63057
3.6372          0.82159
4.1568          1.4018
4.6764          1.7531
5.1960          1.1704
5.7156          0.72881
6.2352          0.61464
6.7548          0.61470
7.2744          0.72919
7.7940          1.1715
8.3136          1.7534
8.8332          1.4007
9.3528          0.82105
9.8724          0.63047
10.392          0.60504
10.912          0.67334
11.431          0.99754
11.951          1.6534
12.470          1.5842
12.990          0.93271
13.510          0.65541
14.029          0.60294
14.549          0.64165
15.068          0.87569
15.588          1.5025
16.108          1.7108
16.627          1.0745
17.147          0.69691
17.666          0.60905
18.186          0.62171
18.706          0.77132
19.225          1.2856
19.745          1.7693
20.264          1.2840
20.784          0.77070
21.304          0.62160
21.823          0.60912
22.343          0.69727
22.862          1.0756
23.382          1.7115
23.902          1.5013
24.421          0.87498
24.941          0.64149
25.460          0.60295
25.980          0.65560
26.500          0.93344
27.019          1.5852
27.539          1.6527
28.059          0.99669
28.578          0.67310
29.098          0.60500
29.617          0.63058
30.137          0.82165
30.657          1.4020
31.176          1.7531
31.696          1.1703
32.215          0.72877
32.735          0.61463
33.255          0.61470
33.774          0.72921
34.294          1.1716
34.813          1.7534
35.333          1.4007
35.853          0.82102
36.372          0.63046
36.892          0.60504
37.411          0.67334
37.931          0.99752
38.451          1.6534
38.970          1.5843
39.490          0.93273
40.009          0.65541
40.529          0.60294
41.049          0.64164
41.568          0.87562
42.088          1.5024
42.607          1.7109
43.127          1.0746
43.647          0.69695
44.166          0.60906
44.686          0.62169
45.205          0.77124
45.725          1.2854
46.245          1.7693
46.764          1.2842
47.284          0.77079
47.803          0.62162
48.323          0.60911
48.843          0.69721
49.362          1.0755
49.882          1.7114
50.401          1.5015
50.921          0.87508
51.441          0.64152
51.960          0.60295
52.480          0.65557
52.999          0.93334
