0.0000          0.95764
0.51960         1.6133
1.0392          1.6264
1.5588          0.96984
2.0784          0.66539
2.5980          0.60389
3.1176          0.63485
3.6372          0.84376
4.1568          1.4462
4.6764          1.7378
5.1960          1.1277
5.7156          0.71425
6.2352          0.61211
6.7548          0.61745
7.2744          0.74581
7.7940          1.2185
8.3136          1.7642
8.8332          1.3518
9.3528          0.79869
9.8724          0.62639
10.392          0.60655
10.912          0.68274
11.431          1.0292
11.951          1.6802
12.470          1.5504
12.990          0.90698
13.510          0.64892
14.029          0.60267
14.549          0.64732
15.068          0.90036
15.588          1.5409
16.108          1.6870
16.627          1.0383
17.147          0.68557
17.666          0.60705
18.186          0.62531
18.706          0.79247
19.225          1.3373
19.745          1.7663
20.264          1.2330
20.784          0.75124
21.304          0.61840
21.823          0.61135
22.343          0.70970
22.862          1.1139
23.382          1.7320
23.902          1.4614
24.421          0.85196
24.941          0.63659
25.460          0.60357
25.980          0.66219
26.500          0.95803
27.019          1.6141
27.539          1.6271
28.059          0.97023
28.578          0.66557
29.098          0.60397
29.617          0.63450
30.137          0.84167
30.657          1.4421
31.176          1.7400
31.696          1.1323
32.215          0.71580
32.735          0.61243
33.255          0.61708
33.774          0.74330
34.294          1.2113
34.813          1.7630
35.333          1.3596
35.853          0.80215
36.372          0.62701
36.892          0.60629
37.411          0.68108
37.931          1.0236
38.451          1.6757
38.970          1.5566
39.490          0.91147
40.009          0.65002
40.529          0.60269
41.049          0.64627
41.568          0.89590
42.088          1.5342
42.607          1.6914
43.127          1.0444
43.647          0.68742
44.166          0.60736
44.686          0.62469
45.205          0.78896
45.725          1.3290
46.245          1.7671
46.764          1.2408
47.284          0.75404
47.803          0.61881
48.323          0.61104
48.843          0.70816
49.362          1.1093
49.882          1.7295
50.401          1.4654
50.921          0.85417
51.441          0.63698
51.960          0.60350
52.480          0.66202
52.999          0.95764
