0.0000          0.87248
0.51960         1.4972
1.0392          1.7140
1.5588          1.0797
2.0784          0.69858
2.5980          0.60936
3.1176          0.62121
3.6372          0.76828
4.1568          1.2778
4.6764          1.7693
5.1960          1.2919
5.7156          0.77380
6.2352          0.62212
6.7548          0.60879
7.2744          0.69541
7.7940          1.0698
8.3136          1.7081
8.8332          1.5075
9.3528          0.87869
9.8724          0.64231
10.392          0.60287
10.912          0.65452
11.431          0.92937
11.951          1.5803
12.470          1.6571
12.990          1.0012
13.510          0.67440
14.029          0.60520
14.549          0.62989
15.068          0.81800
15.588          1.3945
16.108          1.7555
16.627          1.1774
17.147          0.73117
17.666          0.61503
18.186          0.61428
18.706          0.72668
19.225          1.1643
19.745          1.7514
20.264          1.4082
20.784          0.82457
21.304          0.63111
21.823          0.60482
22.343          0.67203
22.862          0.99305
23.382          1.6493
23.902          1.5889
24.421          0.93648
24.941          0.65637
25.460          0.60300
25.980          0.64095
26.500          0.87256
27.019          1.4973
27.539          1.7136
28.059          1.0792
28.578          0.69841
29.098          0.60931
29.617          0.62131
30.137          0.76899
30.657          1.2797
31.176          1.7692
31.696          1.2898
32.215          0.77298
32.735          0.62197
33.255          0.60889
33.774          0.69606
34.294          1.0719
34.813          1.7092
35.333          1.5052
35.853          0.87733
36.372          0.64201
36.892          0.60291
37.411          0.65501
37.931          0.93121
38.451          1.5824
38.970          1.6549
39.490          0.99923
40.009          0.67384
40.529          0.60511
41.049          0.63023
41.568          0.81981
42.088          1.3981
42.607          1.7542
43.127          1.1740
43.647          0.73006
44.166          0.61486
44.686          0.61448
45.205          0.72785
45.725          1.1676
46.245          1.7523
46.764          1.4049
47.284          0.82305
47.803          0.63086
48.323          0.60491
48.843          0.67244
49.362          0.99438
49.882          1.6506
50.401          1.5879
50.921          0.93561
51.441          0.65618
51.960          0.60300
52.480          0.64096
52.999          0.87248
