0.0000          0.96555
0.51960         1.6221
1.0392          1.6187
1.5588          0.96235
2.0784          0.66336
2.5980          0.60369
3.1176          0.63595
3.6372          0.84897
4.1568          1.4559
4.6764          1.7341
5.1960          1.1189
5.7156          0.71135
6.2352          0.61163
6.7548          0.61807
7.2744          0.74934
7.7940          1.2279
8.3136          1.7654
8.8332          1.3424
9.3528          0.79471
9.8724          0.62569
10.392          0.60688
10.912          0.68463
11.431          1.0352
11.951          1.6845
12.470          1.5440
12.990          0.90268
13.510          0.64789
14.029          0.60268
14.549          0.64841
15.068          0.90484
15.588          1.5471
16.108          1.6823
16.627          1.0323
17.147          0.68373
17.666          0.60673
18.186          0.62604
18.706          0.79670
19.225          1.3471
19.745          1.7647
20.264          1.2233
20.784          0.74765
21.304          0.61778
21.823          0.61186
22.343          0.71273
22.862          1.1231
23.382          1.7359
23.902          1.4513
24.421          0.84653
24.941          0.63544
25.460          0.60378
25.980          0.66426
26.500          0.96567
27.019          1.6221
27.539          1.6183
28.059          0.96208
28.578          0.66327
29.098          0.60367
29.617          0.63606
30.137          0.84956
30.657          1.4570
31.176          1.7335
31.696          1.1177
32.215          0.71095
32.735          0.61155
33.255          0.61817
33.774          0.74998
34.294          1.2296
34.813          1.7656
35.333          1.3406
35.853          0.79391
36.372          0.62555
36.892          0.60695
37.411          0.68502
37.931          1.0365
38.451          1.6855
38.970          1.5427
39.490          0.90174
40.009          0.64767
40.529          0.60269
41.049          0.64862
41.568          0.90570
42.088          1.5483
42.607          1.6815
43.127          1.0312
43.647          0.68341
44.166          0.60668
44.686          0.62615
45.205          0.79729
45.725          1.3484
46.245          1.7646
46.764          1.2221
47.284          0.74721
47.803          0.61771
48.323          0.61191
48.843          0.71296
49.362          1.1237
49.882          1.7363
50.401          1.4508
50.921          0.84625
51.441          0.63540
51.960          0.60379
52.480          0.66424
52.999          0.96555
