0.0000          1.0125
0.51960         1.6664
1.0392          1.5680
1.5588          0.92006
2.0784          0.65216
2.5980          0.60276
3.1176          0.64446
3.6372          0.88814
4.1568          1.5223
4.6764          1.6988
5.1960          1.0556
5.7156          0.69093
6.2352          0.60798
6.7548          0.62354
7.2744          0.78225
7.7940          1.3128
8.3136          1.7684
8.8332          1.2570
9.3528          0.76023
9.8724          0.61987
10.392          0.61028
10.912          0.70373
11.431          1.0957
11.951          1.7228
12.470          1.4803
12.990          0.86253
13.510          0.63879
14.029          0.60324
14.549          0.65912
15.068          0.94674
15.588          1.6012
16.108          1.6388
16.627          0.98192
17.147          0.66885
17.666          0.60439
18.186          0.63272
18.706          0.83274
19.225          1.4246
19.745          1.7462
20.264          1.1488
20.784          0.72138
21.304          0.61338
21.823          0.61601
22.343          0.73690
22.862          1.1934
23.382          1.7592
23.902          1.3781
24.421          0.81049
24.941          0.62852
25.460          0.60570
25.980          0.67749
26.500          1.0115
27.019          1.6657
27.539          1.5695
28.059          0.92117
28.578          0.65247
29.098          0.60279
29.617          0.64404
30.137          0.88621
30.657          1.5193
31.176          1.7010
31.696          1.0587
32.215          0.69192
32.735          0.60817
33.255          0.62319
33.774          0.78010
34.294          1.3075
34.813          1.7687
35.333          1.2623
35.853          0.76226
36.372          0.62020
36.892          0.61004
37.411          0.70245
37.931          1.0918
38.451          1.7206
38.970          1.4843
39.490          0.86485
40.009          0.63927
40.529          0.60318
41.049          0.65856
41.568          0.94474
42.088          1.5987
42.607          1.6405
43.127          0.98385
43.647          0.66938
44.166          0.60445
44.686          0.63252
45.205          0.83185
45.725          1.4228
46.245          1.7465
46.764          1.1502
47.284          0.72184
47.803          0.61343
48.323          0.61596
48.843          0.73676
49.362          1.1931
49.882          1.7589
50.401          1.3781
50.921          0.81049
51.441          0.62850
51.960          0.60572
52.480          0.67775
52.999          1.0125
