0.0000          1.0709
0.51960         1.7087
1.0392          1.5062
1.5588          0.87794
2.0784          0.64215
2.5980          0.60289
3.1176          0.65471
3.6372          0.93007
4.1568          1.5811
4.6764          1.6565
5.1960          1.0008
5.7156          0.67431
6.2352          0.60520
6.7548          0.62989
7.2744          0.81793
7.7940          1.3942
8.3136          1.7557
8.8332          1.1783
9.3528          0.73160
9.8724          0.61516
10.392          0.61415
10.912          0.72566
11.431          1.1612
11.951          1.7508
12.470          1.4125
12.990          0.82671
13.510          0.63162
14.029          0.60468
14.549          0.67038
15.068          0.98698
15.588          1.6441
16.108          1.5972
16.627          0.94307
17.147          0.65823
17.666          0.60322
18.186          0.63903
18.706          0.86324
19.225          1.4816
19.745          1.7232
20.264          1.0955
20.784          0.70373
21.304          0.61034
21.823          0.61975
22.343          0.75915
22.862          1.2540
23.382          1.7686
23.902          1.3164
24.421          0.78372
24.941          0.62382
25.460          0.60782
25.980          0.68979
26.500          1.0518
27.019          1.6964
27.539          1.5267
28.059          0.89098
28.578          0.64513
29.098          0.60274
29.617          0.65133
30.137          0.91667
30.657          1.5634
31.176          1.6699
31.696          1.0168
32.215          0.67902
32.735          0.60591
33.255          0.62801
33.774          0.80781
34.294          1.3721
34.813          1.7598
35.333          1.1984
35.853          0.73863
36.372          0.61623
36.892          0.61321
37.411          0.72083
37.931          1.1473
38.451          1.7450
38.970          1.4249
39.490          0.83290
40.009          0.63265
40.529          0.60442
41.049          0.66973
41.568          0.98538
42.088          1.6415
42.607          1.5955
43.127          0.94233
43.647          0.65783
44.166          0.60306
44.686          0.64026
45.205          0.86981
45.725          1.4926
46.245          1.7151
46.764          1.0827
47.284          0.69948
47.803          0.60944
48.323          0.62111
48.843          0.76811
49.362          1.2776
49.882          1.7690
50.401          1.2915
50.921          0.77368
51.441          0.62209
51.960          0.60881
52.480          0.69570
52.999          1.0709
