0.0000          0.79234
0.51960         1.3369
1.0392          1.7662
1.5588          1.2334
2.0784          0.75137
2.5980          0.61840
3.1176          0.61136
3.6372          0.70979
4.1568          1.1142
4.6764          1.7320
5.1960          1.4608
5.7156          0.85162
6.2352          0.63649
6.7548          0.60359
7.2744          0.66254
7.7940          0.95940
8.3136          1.6154
8.8332          1.6251
9.3528          0.96841
9.8724          0.66502
10.392          0.60387
10.912          0.63496
11.431          0.84413
11.951          1.4468
12.470          1.7378
12.990          1.1274
13.510          0.71415
14.029          0.61211
14.549          0.61748
15.068          0.74586
15.588          1.2184
16.108          1.7639
16.627          1.3520
17.147          0.79883
17.666          0.62641
18.186          0.60657
18.706          0.68286
19.225          1.0295
19.745          1.6800
20.264          1.5499
20.784          0.90682
21.304          0.64888
21.823          0.60268
22.343          0.64753
22.862          0.90125
23.382          1.5419
23.902          1.6857
24.421          1.0370
24.941          0.68515
25.460          0.60696
25.980          0.62554
26.500          0.79390
27.019          1.3406
27.539          1.7656
28.059          1.2295
28.578          0.74993
29.098          0.61816
29.617          0.61156
30.137          0.71101
30.657          1.1179
31.176          1.7337
31.696          1.4567
32.215          0.84943
32.735          0.63604
33.255          0.60367
33.774          0.66326
34.294          0.96207
34.813          1.6184
35.333          1.6223
35.853          0.96573
36.372          0.66428
36.892          0.60379
37.411          0.63538
37.931          0.84619
38.451          1.4507
38.970          1.7363
39.490          1.1238
40.009          0.71298
40.529          0.61192
41.049          0.61770
41.568          0.74710
42.088          1.2218
42.607          1.7646
43.127          1.3488
43.647          0.79746
44.166          0.62619
44.686          0.60665
45.205          0.68320
45.725          1.0305
46.245          1.6810
46.764          1.5493
47.284          0.90638
47.803          0.64881
48.323          0.60269
48.843          0.64739
49.362          0.90051
49.882          1.5409
50.401          1.6870
50.921          1.0384
51.441          0.68563
51.960          0.60707
52.480          0.62529
52.999          0.79234
