0.0000          1.3365
0.51960         1.7655
1.0392          1.2329
1.5588          0.75114
2.0784          0.61828
2.5980          0.61150
3.1176          0.71116
3.6372          1.1185
4.1568          1.7331
4.6764          1.4545
5.1960          0.84830
5.7156          0.63568
6.2352          0.60375
6.7548          0.66479
7.2744          0.96809
7.7940          1.6240
8.3136          1.6133
8.8332          0.95807
9.3528          0.66202
9.8724          0.60343
10.392          0.63747
10.912          0.85697
11.431          1.4703
11.951          1.7259
12.470          1.1035
12.990          0.70620
13.510          0.61062
14.029          0.61944
14.549          0.75816
15.068          1.2517
15.588          1.7674
16.108          1.3174
16.627          0.78421
17.147          0.62386
17.666          0.60782
18.186          0.69017
18.706          1.0533
19.225          1.6972
19.745          1.5247
20.264          0.88979
20.784          0.64488
21.304          0.60276
21.823          0.65155
22.343          0.91753
22.862          1.5647
23.382          1.6697
23.902          1.0163
24.421          0.67895
24.941          0.60597
25.460          0.62780
25.980          0.80636
26.500          1.3690
27.019          1.7616
27.539          1.2029
28.059          0.74033
28.578          0.61665
29.098          0.61278
29.617          0.71749
30.137          1.1371
30.657          1.7425
31.176          1.4382
31.696          0.83962
32.215          0.63418
32.735          0.60404
33.255          0.66548
33.774          0.96953
34.294          1.6269
34.813          1.6165
35.333          0.95987
35.853          0.66280
36.372          0.60372
36.892          0.63580
37.411          0.84765
37.931          1.4535
38.451          1.7364
38.970          1.1226
39.490          0.71262
40.009          0.61193
40.529          0.61766
41.049          0.74639
41.568          1.2197
42.088          1.7646
42.607          1.3517
43.127          0.79870
43.647          0.62643
44.166          0.60654
44.686          0.68240
45.205          1.0278
45.725          1.6789
46.245          1.5524
46.764          0.90856
47.284          0.64932
47.803          0.60270
48.323          0.64698
48.843          0.89879
49.362          1.5382
49.882          1.6882
50.401          1.0405
50.921          0.68620
51.441          0.60712
51.960          0.62524
52.480          0.79221
52.999          1.3365
