0.0000          1.0560
0.51960         1.6990
1.0392          1.5215
1.5588          0.88763
2.0784          0.64432
2.5980          0.60276
3.1176          0.65242
3.6372          0.92120
4.1568          1.5695
4.6764          1.6650
5.1960          1.0109
5.7156          0.67725
6.2352          0.60562
6.7548          0.62870
7.2744          0.81169
7.7940          1.3810
8.3136          1.7586
8.8332          1.1903
9.3528          0.73577
9.8724          0.61581
10.392          0.61354
10.912          0.72237
11.431          1.1519
11.951          1.7476
12.470          1.4212
12.990          0.83093
13.510          0.63236
14.029          0.60447
14.549          0.66939
15.068          0.98384
15.588          1.6409
16.108          1.5993
16.627          0.94495
17.147          0.65865
17.666          0.60321
18.186          0.63902
18.706          0.86356
19.225          1.4822
19.745          1.7222
20.264          1.0942
20.784          0.70327
21.304          0.61022
21.823          0.61992
22.343          0.76045
22.862          1.2575
23.382          1.7687
23.902          1.3126
24.421          0.78220
24.941          0.62357
25.460          0.60795
25.980          0.69054
26.500          1.0542
27.019          1.6982
27.539          1.5245
28.059          0.88949
28.578          0.64482
29.098          0.60276
29.617          0.65144
30.137          0.91701
30.657          1.5641
31.176          1.6704
31.696          1.0169
32.215          0.67908
32.735          0.60598
33.255          0.62780
33.774          0.80643
34.294          1.3692
34.813          1.7612
35.333          1.2019
35.853          0.73989
36.372          0.61650
36.892          0.61294
37.411          0.71886
37.931          1.1414
38.451          1.7435
38.970          1.4320
39.490          0.83638
40.009          0.63339
40.529          0.60421
41.049          0.66778
41.568          0.97831
42.088          1.6351
42.607          1.6045
43.127          0.94961
43.647          0.65984
44.166          0.60328
44.686          0.63844
45.205          0.86105
45.725          1.4777
46.245          1.7237
46.764          1.0977
47.284          0.70434
47.803          0.61035
48.323          0.61977
48.843          0.75984
49.362          1.2560
49.882          1.7681
50.401          1.3134
50.921          0.78251
51.441          0.62356
51.960          0.60797
52.480          0.69104
52.999          1.0560
