0.0000          0.85129
0.51960         0.63942
1.0392          0.63838
1.5588          0.84630
2.0784          1.4017
2.5980          1.5656
3.1176          1.0004
3.6372          0.67829
4.1568          0.62237
4.6764          0.73767
5.1960          1.1759
5.7156          1.6252
6.2352          1.2179
6.7548          0.75419
7.2744          0.62364
7.7940          0.66820
8.3136          0.96680
8.8332          1.5429
9.3528          1.4415
9.8724          0.87237
10.392          0.64360
10.912          0.63284
11.431          0.82009
11.951          1.3596
12.470          1.5941
12.990          1.0443
13.510          0.69140
14.029          0.62005
14.549          0.71338
15.068          1.1107
15.588          1.6193
16.108          1.2901
16.627          0.78470
17.147          0.62666
17.666          0.65225
18.186          0.90981
18.706          1.4916
19.225          1.5102
19.745          0.92700
20.264          0.65667
20.784          0.62463
21.304          0.77115
21.823          1.2609
22.343          1.6275
22.862          1.1407
23.382          0.72367
23.902          0.61974
24.421          0.68014
24.941          1.0099
25.460          1.5798
25.980          1.4038
26.500          0.84420
27.019          0.63671
27.539          0.63482
28.059          0.83480
28.578          1.3882
29.098          1.5880
29.617          1.0240
30.137          0.68447
30.657          0.61943
31.176          0.71769
31.696          1.1240
32.215          1.6244
32.735          1.2784
33.255          0.77893
33.774          0.62570
34.294          0.65385
34.813          0.91616
35.333          1.4984
35.853          1.5028
36.372          0.92027
36.892          0.65499
37.411          0.62577
37.931          0.77788
38.451          1.2749
38.970          1.6220
39.490          1.1246
40.009          0.71831
40.529          0.62035
41.049          0.68795
41.568          1.0332
42.088          1.5881
42.607          1.3710
43.127          0.82663
43.647          0.63409
44.166          0.64218
44.686          0.86585
45.205          1.4322
45.725          1.5491
46.245          0.97494
46.764          0.67058
47.284          0.62327
47.803          0.74995
48.323          1.2073
48.843          1.6253
49.362          1.1861
49.882          0.74165
50.401          0.62274
50.921          0.67614
51.441          0.99316
51.960          1.5605
52.480          1.4093
52.999          0.85129
