0.0000          1.7316
0.51960         1.4585
1.0392          0.85046
1.5588          0.63614
2.0784          0.60366
2.5980          0.66393
3.1176          0.96491
3.6372          1.6207
4.1568          1.6170
4.6764          0.96144
5.1960          0.66297
5.7156          0.60355
6.2352          0.63676
6.7548          0.85347
7.2744          1.4640
7.7940          1.7291
8.3136          1.1097
8.8332          0.70824
9.3528          0.61099
9.8724          0.61892
10.392          0.75499
10.912          1.2432
11.431          1.7668
11.951          1.3261
12.470          0.78779
12.990          0.62448
13.510          0.60750
14.029          0.68831
14.549          1.0473
15.068          1.6931
15.588          1.5310
16.108          0.89392
16.627          0.64583
17.147          0.60272
17.666          0.65053
18.186          0.91346
18.706          1.5592
19.225          1.6738
19.745          1.0213
20.264          0.68045
20.784          0.60621
21.304          0.62721
21.823          0.80311
22.343          1.3617
22.862          1.7629
23.382          1.2098
23.902          0.74280
24.421          0.61705
24.941          0.61244
25.460          0.71560
25.980          1.1315
26.500          1.7401
27.019          1.4439
27.539          0.84258
28.059          0.63476
28.578          0.60392
29.098          0.66461
29.617          0.96647
30.137          1.6236
30.657          1.6195
31.176          0.96269
31.696          0.66356
32.215          0.60379
32.735          0.63539
33.255          0.84572
33.774          1.4498
34.294          1.7378
34.813          1.1259
35.333          0.71370
35.853          0.61211
36.372          0.61744
36.892          0.74515
37.411          1.2163
37.931          1.7640
38.451          1.3550
38.970          0.80017
39.490          0.62668
40.009          0.60643
40.529          0.68176
41.049          1.0257
41.568          1.6773
42.088          1.5546
42.607          0.91012
43.127          0.64971
43.647          0.60270
44.166          0.64660
44.686          0.89717
45.205          1.5359
45.725          1.6899
46.245          1.0427
46.764          0.68690
47.284          0.60725
47.803          0.62497
48.323          0.79061
48.843          1.3328
49.362          1.7661
49.882          1.2367
50.401          0.75254
50.921          0.61852
51.441          0.61130
51.960          0.70997
52.480          1.1149
52.999          1.7316
