0.0000          0.69372
0.51960         0.60783
1.0392          0.64879
1.5588          0.91240
2.0784          1.5372
2.5980          1.6034
3.1176          0.97371
3.6372          0.66495
4.1568          0.60565
4.6764          0.66616
5.1960          0.97803
5.7156          1.6071
6.2352          1.5318
6.7548          0.90834
7.2744          0.64780
7.7940          0.60815
8.3136          0.69636
8.8332          1.0765
9.3528          1.6620
9.8724          1.4037
10.392          0.82975
10.912          0.63016
11.431          0.61731
11.951          0.75974
12.470          1.2506
12.990          1.6857
13.510          1.2098
14.029          0.74370
14.549          0.61476
15.068          0.63373
15.588          0.84687
16.108          1.4357
16.627          1.6531
17.147          1.0524
17.666          0.68857
18.186          0.60717
18.706          0.65033
19.225          0.91870
19.745          1.5459
20.264          1.5994
20.784          0.96810
21.304          0.66335
21.823          0.60546
22.343          0.66653
22.862          0.97941
23.382          1.6091
23.902          1.5320
24.421          0.90803
24.941          0.64770
25.460          0.60792
25.980          0.69509
26.500          1.0727
27.019          1.6613
27.539          1.4097
28.059          0.83276
28.578          0.63077
29.098          0.61669
29.617          0.75604
30.137          1.2414
30.657          1.6864
31.176          1.2193
31.696          0.74731
32.215          0.61530
32.735          0.63273
33.255          0.84218
33.774          1.4273
34.294          1.6563
34.813          1.0593
35.333          0.69073
35.853          0.60739
36.372          0.64924
36.892          0.91432
37.411          1.5405
37.931          1.6039
38.451          0.97298
38.970          0.66471
39.490          0.60540
40.009          0.66479
40.529          0.97328
41.049          1.6041
41.568          1.5400
42.088          0.91399
42.607          0.64915
43.127          0.60744
43.647          0.69111
44.166          1.0604
44.686          1.6566
45.205          1.4255
45.725          0.84126
46.245          0.63253
46.764          0.61551
47.284          0.74855
47.803          1.2224
48.323          1.6860
48.843          1.2378
49.362          0.75462
49.882          0.61648
50.401          0.63128
50.921          0.83521
51.441          1.4141
51.960          1.6591
52.480          1.0684
52.999          0.69372
