0.0000          0.94081
0.51960         1.5942
1.0392          1.6450
1.5588          0.98845
2.0784          0.67072
2.5980          0.60466
3.1176          0.63175
3.6372          0.82775
4.1568          1.4145
4.6764          1.7493
5.1960          1.1584
5.7156          0.72467
6.2352          0.61394
6.7548          0.61543
7.2744          0.73346
7.7940          1.1837
8.3136          1.7567
8.8332          1.3880
9.3528          0.81511
9.8724          0.62937
10.392          0.60541
10.912          0.67572
11.431          1.0056
11.951          1.6605
12.470          1.5756
12.990          0.92590
13.510          0.65366
14.029          0.60284
14.549          0.64311
15.068          0.88220
15.588          1.5130
16.108          1.7046
16.627          1.0645
17.147          0.69374
17.666          0.60848
18.186          0.62266
18.706          0.77700
19.225          1.2998
19.745          1.7690
20.264          1.2697
20.784          0.76513
21.304          0.62067
21.823          0.60973
22.343          0.70072
22.862          1.0864
23.382          1.7177
23.902          1.4899
24.421          0.86811
24.941          0.63998
25.460          0.60310
25.980          0.65763
26.500          0.94121
27.019          1.5946
27.539          1.6443
28.059          0.98776
28.578          0.67051
29.098          0.60461
29.617          0.63193
30.137          0.82875
30.657          1.4165
31.176          1.7485
31.696          1.1563
32.215          0.72395
32.735          0.61380
33.255          0.61558
33.774          0.73441
34.294          1.1863
34.813          1.7572
35.333          1.3853
35.853          0.81384
36.372          0.62913
36.892          0.60550
37.411          0.67627
37.931          1.0075
38.451          1.6621
38.970          1.5737
39.490          0.92446
40.009          0.65330
40.529          0.60283
41.049          0.64339
41.568          0.88338
42.088          1.5149
42.607          1.7036
43.127          1.0629
43.647          0.69323
44.166          0.60840
44.686          0.62279
45.205          0.77772
45.725          1.3016
46.245          1.7690
46.764          1.2681
47.284          0.76451
47.803          0.62058
48.323          0.60978
48.843          0.70093
49.362          1.0870
49.882          1.7181
50.401          1.4895
50.921          0.86787
51.441          0.63994
51.960          0.60311
52.480          0.65754
52.999          0.94081
