0.0000          1.2742
0.51960         0.76990
1.0392          0.61915
1.5588          0.62955
2.0784          0.82624
2.5980          1.3954
3.1176          1.6581
3.6372          1.0776
4.1568          0.69695
4.6764          0.60869
5.1960          0.65092
5.7156          0.92033
6.2352          1.5438
6.7548          1.5870
7.2744          0.96020
7.7940          0.66139
8.3136          0.60683
8.8332          0.67694
9.3528          1.0144
9.8724          1.6294
10.392          1.4781
10.912          0.87323
11.431          0.63962
11.951          0.61226
12.470          0.72606
12.990          1.1625
13.510          1.6807
14.029          1.2999
14.549          0.78062
15.068          0.62086
15.588          0.62565
16.108          0.80709
16.627          1.3591
17.147          1.6750
17.666          1.1149
18.186          0.70923
18.706          0.60960
19.225          0.64149
19.745          0.88211
20.264          1.4964
20.784          1.6359
21.304          1.0122
21.823          0.67603
22.343          0.60540
22.862          0.65213
23.382          0.92626
23.902          1.5594
24.421          1.6030
24.941          0.96661
25.460          0.66285
25.980          0.60441
26.500          0.65953
27.019          0.95449
27.539          1.5916
28.059          1.5744
28.578          0.93864
29.098          0.65532
29.617          0.60477
30.137          0.66922
30.657          0.98909
31.176          1.6209
31.696          1.5289
32.215          0.90372
32.735          0.64656
33.255          0.60722
33.774          0.69162
34.294          1.0622
34.813          1.6596
35.333          1.4273
35.853          0.84170
36.372          0.63259
36.892          0.61509
37.411          0.74601
37.931          1.2157
38.451          1.6859
38.970          1.2447
39.490          0.75733
40.009          0.61695
40.529          0.63122
41.049          0.83466
41.568          1.4119
42.088          1.6559
42.607          1.0669
43.127          0.69332
43.647          0.60816
44.166          0.65175
44.686          0.92363
45.205          1.5481
45.725          1.5844
46.245          0.95714
46.764          0.66054
47.284          0.60699
47.803          0.67866
48.323          1.0199
48.843          1.6317
49.362          1.4691
49.882          0.86788
50.401          0.63844
50.921          0.61348
51.441          0.73355
51.960          1.1821
52.480          1.6797
52.999          1.2742
