0.0000          0.80781
0.51960         1.3722
1.0392          1.7605
1.5588          1.1991
2.0784          0.73891
2.5980          0.61635
3.1176          0.61307
3.6372          0.71959
4.1568          1.1435
4.6764          1.7443
5.1960          1.4302
5.7156          0.83554
6.2352          0.63326
6.7548          0.60424
7.2744          0.66779
7.7940          0.97823
8.3136          1.6354
8.8332          1.6053
9.3528          0.94994
9.8724          0.65995
10.392          0.60330
10.912          0.63807
11.431          0.85922
11.951          1.4750
12.470          1.7266
12.990          1.1005
13.510          0.70509
14.029          0.61053
14.549          0.61939
15.068          0.75730
15.588          1.2495
16.108          1.7687
16.627          1.3205
17.147          0.78499
17.666          0.62396
18.186          0.60765
18.706          0.68921
19.225          1.0501
19.745          1.6954
20.264          1.5282
20.784          0.89170
21.304          0.64525
21.823          0.60271
22.343          0.65117
22.862          0.91615
23.382          1.5628
23.902          1.6705
24.421          1.0173
24.941          0.67917
25.460          0.60595
25.980          0.62788
26.500          0.80709
27.019          1.3706
27.539          1.7605
28.059          1.2003
28.578          0.73931
29.098          0.61638
29.617          0.61305
30.137          0.71966
30.657          1.1437
31.176          1.7441
31.696          1.4295
32.215          0.83519
32.735          0.63317
33.255          0.60428
33.774          0.66821
34.294          0.97983
34.813          1.6367
35.333          1.6030
35.853          0.94830
36.372          0.65950
36.892          0.60324
37.411          0.63851
37.931          0.86152
38.451          1.4792
38.970          1.7238
39.490          1.0967
40.009          0.70402
40.529          0.61029
41.049          0.61961
41.568          0.75909
42.088          1.2556
42.607          1.7698
43.127          1.3141
43.647          0.78266
44.166          0.62362
44.686          0.60782
45.205          0.68990
45.725          1.0529
46.245          1.6988
46.764          1.5251
47.284          0.88935
47.803          0.64470
48.323          0.60270
48.843          0.65155
49.362          0.91772
49.882          1.5654
50.401          1.6692
50.921          1.0154
51.441          0.67861
51.960          0.60587
52.480          0.62803
52.999          0.80781
