0.0000          1.0995
0.51960         0.70421
1.0392          0.60942
1.5588          0.64723
2.0784          0.90540
2.5980          1.5246
3.1176          1.6018
3.6372          0.97690
4.1568          0.66604
4.6764          0.60671
5.1960          0.67172
5.7156          0.99658
6.2352          1.6165
6.7548          1.4987
7.2744          0.88712
7.7940          0.64287
8.3136          0.61146
8.8332          0.71904
9.3528          1.1422
9.8724          1.6744
10.392          1.3182
10.912          0.78901
11.431          0.62246
11.951          0.62567
12.470          0.80641
12.990          1.3556
13.510          1.6677
14.029          1.1101
14.549          0.70787
15.068          0.61000
15.588          0.64665
16.108          0.90299
16.627          1.5212
17.147          1.6031
17.666          0.97880
18.186          0.66659
18.706          0.60664
19.225          0.67081
19.745          0.99356
20.264          1.6149
20.784          1.5044
21.304          0.89089
21.823          0.64375
22.343          0.61057
22.862          0.71347
23.382          1.1266
23.902          1.6736
24.421          1.3408
24.941          0.79927
25.460          0.62427
25.980          0.62239
26.500          0.78929
27.019          1.3200
27.539          1.6807
28.059          1.1476
28.578          0.72073
29.098          0.61126
29.617          0.63849
30.137          0.86885
30.657          1.4749
31.176          1.6443
31.696          1.0276
32.215          0.68071
32.735          0.60590
33.255          0.65027
33.774          0.91887
34.294          1.5498
34.813          1.6092
35.333          0.97387
35.853          0.66488
36.372          0.60449
36.892          0.65799
37.411          0.94875
37.931          1.5856
38.451          1.5810
38.970          0.94443
39.490          0.65684
40.009          0.60458
40.529          0.66662
41.049          0.98001
41.568          1.6141
42.088          1.5414
42.607          0.91268
43.127          0.64875
43.647          0.60640
44.166          0.68500
44.686          1.0413
45.205          1.6509
45.725          1.4557
46.245          0.85761
46.764          0.63601
47.284          0.61279
47.803          0.73102
48.323          1.1759
48.843          1.6837
49.362          1.2878
49.882          0.77531
50.401          0.61996
50.921          0.62721
51.441          0.81456
51.960          1.3724
52.480          1.6665
52.999          1.0995
