0.0000          1.7013
0.51960         1.0595
1.0392          0.69222
1.5588          0.60825
2.0784          0.62308
2.5980          0.77929
3.1176          1.3054
3.6372          1.7690
4.1568          1.2647
4.6764          0.76323
5.1960          0.62040
5.7156          0.60990
6.2352          0.70139
6.7548          1.0884
7.2744          1.7191
7.7940          1.4886
8.3136          0.86734
8.8332          0.63987
9.3528          0.60312
9.8724          0.65737
10.392          0.93997
10.912          1.5933
11.431          1.6467
11.951          0.98990
12.470          0.67118
12.990          0.60476
13.510          0.63137
14.029          0.82556
14.549          1.4101
15.068          1.7511
15.588          1.1631
16.108          0.72631
16.627          0.61424
17.147          0.61509
17.666          0.73132
18.186          1.1775
18.706          1.7552
19.225          1.3949
19.745          0.81835
20.264          0.62999
20.784          0.60521
21.304          0.67428
21.823          1.0006
22.343          1.6559
22.862          1.5812
23.382          0.93058
23.902          0.65490
24.421          0.60295
24.941          0.64217
25.460          0.87783
25.980          1.5055
26.500          1.7083
27.019          1.0717
27.539          0.69607
28.059          0.60888
28.578          0.62208
29.098          0.77363
29.617          1.2913
30.137          1.7686
30.657          1.2779
31.176          0.76844
31.696          0.62120
32.215          0.60942
32.735          0.69918
33.255          1.0817
33.774          1.7147
34.294          1.4941
34.813          0.87072
35.333          0.64051
35.853          0.60305
36.372          0.65726
36.892          0.94003
37.411          1.5930
37.931          1.6447
38.451          0.98846
38.970          0.67065
39.490          0.60459
40.009          0.63203
40.529          0.82946
41.049          1.4179
41.568          1.7476
42.088          1.1544
42.607          0.72326
43.127          0.61366
43.647          0.61577
44.166          0.73572
44.686          1.1899
45.205          1.7576
45.725          1.3812
46.245          0.81202
46.764          0.62878
47.284          0.60565
47.803          0.67734
48.323          1.0110
48.843          1.6644
49.362          1.5699
49.882          0.92182
50.401          0.65267
50.921          0.60283
51.441          0.64401
51.960          0.88594
52.480          1.5186
52.999          1.7013
