0.0000          0.95307
0.51960         1.6215
1.0392          1.7221
1.5588          1.0503
2.0784          0.69790
2.5980          0.61930
3.1176          0.61773
3.6372          0.68750
4.1568          1.0136
4.6764          1.6900
5.1960          1.6628
5.7156          0.98743
6.2352          0.68018
6.7548          0.61642
7.2744          0.62068
7.7940          0.70821
8.3136          1.0855
8.8332          1.7470
9.3528          1.5801
9.8724          0.92308
10.392          0.66269
10.912          0.61293
11.431          0.62597
11.951          0.74654
12.470          1.2047
12.990          1.7978
13.510          1.4410
14.029          0.84302
14.549          0.64342
15.068          0.61023
15.588          0.63764
16.108          0.81483
16.627          1.3804
17.147          1.8087
17.666          1.2610
18.186          0.76666
18.706          0.62933
19.225          0.61193
19.745          0.65551
20.264          0.89377
20.784          1.5342
21.304          1.7707
21.823          1.1263
22.343          0.72105
22.862          0.62299
23.382          0.61548
23.902          0.67157
24.421          0.95358
24.941          1.6222
25.460          1.7259
25.980          1.0540
26.500          0.69976
27.019          0.62059
27.539          0.61808
28.059          0.68290
28.578          0.99358
29.098          1.6698
29.617          1.6897
30.137          1.0128
30.657          0.68828
31.176          0.61909
31.696          0.61975
32.215          0.69278
32.735          1.0290
33.255          1.7050
33.774          1.6517
34.294          0.97752
34.813          0.67834
35.333          0.61708
35.853          0.62141
36.372          0.70722
36.892          1.0801
37.411          1.7446
37.931          1.5905
38.451          0.93030
38.970          0.66513
39.490          0.61396
40.009          0.62505
40.529          0.73715
41.049          1.1767
41.568          1.7906
42.088          1.4744
42.607          0.86016
43.127          0.64735
43.647          0.61066
44.166          0.63449
44.686          0.79746
45.205          1.3398
45.725          1.8114
46.245          1.2996
46.764          0.78137
47.284          0.63152
47.803          0.61104
48.323          0.65177
48.843          0.87975
49.362          1.5103
49.882          1.7776
50.401          1.1444
50.921          0.72641
51.441          0.62310
51.960          0.61454
52.480          0.67072
52.999          0.95307
