0.0000          0.98262
0.51960         1.6575
1.0392          1.6964
1.5588          1.0202
2.0784          0.68963
2.5980          0.61843
3.1176          0.61911
3.6372          0.69415
4.1568          1.0362
4.6764          1.7109
5.1960          1.6395
5.7156          0.96729
6.2352          0.67487
6.7548          0.61567
7.2744          0.62198
7.7940          0.71635
8.3136          1.1120
8.8332          1.7630
9.3528          1.5495
9.8724          0.90308
10.392          0.65767
10.912          0.61212
11.431          0.62818
11.951          0.76043
12.470          1.2444
12.990          1.8066
13.510          1.3979
14.029          0.82258
14.549          0.63923
15.068          0.61022
15.588          0.64160
16.108          0.83417
16.627          1.4228
17.147          1.8027
17.666          1.2220
18.186          0.75256
18.706          0.62715
19.225          0.61275
19.745          0.65991
20.264          0.91102
20.784          1.5619
21.304          1.7585
21.823          1.1031
22.343          0.71388
22.862          0.62202
23.382          0.61618
23.902          0.67521
24.421          0.96706
24.941          1.6392
25.460          1.7134
25.980          1.0388
26.500          0.69533
27.019          0.61984
27.539          0.61858
28.059          0.68683
28.578          1.0084
29.098          1.6852
29.617          1.6733
30.137          0.99682
30.657          0.68360
31.176          0.61798
31.696          0.62037
32.215          0.69957
32.735          1.0539
33.255          1.7257
33.774          1.6214
34.294          0.95296
34.813          0.67127
35.333          0.61528
35.853          0.62304
36.372          0.72224
36.892          1.1304
37.411          1.7726
37.931          1.5289
38.451          0.89054
38.970          0.65466
39.490          0.61175
40.009          0.62976
40.529          0.76960
41.049          1.2691
41.568          1.8099
42.088          1.3720
42.607          0.81101
43.127          0.63694
43.647          0.61032
44.166          0.64416
44.686          0.84618
45.205          1.4474
45.725          1.7972
46.245          1.1995
46.764          0.74463
47.284          0.62582
47.803          0.61316
48.323          0.66296
48.843          0.92342
49.362          1.5806
49.882          1.7479
50.401          1.0861
50.921          0.70854
51.441          0.62100
51.960          0.61655
52.480          0.67914
52.999          0.98262
