0.0000          0.99670
0.51960         1.6525
1.0392          1.5846
1.5588          0.93311
2.0784          0.65548
2.5980          0.60293
3.1176          0.64173
3.6372          0.87619
4.1568          1.5033
4.6764          1.7100
5.1960          1.0734
5.7156          0.69655
6.2352          0.60897
6.7548          0.62184
7.2744          0.77226
7.7940          1.2880
8.3136          1.7692
8.8332          1.2815
9.3528          0.76970
9.8724          0.62143
10.392          0.60922
10.912          0.69788
11.431          1.0775
11.951          1.7127
12.470          1.4996
12.990          0.87388
13.510          0.64127
14.029          0.60298
14.549          0.65577
15.068          0.93403
15.588          1.5860
16.108          1.6524
16.627          0.99626
17.147          0.67300
17.666          0.60500
18.186          0.63055
18.706          0.82141
19.225          1.4015
19.745          1.7535
20.264          1.1711
20.784          0.72905
21.304          0.61470
21.823          0.61462
22.343          0.72861
22.862          1.1698
23.382          1.7531
23.902          1.4028
24.421          0.82207
24.941          0.63068
25.460          0.60496
25.980          0.67269
26.500          0.99518
27.019          1.6514
27.539          1.5873
28.059          0.93506
28.578          0.65605
29.098          0.60300
29.617          0.64100
30.137          0.87263
30.657          1.4975
31.176          1.7140
31.696          1.0796
32.215          0.69855
32.735          0.60936
33.255          0.62121
33.774          0.76826
34.294          1.2778
34.813          1.7693
35.333          1.2919
35.853          0.77382
36.372          0.62212
36.892          0.60879
37.411          0.69547
37.931          1.0700
38.451          1.7081
38.970          1.5072
39.490          0.87856
40.009          0.64228
40.529          0.60289
41.049          0.65472
41.568          0.93009
42.088          1.5809
42.607          1.6559
43.127          1.0004
43.647          0.67416
44.166          0.60514
44.686          0.63014
45.205          0.81941
45.725          1.3973
46.245          1.7541
46.764          1.1745
47.284          0.73023
47.803          0.61485
48.323          0.61449
48.843          0.72810
49.362          1.1684
49.882          1.7523
50.401          1.4036
50.921          0.82242
51.441          0.63070
51.960          0.60497
52.480          0.67307
52.999          0.99670
