0.0000          0.72686
0.51960         1.1647
1.0392          1.7520
1.5588          1.4088
2.0784          0.82489
2.5980          0.63128
3.1176          0.60478
3.6372          0.67104
4.1568          0.98926
4.6764          1.6463
5.1960          1.5948
5.7156          0.94104
6.2352          0.65770
6.7548          0.60318
7.2744          0.63940
7.7940          0.86497
8.3136          1.4846
8.8332          1.7218
9.3528          1.0927
9.8724          0.70280
10.392          0.61018
10.912          0.61997
11.431          0.76048
11.951          1.2576
12.470          1.7689
12.990          1.3127
13.510          0.78217
14.029          0.62354
14.549          0.60794
15.068          0.69056
15.588          1.0544
16.108          1.6983
16.627          1.5240
17.147          0.88904
17.666          0.64465
18.186          0.60273
18.706          0.65178
19.225          0.91860
19.745          1.5663
20.264          1.6681
20.784          1.0141
21.304          0.67817
21.823          0.60577
22.343          0.62829
22.862          0.80940
23.382          1.3758
23.902          1.7595
24.421          1.1948
24.941          0.73728
25.460          0.61601
25.980          0.61339
26.500          0.72177
27.019          1.1501
27.539          1.7462
28.059          1.4221
28.578          0.83143
29.098          0.63236
29.617          0.60449
30.137          0.67020
30.657          0.98703
31.176          1.6431
31.696          1.5938
32.215          0.94087
32.735          0.65744
33.255          0.60303
33.774          0.64054
34.294          0.87111
34.813          1.4949
35.333          1.7140
35.853          1.0806
36.372          0.69879
36.892          0.60932
37.411          0.62128
37.931          0.76916
38.451          1.2804
38.970          1.7692
39.490          1.2886
40.009          0.77248
40.529          0.62189
41.049          0.60893
41.568          0.69632
42.088          1.0729
42.607          1.7102
43.127          1.5040
43.647          0.87641
44.166          0.64179
44.686          0.60290
45.205          0.65514
45.725          0.93180
46.245          1.5835
46.764          1.6545
47.284          0.99847
47.803          0.67362
48.323          0.60509
48.843          0.63021
49.362          0.81966
49.882          1.3980
50.401          1.7547
50.921          1.1746
51.441          0.73029
51.960          0.61494
52.480          0.61436
52.999          0.72686
