0.0000          0.96700
0.51960         1.6391
1.0392          1.7125
1.5588          1.0379
2.0784          0.69486
2.5980          0.61952
3.1176          0.61850
3.6372          0.68799
4.1568          1.0133
4.6764          1.6900
5.1960          1.6666
5.7156          0.99072
6.2352          0.68166
6.7548          0.61734
7.2744          0.62060
7.7940          0.70335
8.3136          1.0677
8.8332          1.7358
9.3528          1.6039
9.8724          0.93983
10.392          0.66752
10.912          0.61428
11.431          0.62416
11.951          0.73183
12.470          1.1608
12.990          1.7851
13.510          1.4923
14.029          0.86967
14.549          0.64954
15.068          0.61090
15.588          0.63289
16.108          0.78859
16.627          1.3182
17.147          1.8124
17.666          1.3214
18.186          0.78986
18.706          0.63310
19.225          0.61085
19.745          0.64921
20.264          0.86833
20.784          1.4899
21.304          1.7859
21.823          1.1629
22.343          0.73250
22.862          0.62424
23.382          0.61422
23.902          0.66728
24.421          0.93900
24.941          1.6028
25.460          1.7364
25.980          1.0685
26.500          0.70358
27.019          0.62061
27.539          0.61730
28.059          0.68157
28.578          0.99047
29.098          1.6663
29.617          1.6902
30.137          1.0135
30.657          0.68801
31.176          0.61847
31.696          0.61951
32.215          0.69494
32.735          1.0382
33.255          1.7127
33.774          1.6386
34.294          0.96658
34.813          0.67488
35.333          0.61590
35.853          0.62204
36.372          0.71537
36.892          1.1084
37.411          1.7613
37.931          1.5547
38.451          0.90641
38.970          0.65863
39.490          0.61241
40.009          0.62773
40.529          0.75690
41.049          1.2344
41.568          1.8050
42.088          1.4090
42.607          0.82769
43.127          0.64027
43.647          0.61022
44.166          0.64052
44.686          0.82892
45.205          1.4116
45.725          1.8046
46.245          1.2320
46.764          0.75605
47.284          0.62761
47.803          0.61247
48.323          0.65889
48.843          0.90738
49.362          1.5562
49.882          1.7606
50.401          1.1072
50.921          0.71501
51.441          0.62201
51.960          0.61595
52.480          0.67502
52.999          0.96700
