0.0000          0.95664
0.51960         1.6262
1.0392          1.7216
1.5588          1.0489
2.0784          0.69798
2.5980          0.61993
3.1176          0.61806
3.6372          0.68548
4.1568          1.0044
4.6764          1.6811
5.1960          1.6761
5.7156          0.99956
6.2352          0.68413
6.7548          0.61781
7.2744          0.62016
7.7940          0.69978
8.3136          1.0553
8.8332          1.7266
9.3528          1.6187
9.8724          0.95085
10.392          0.67053
10.912          0.61495
11.431          0.62321
11.951          0.72463
12.470          1.1383
12.990          1.7760
13.510          1.5189
14.029          0.88465
14.549          0.65315
15.068          0.61143
15.588          0.63062
16.108          0.77518
16.627          1.2839
17.147          1.8111
17.666          1.3563
18.186          0.80431
18.706          0.63571
19.225          0.61046
19.745          0.64567
20.264          0.85288
20.784          1.4606
21.304          1.7942
21.823          1.1882
22.343          0.74088
22.862          0.62539
23.382          0.61353
23.902          0.66408
24.421          0.92714
24.941          1.5860
25.460          1.7458
25.980          1.0825
26.500          0.70764
27.019          0.62111
27.539          0.61680
28.059          0.67905
28.578          0.98144
29.098          1.6562
29.617          1.6990
30.137          1.0227
30.657          0.69061
31.176          0.61890
31.696          0.61911
32.215          0.69206
32.735          1.0279
33.255          1.7038
33.774          1.6504
34.294          0.97640
34.813          0.67764
35.333          0.61650
35.853          0.62140
36.372          0.71012
36.892          1.0909
37.411          1.7511
37.931          1.5759
38.451          0.92023
38.970          0.66224
39.490          0.61314
40.009          0.62613
40.529          0.74604
41.049          1.2034
41.568          1.7983
42.088          1.4434
42.607          0.84419
43.127          0.64375
43.647          0.61032
44.166          0.63729
44.686          0.81266
45.205          1.3757
45.725          1.8095
46.245          1.2655
46.764          0.76822
47.284          0.62949
47.803          0.61177
48.323          0.65515
48.843          0.89272
49.362          1.5325
49.882          1.7707
50.401          1.1269
50.921          0.72105
51.441          0.62275
51.960          0.61530
52.480          0.67213
52.999          0.95664
