0.0000          0.92133
0.51960         1.5775
1.0392          1.7506
1.5588          1.0899
2.0784          0.70990
2.5980          0.62147
3.1176          0.61659
3.6372          0.67751
4.1568          0.97558
4.6764          1.6494
5.1960          1.7051
5.7156          1.0294
6.2352          0.69258
6.7548          0.61933
7.2744          0.61890
7.7940          0.68966
8.3136          1.0189
8.8332          1.6955
9.3528          1.6611
9.8724          0.98576
10.392          0.68037
10.912          0.61720
11.431          0.62089
11.951          0.70496
12.470          1.0730
12.990          1.7396
13.510          1.5979
14.029          0.93551
14.549          0.66640
15.068          0.61410
15.588          0.62455
16.108          0.73441
16.627          1.1686
17.147          1.7880
17.666          1.4835
18.186          0.86485
18.706          0.64842
19.225          0.61077
19.745          0.63366
20.264          0.79291
20.784          1.3289
21.304          1.8123
21.823          1.3107
22.343          0.78559
22.862          0.63234
23.382          0.61098
23.902          0.65036
24.421          0.87324
24.941          1.4988
25.460          1.7829
25.980          1.1550
26.500          0.72992
27.019          0.62384
27.539          0.61440
28.059          0.66846
28.578          0.94358
29.098          1.6090
29.617          1.7322
30.137          1.0629
30.657          0.70187
31.176          0.62029
31.696          0.61746
32.215          0.68303
32.735          0.99609
33.255          1.6724
33.774          1.6839
34.294          1.0072
34.813          0.68614
35.333          0.61802
35.853          0.61975
36.372          0.69767
36.892          1.0482
37.411          1.7209
37.931          1.6264
38.451          0.95679
38.970          0.67208
39.490          0.61519
40.009          0.62275
40.529          0.72159
41.049          1.1288
41.568          1.7716
42.088          1.5299
42.607          0.89112
43.127          0.65471
43.647          0.61165
44.166          0.62973
44.686          0.76991
45.205          1.2700
45.725          1.8099
46.245          1.3708
46.764          0.81053
47.284          0.63688
47.803          0.61036
48.323          0.64422
48.843          0.84634
49.362          1.4477
49.882          1.7974
50.401          1.1997
50.921          0.74481
51.441          0.62599
51.960          0.61327
52.480          0.66259
52.999          0.92133
