0.0000          1.1375
0.51960         1.7758
1.0392          1.5204
1.5588          0.88552
2.0784          0.65341
2.5980          0.61152
3.1176          0.63047
3.6372          0.77403
4.1568          1.2808
4.6764          1.8109
5.1960          1.3596
5.7156          0.80566
6.2352          0.63592
6.7548          0.61040
7.2744          0.64540
7.7940          0.85184
8.3136          1.4587
8.8332          1.7944
9.3528          1.1895
9.8724          0.74125
10.392          0.62533
10.912          0.61341
11.431          0.66420
11.951          0.92810
12.470          1.5875
12.990          1.7442
13.510          1.0804
14.029          0.70686
14.549          0.62078
15.068          0.61675
15.588          0.68016
16.108          0.98631
16.627          1.6617
17.147          1.6928
17.666          1.0164
18.186          0.68857
18.706          0.61826
19.225          0.61928
19.745          0.69534
20.264          1.0404
20.784          1.7144
21.304          1.6347
21.823          0.96337
22.343          0.67379
22.862          0.61544
23.382          0.62225
23.902          0.71851
24.421          1.1191
24.941          1.7667
25.460          1.5411
25.980          0.89787
26.500          0.65635
27.019          0.61189
27.539          0.62885
28.059          0.76467
28.578          1.2560
29.098          1.8082
29.617          1.3854
30.137          0.81698
30.657          0.63812
31.176          0.61027
31.696          0.64279
32.215          0.83978
32.735          1.4344
33.255          1.8004
33.774          1.2116
34.294          0.74892
34.813          0.62662
35.333          0.61300
35.853          0.66111
36.372          0.91557
36.892          1.5689
37.411          1.7552
37.931          1.0973
38.451          0.71217
38.970          0.62182
39.490          0.61638
40.009          0.67608
40.529          0.97012
41.049          1.6429
41.568          1.7107
42.088          1.0356
42.607          0.69444
43.127          0.61973
43.647          0.61870
44.166          0.68757
44.686          1.0110
45.205          1.6879
45.725          1.6705
46.245          0.99420
46.764          0.68286
47.284          0.61784
47.803          0.62049
48.323          0.70064
48.843          1.0576
49.362          1.7286
49.882          1.6169
50.401          0.94953
50.921          0.67032
51.441          0.61505
51.960          0.62331
52.480          0.72446
52.999          1.1375
