0.0000          0.98263
0.51960         1.6576
1.0392          1.6983
1.5588          1.0219
2.0784          0.69046
2.5980          0.61897
3.1176          0.61919
3.6372          0.69189
4.1568          1.0270
4.6764          1.7030
5.1960          1.6519
5.7156          0.97767
6.2352          0.67806
6.7548          0.61667
7.2744          0.62134
7.7940          0.70904
8.3136          1.0871
8.8332          1.7488
9.3528          1.5808
9.8724          0.92356
10.392          0.66316
10.912          0.61337
11.431          0.62576
11.951          0.74324
12.470          1.1951
12.990          1.7962
13.510          1.4529
14.029          0.84891
14.549          0.64479
15.068          0.61040
15.588          0.63641
16.108          0.80805
16.627          1.3651
17.147          1.8104
17.666          1.2755
18.186          0.77197
18.706          0.63007
19.225          0.61156
19.745          0.65409
20.264          0.88858
20.784          1.5256
21.304          1.7733
21.823          1.1325
22.343          0.72276
22.862          0.62292
23.382          0.61509
23.902          0.67148
24.421          0.95451
24.941          1.6235
25.460          1.7231
25.980          1.0509
26.500          0.69846
27.019          0.61990
27.539          0.61794
28.059          0.68538
28.578          1.0043
29.098          1.6810
29.617          1.6756
30.137          0.99915
30.657          0.68393
31.176          0.61767
31.696          0.62015
32.215          0.70041
32.735          1.0577
33.255          1.7284
33.774          1.6154
34.294          0.94833
34.813          0.66978
35.333          0.61472
35.853          0.62342
36.372          0.72663
36.892          1.1448
37.411          1.7787
37.931          1.5111
38.451          0.88013
38.970          0.65202
39.490          0.61123
40.009          0.63129
40.529          0.77935
41.049          1.2948
41.568          1.8118
42.088          1.3451
42.607          0.79958
43.127          0.63485
43.647          0.61058
44.166          0.64678
44.686          0.85778
45.205          1.4701
45.725          1.7918
46.245          1.1801
46.764          0.73818
47.284          0.62505
47.803          0.61377
48.323          0.66501
48.843          0.93043
49.362          1.5908
49.882          1.7435
50.401          1.0788
50.921          0.70663
51.441          0.62105
51.960          0.61697
52.480          0.67946
52.999          0.98263
