0.0000          0.84569
0.51960         1.4465
1.0392          1.7975
1.5588          1.2003
2.0784          0.74490
2.5980          0.62587
3.1176          0.61315
3.6372          0.66282
4.1568          0.92284
4.6764          1.5798
5.1960          1.7485
5.7156          1.0869
6.2352          0.70880
6.7548          0.62106
7.2744          0.61653
7.7940          0.67890
8.3136          0.98166
8.8332          1.6564
9.3528          1.6976
9.8724          1.0213
10.392          0.69000
10.912          0.61853
11.431          0.61907
11.951          0.69360
12.470          1.0341
12.990          1.7091
13.510          1.6420
14.029          0.96940
14.549          0.67549
15.068          0.61583
15.588          0.62183
16.108          0.71497
16.627          1.1075
17.147          1.7607
17.666          1.5550
18.186          0.90655
18.706          0.65857
19.225          0.61231
19.745          0.62773
20.264          0.75745
20.784          1.2362
21.304          1.8053
21.823          1.4068
22.343          0.82663
22.862          0.64004
23.382          0.61020
23.902          0.64074
24.421          0.83006
24.941          1.4141
25.460          1.8043
25.980          1.2299
26.500          0.75531
27.019          0.62755
27.539          0.61256
28.059          0.65902
28.578          0.90765
29.098          1.5566
29.617          1.7608
30.137          1.1073
30.657          0.71515
31.176          0.62216
31.696          0.61602
32.215          0.67462
32.735          0.96501
33.255          1.6367
33.774          1.7151
34.294          1.0409
34.813          0.69588
35.333          0.61988
35.853          0.61848
36.372          0.68647
36.892          1.0072
37.411          1.6840
37.931          1.6744
38.451          0.99786
38.970          0.68386
39.490          0.61800
40.009          0.62031
40.529          0.69932
41.049          1.0531
41.568          1.7250
42.088          1.6223
42.607          0.95359
43.127          0.67143
43.647          0.61529
44.166          0.62298
44.686          0.72197
45.205          1.1296
45.725          1.7722
46.245          1.5298
46.764          0.89104
47.284          0.65477
47.803          0.61175
48.323          0.62969
48.843          0.76921
49.362          1.2681
49.882          1.8099
50.401          1.3730
50.921          0.81140
51.441          0.63701
51.960          0.61031
52.480          0.64405
52.999          0.84569
