0.0000          0.96921
0.51960         1.6418
1.0392          1.7105
1.5588          1.0356
2.0784          0.69422
2.5980          0.61944
3.1176          0.61859
3.6372          0.68853
4.1568          1.0152
4.6764          1.6919
5.1960          1.6646
5.7156          0.98888
6.2352          0.68115
6.7548          0.61725
7.2744          0.62070
7.7940          0.70411
8.3136          1.0703
8.8332          1.7376
9.3528          1.6008
9.8724          0.93756
10.392          0.66690
10.912          0.61415
11.431          0.62437
11.951          0.73337
12.470          1.1655
12.990          1.7869
13.510          1.4869
14.029          0.86668
14.549          0.64883
15.068          0.61081
15.588          0.63336
16.108          0.79133
16.627          1.3250
17.147          1.8124
17.666          1.3146
18.186          0.78714
18.706          0.63263
19.225          0.61094
19.745          0.64992
20.264          0.87131
20.784          1.4953
21.304          1.7841
21.823          1.1582
22.343          0.73098
22.862          0.62403
23.382          0.61435
23.902          0.66789
24.421          0.94128
24.941          1.6059
25.460          1.7345
25.980          1.0659
26.500          0.70282
27.019          0.62051
27.539          0.61740
28.059          0.68209
28.578          0.99234
29.098          1.6684
29.617          1.6883
30.137          1.0115
30.657          0.68746
31.176          0.61837
31.696          0.61959
32.215          0.69560
32.735          1.0406
33.255          1.7148
33.774          1.6358
34.294          0.96431
34.813          0.67425
35.333          0.61575
35.853          0.62219
36.372          0.71667
36.892          1.1127
37.411          1.7636
37.931          1.5495
38.451          0.90313
38.970          0.65778
39.490          0.61224
40.009          0.62814
40.529          0.75958
41.049          1.2419
41.568          1.8063
42.088          1.4009
42.607          0.82394
43.127          0.63951
43.647          0.61023
44.166          0.64130
44.686          0.83269
45.205          1.4197
45.725          1.8032
46.245          1.2247
46.764          0.75347
47.284          0.62722
47.803          0.61264
48.323          0.65972
48.843          0.91058
49.362          1.5612
49.882          1.7583
50.401          1.1031
50.921          0.71377
51.441          0.62186
51.960          0.61609
52.480          0.67564
52.999          0.96921
