0.0000          0.71410
0.51960         1.1271
1.0392          1.7380
1.5588          1.4479
2.0784          0.84470
2.5980          0.63514
3.1176          0.60384
3.6372          0.66431
4.1568          0.96559
4.6764          1.6224
5.1960          1.6196
5.7156          0.96296
6.2352          0.66358
6.7548          0.60375
7.2744          0.63559
7.7940          0.84693
8.3136          1.4521
8.8332          1.7363
9.3528          1.1231
9.8724          0.71276
10.392          0.61191
10.912          0.61770
11.431          0.74693
11.951          1.2212
12.470          1.7646
12.990          1.3496
13.510          0.79778
14.029          0.62625
14.549          0.60663
15.068          0.68306
15.588          1.0300
16.108          1.6806
16.627          1.5497
17.147          0.90668
17.666          0.64886
18.186          0.60269
18.706          0.64746
19.225          0.90084
19.745          1.5413
20.264          1.6862
20.784          1.0377
21.304          0.68537
21.823          0.60700
22.343          0.62548
22.862          0.79355
23.382          1.3397
23.902          1.7655
24.421          1.2302
24.941          0.75017
25.460          0.61816
25.980          0.61157
26.500          0.71127
27.019          1.1188
27.539          1.7336
28.059          1.4552
28.578          0.84864
29.098          0.63582
29.617          0.60371
30.137          0.66403
30.657          0.96506
31.176          1.6212
31.696          1.6179
32.215          0.96200
32.735          0.66318
33.255          0.60361
33.774          0.63636
34.294          0.85126
34.813          1.4600
35.333          1.7315
35.853          1.1141
36.372          0.70974
36.892          0.61130
37.411          0.61850
37.931          0.75224
38.451          1.2358
38.970          1.7662
39.490          1.3340
40.009          0.79111
40.529          0.62506
41.049          0.60720
41.568          0.68652
42.088          1.0415
42.607          1.6890
43.127          1.5373
43.647          0.89813
44.166          0.64681
44.686          0.60270
45.205          0.64950
45.725          0.90929
46.245          1.5534
46.764          1.6779
47.284          1.0266
47.803          0.68203
48.323          0.60646
48.843          0.62663
49.362          0.79996
49.882          1.3546
50.401          1.7639
50.921          1.2164
51.441          0.74518
51.960          0.61741
52.480          0.61215
52.999          0.71410
