0.0000          0.99302
0.51960         1.6691
1.0392          1.6881
1.5588          1.0113
2.0784          0.68750
2.5980          0.61849
3.1176          0.61964
3.6372          0.69518
4.1568          1.0388
4.6764          1.7133
5.1960          1.6384
5.7156          0.96642
6.2352          0.67491
6.7548          0.61598
7.2744          0.62205
7.7940          0.71501
8.3136          1.1071
8.8332          1.7606
9.3528          1.5566
9.8724          0.90761
10.392          0.65897
10.912          0.61251
11.431          0.62757
11.951          0.75568
12.470          1.2310
12.990          1.8044
13.510          1.4129
14.029          0.82949
14.549          0.64063
15.068          0.61022
15.588          0.64015
16.108          0.82713
16.627          1.4078
17.147          1.8052
17.666          1.2355
18.186          0.75726
18.706          0.62776
19.225          0.61237
19.745          0.65855
20.264          0.90621
20.784          1.5544
21.304          1.7612
21.823          1.1085
22.343          0.71535
22.862          0.62199
23.382          0.61587
23.902          0.67501
24.421          0.96723
24.941          1.6394
25.460          1.7118
25.980          1.0372
26.500          0.69459
27.019          0.61939
27.539          0.61848
28.059          0.68855
28.578          1.0156
29.098          1.6922
29.617          1.6636
30.137          0.98799
30.657          0.68081
31.176          0.61708
31.696          0.62072
32.215          0.70504
32.735          1.0737
33.255          1.7399
33.774          1.5962
34.294          0.93430
34.813          0.66597
35.333          0.61389
35.853          0.62469
36.372          0.73604
36.892          1.1738
37.411          1.7896
37.931          1.4771
38.451          0.86146
38.970          0.64761
39.490          0.61064
40.009          0.63423
40.529          0.79631
41.049          1.3372
41.568          1.8121
42.088          1.3025
42.607          0.78238
43.127          0.63183
43.647          0.61114
44.166          0.65115
44.686          0.87640
45.205          1.5045
45.725          1.7812
46.245          1.1506
46.764          0.72857
47.284          0.62376
47.803          0.61460
48.323          0.66877
48.843          0.94428
49.362          1.6100
49.882          1.7323
50.401          1.0629
50.921          0.70201
51.441          0.62050
51.960          0.61756
52.480          0.68237
52.999          0.99302
