0.0000          0.93512
0.51960         1.5974
1.0392          1.7398
1.5588          1.0734
2.0784          0.70506
2.5980          0.62088
3.1176          0.61717
3.6372          0.68037
4.1568          0.98582
4.6764          1.6612
5.1960          1.6953
5.7156          1.0187
6.2352          0.68959
6.7548          0.61886
7.2744          0.61933
7.7940          0.69275
8.3136          1.0300
8.8332          1.7057
9.3528          1.6486
9.8724          0.97484
10.392          0.67728
10.912          0.61652
11.431          0.62151
11.951          0.71039
12.470          1.0916
12.990          1.7516
13.510          1.5753
14.029          0.91988
14.549          0.66219
15.068          0.61317
15.588          0.62615
16.108          0.74598
16.627          1.2032
17.147          1.7983
17.666          1.4438
18.186          0.84438
18.706          0.64379
19.225          0.61033
19.745          0.63725
20.264          0.81243
20.784          1.3751
21.304          1.8095
21.823          1.2659
22.343          0.76836
22.862          0.62949
23.382          0.61174
23.902          0.65515
24.421          0.89286
24.941          1.5328
25.460          1.7705
25.980          1.1264
26.500          0.72087
27.019          0.62267
27.539          0.61528
28.059          0.67238
28.578          0.95779
29.098          1.6277
29.617          1.7202
30.137          1.0472
30.657          0.69741
31.176          0.61974
31.696          0.61807
32.215          0.68626
32.735          1.0075
33.255          1.6842
33.774          1.6721
34.294          0.99587
34.813          0.68300
35.333          0.61748
35.853          0.62031
36.372          0.70181
36.892          1.0626
37.411          1.7320
37.931          1.6094
38.451          0.94389
38.970          0.66856
39.490          0.61444
40.009          0.62381
40.529          0.72960
41.049          1.1540
41.568          1.7825
42.088          1.5001
42.607          0.87393
43.127          0.65052
43.647          0.61101
44.166          0.63223
44.686          0.78492
45.205          1.3090
45.725          1.8123
46.245          1.3306
46.764          0.79360
47.284          0.63378
47.803          0.61074
48.323          0.64825
48.843          0.86412
49.362          1.4821
49.882          1.7884
50.401          1.1697
50.921          0.73477
51.441          0.62459
51.960          0.61406
52.480          0.66628
52.999          0.93512
