0.0000          0.97015
0.51960         1.6430
1.0392          1.7095
1.5588          1.0345
2.0784          0.69390
2.5980          0.61938
3.1176          0.61863
3.6372          0.68888
4.1568          1.0166
4.6764          1.6932
5.1960          1.6630
5.7156          0.98748
6.2352          0.68074
6.7548          0.61715
7.2744          0.62077
7.7940          0.70484
8.3136          1.0729
8.8332          1.7394
9.3528          1.5976
9.8724          0.93530
10.392          0.66628
10.912          0.61401
11.431          0.62458
11.951          0.73502
12.470          1.1706
12.990          1.7886
13.510          1.4809
14.029          0.86349
14.549          0.64809
15.068          0.61071
15.588          0.63389
16.108          0.79430
16.627          1.3323
17.147          1.8122
17.666          1.3074
18.186          0.78426
18.706          0.63214
19.225          0.61105
19.745          0.65067
20.264          0.87444
20.784          1.5010
21.304          1.7823
21.823          1.1534
22.343          0.72945
22.862          0.62384
23.382          0.61449
23.902          0.66850
24.421          0.94344
24.941          1.6088
25.460          1.7328
25.980          1.0635
26.500          0.70215
27.019          0.62044
27.539          0.61749
28.059          0.68249
28.578          0.99369
29.098          1.6698
29.617          1.6870
30.137          1.0103
30.657          0.68713
31.176          0.61834
31.696          0.61966
32.215          0.69593
32.735          1.0417
33.255          1.7157
33.774          1.6347
34.294          0.96336
34.813          0.67400
35.333          0.61571
35.853          0.62226
36.372          0.71711
36.892          1.1141
37.411          1.7643
37.931          1.5479
38.451          0.90211
38.970          0.65753
39.490          0.61220
40.009          0.62826
40.529          0.76037
41.049          1.2441
41.568          1.8066
42.088          1.3985
42.607          0.82288
43.127          0.63929
43.647          0.61023
44.166          0.64152
44.686          0.83376
45.205          1.4219
45.725          1.8028
46.245          1.2227
46.764          0.75273
47.284          0.62711
47.803          0.61268
48.323          0.65997
48.843          0.91158
49.362          1.5628
49.882          1.7576
50.401          1.1017
50.921          0.71336
51.441          0.62180
51.960          0.61613
52.480          0.67589
52.999          0.97015
