0.0000          0.96109
0.51960         1.6318
1.0392          1.7185
1.5588          1.0449
2.0784          0.69699
2.5980          0.61999
3.1176          0.61830
3.6372          0.68567
4.1568          1.0044
4.6764          1.6812
5.1960          1.6771
5.7156          1.0005
6.2352          0.68457
6.7548          0.61810
7.2744          0.62017
7.7940          0.69845
8.3136          1.0501
8.8332          1.7226
9.3528          1.6257
9.8724          0.95628
10.392          0.67216
10.912          0.61544
11.431          0.62278
11.951          0.72043
12.470          1.1246
12.990          1.7698
13.510          1.5357
14.029          0.89461
14.549          0.65567
15.068          0.61191
15.588          0.62922
16.108          0.76622
16.627          1.2600
17.147          1.8089
17.666          1.3815
18.186          0.81523
18.706          0.63776
19.225          0.61027
19.745          0.64320
20.264          0.84173
20.784          1.4384
21.304          1.7993
21.823          1.2076
22.343          0.74743
22.862          0.62625
23.382          0.61298
23.902          0.66192
24.421          0.91935
24.941          1.5746
25.460          1.7512
25.980          1.0913
26.500          0.71014
27.019          0.62125
27.539          0.61639
28.059          0.67806
28.578          0.97854
29.098          1.6528
29.617          1.7007
30.137          1.0247
30.657          0.69098
31.176          0.61872
31.696          0.61894
32.215          0.69245
32.735          1.0300
33.255          1.7054
33.774          1.6469
34.294          0.97351
34.813          0.67666
35.333          0.61610
35.853          0.62156
36.372          0.71267
36.892          1.0998
37.411          1.7563
37.931          1.5644
38.451          0.91263
38.970          0.66016
39.490          0.61263
40.009          0.62701
40.529          0.75258
41.049          1.2224
41.568          1.8026
42.088          1.4220
42.607          0.83380
43.127          0.64152
43.647          0.61022
44.166          0.63929
44.686          0.82295
45.205          1.3987
45.725          1.8067
46.245          1.2440
46.764          0.76037
47.284          0.62831
47.803          0.61224
48.323          0.65744
48.843          0.90156
49.362          1.5470
49.882          1.7651
50.401          1.1153
50.921          0.71755
51.441          0.62243
51.960          0.61575
52.480          0.67350
52.999          0.96109
