0.0000          1.0148
0.51960         1.6912
1.0392          1.6628
1.5588          0.98735
2.0784          0.68036
2.5980          0.61668
3.1176          0.62070
3.6372          0.70698
4.1568          1.0810
4.6764          1.7446
5.1960          1.5863
5.7156          0.92726
6.2352          0.66391
6.7548          0.61329
7.2744          0.62543
7.7940          0.74230
8.3136          1.1927
8.8332          1.7953
9.3528          1.4548
9.8724          0.84990
10.392          0.64495
10.912          0.61035
11.431          0.63628
11.951          0.80767
12.470          1.3643
12.990          1.8105
13.510          1.2763
14.029          0.77233
14.549          0.63021
15.068          0.61161
15.588          0.65387
16.108          0.88734
16.627          1.5235
17.147          1.7747
17.666          1.1350
18.186          0.72371
18.706          0.62325
19.225          0.61516
19.745          0.67055
20.264          0.95022
20.784          1.6179
21.304          1.7282
21.823          1.0572
22.343          0.70055
22.862          0.62055
23.382          0.61789
23.902          0.68272
24.421          0.99343
24.941          1.6696
25.460          1.6891
25.980          1.0122
26.500          0.68798
27.019          0.61886
27.539          0.61971
28.059          0.69367
28.578          1.0326
29.098          1.7081
29.617          1.6468
30.137          0.97334
30.657          0.67704
31.176          0.61666
31.696          0.62163
32.215          0.71007
32.735          1.0901
33.255          1.7509
33.774          1.5779
34.294          0.92160
34.813          0.66274
35.333          0.61338
35.853          0.62595
36.372          0.74402
36.892          1.1972
37.411          1.7968
37.931          1.4507
38.451          0.84781
38.970          0.64455
39.490          0.61038
40.009          0.63662
40.529          0.80911
41.049          1.3675
41.568          1.8101
42.088          1.2730
42.607          0.77096
43.127          0.62983
43.647          0.61154
44.166          0.65453
44.686          0.89072
45.205          1.5293
45.725          1.7713
46.245          1.1287
46.764          0.72145
47.284          0.62257
47.803          0.61509
48.323          0.67255
48.843          0.95918
49.362          1.6294
49.882          1.7177
50.401          1.0445
50.921          0.69640
51.441          0.61931
51.960          0.61805
52.480          0.68802
52.999          1.0148
