0.0000          1.1612
0.51960         0.72580
1.0392          0.61231
1.5588          0.64018
2.0784          0.87571
2.5980          1.4822
3.1176          1.6275
3.6372          1.0112
4.1568          0.67597
4.6764          0.60664
5.1960          0.66119
5.7156          0.95981
6.2352          1.5881
6.7548          1.5470
7.2744          0.92190
7.7940          0.65125
8.3136          0.60798
8.8332          0.69274
9.3528          1.0654
9.8724          1.6563
10.392          1.4145
10.912          0.83581
11.431          0.63143
11.951          0.61665
12.470          0.75564
12.990          1.2407
13.510          1.6861
14.029          1.2198
14.549          0.74760
15.068          0.61534
15.588          0.63225
16.108          0.84005
16.627          1.4242
17.147          1.6602
17.666          1.0643
18.186          0.69234
18.706          0.60733
19.225          0.64650
19.745          0.90343
20.264          1.5282
20.784          1.6204
21.304          0.98899
21.823          0.66919
22.343          0.60482
22.862          0.65579
23.382          0.94042
23.902          1.5760
24.421          1.5886
24.941          0.95205
25.460          0.65887
25.980          0.60454
26.500          0.66447
27.019          0.97243
27.539          1.6076
28.059          1.5507
28.578          0.91972
29.098          0.65048
29.617          0.60593
30.137          0.68081
30.657          1.0279
31.176          1.6445
31.696          1.4738
32.215          0.86806
32.735          0.63828
33.255          0.61136
33.774          0.72164
34.294          1.1504
34.813          1.6817
35.333          1.3164
35.853          0.78721
36.372          0.62194
36.892          0.62453
37.411          0.80100
37.931          1.3453
38.451          1.6742
38.970          1.1223
39.490          0.71161
40.009          0.61023
40.529          0.64385
41.049          0.89168
41.568          1.5067
42.088          1.6159
42.607          0.99277
43.127          0.67045
43.647          0.60641
44.166          0.66556
44.686          0.97538
45.205          1.6014
45.725          1.5274
46.245          0.90696
46.764          0.64757
47.284          0.60937
47.803          0.70362
48.323          1.0978
48.843          1.6653
49.362          1.3718
49.882          0.81416
50.401          0.62713
50.921          0.62084
51.441          0.78000
51.960          1.2981
52.480          1.6783
52.999          1.1612
