0.0000          1.0393
0.51960         1.7136
1.0392          1.6360
1.5588          0.96443
2.0784          0.67409
2.5980          0.61551
3.1176          0.62216
3.6372          0.71776
4.1568          1.1168
4.6764          1.7658
5.1960          1.5438
5.7156          0.89941
6.2352          0.65672
6.7548          0.61194
7.2744          0.62860
7.7940          0.76325
8.3136          1.2525
8.8332          1.8082
9.3528          1.3891
9.8724          0.81848
10.392          0.63840
10.912          0.61023
11.431          0.64242
11.951          0.83817
12.470          1.4314
12.990          1.8012
13.510          1.2142
14.029          0.74980
14.549          0.62674
15.068          0.61293
15.588          0.66079
16.108          0.91441
16.627          1.5672
17.147          1.7560
17.666          1.0987
18.186          0.71257
18.706          0.62186
19.225          0.61632
19.745          0.67587
20.264          0.96941
20.784          1.6421
21.304          1.7113
21.823          1.0363
22.343          0.69463
22.862          0.61975
23.382          0.61867
23.902          0.68742
24.421          1.0105
24.941          1.6874
25.460          1.6710
25.980          0.99469
26.500          0.68299
27.019          0.61786
27.539          0.62047
28.059          0.70046
28.578          1.0570
29.098          1.7281
29.617          1.6176
30.137          0.95004
30.657          0.67045
31.176          0.61508
31.696          0.62326
32.215          0.72413
32.735          1.1365
33.255          1.7754
33.774          1.5215
34.294          0.88614
34.813          0.65355
35.333          0.61154
35.853          0.63036
36.372          0.77343
36.892          1.2794
37.411          1.8111
37.931          1.3610
38.451          0.80612
38.970          0.63598
39.490          0.61036
40.009          0.64524
40.529          0.85125
41.049          1.4577
41.568          1.7950
42.088          1.1902
42.607          0.74141
43.127          0.62534
43.647          0.61338
44.166          0.66408
44.686          0.92766
45.205          1.5869
45.725          1.7447
46.245          1.0809
46.764          0.70699
47.284          0.62081
47.803          0.61673
48.323          0.68002
48.843          0.98575
49.362          1.6610
49.882          1.6935
50.401          1.0170
50.921          0.68876
51.441          0.61831
51.960          0.61925
52.480          0.69504
52.999          1.0393
