0.0000          0.93264
0.51960         1.5939
1.0392          1.7418
1.5588          1.0763
2.0784          0.70590
2.5980          0.62098
3.1176          0.61707
3.6372          0.67986
4.1568          0.98400
4.6764          1.6591
5.1960          1.6971
5.7156          1.0206
6.2352          0.69011
6.7548          0.61894
7.2744          0.61925
7.7940          0.69219
8.3136          1.0281
8.8332          1.7039
9.3528          1.6508
9.8724          0.97675
10.392          0.67782
10.912          0.61663
11.431          0.62140
11.951          0.70942
12.470          1.0883
12.990          1.7496
13.510          1.5794
14.029          0.92258
14.549          0.66291
15.068          0.61333
15.588          0.62586
16.108          0.74393
16.627          1.1971
17.147          1.7967
17.666          1.4506
18.186          0.84778
18.706          0.64454
19.225          0.61038
19.745          0.63662
20.264          0.80913
20.784          1.3676
21.304          1.8102
21.823          1.2731
22.343          0.77106
22.862          0.62992
23.382          0.61160
23.902          0.65436
24.421          0.88970
24.941          1.5275
25.460          1.7726
25.980          1.1309
26.500          0.72225
27.019          0.62284
27.539          0.61514
28.059          0.67174
28.578          0.95550
29.098          1.6247
29.617          1.7222
30.137          1.0497
30.657          0.69812
31.176          0.61983
31.696          0.61797
32.215          0.68570
32.735          1.0055
33.255          1.6822
33.774          1.6742
34.294          0.99784
34.813          0.68355
35.333          0.61758
35.853          0.62021
36.372          0.70103
36.892          1.0599
37.411          1.7300
37.931          1.6127
38.451          0.94632
38.970          0.66922
39.490          0.61459
40.009          0.62360
40.529          0.72801
41.049          1.1491
41.568          1.7805
42.088          1.5059
42.607          0.87719
43.127          0.65130
43.647          0.61112
44.166          0.63173
44.686          0.78200
45.205          1.3016
45.725          1.8121
46.245          1.3381
46.764          0.79669
47.284          0.63433
47.803          0.61066
48.323          0.64748
48.843          0.86082
49.362          1.4759
49.882          1.7902
50.401          1.1751
50.921          0.73652
51.441          0.62483
51.960          0.61391
52.480          0.66561
52.999          0.93264
