0.0000          1.6109
0.51960         1.7321
1.0392          1.0625
1.5588          0.70197
2.0784          0.62060
2.5980          0.61763
3.1176          0.68210
3.6372          0.99168
4.1568          1.6677
4.6764          1.6901
5.1960          1.0133
5.7156          0.68815
6.2352          0.61874
6.7548          0.61960
7.2744          0.69398
7.7940          1.0341
8.3136          1.7094
8.8332          1.6444
9.3528          0.97132
9.8724          0.67637
10.392          0.61640
10.912          0.62174
11.431          0.71177
11.951          1.0961
12.470          1.7544
12.990          1.5702
13.510          0.91646
14.029          0.66132
14.549          0.61303
15.068          0.62652
15.588          0.74834
16.108          1.2099
16.627          1.8000
17.147          1.4362
17.666          0.84065
18.186          0.64298
18.706          0.61028
19.225          0.63795
19.745          0.81608
20.264          1.3834
20.784          1.8085
21.304          1.2580
21.823          0.76541
22.343          0.62899
22.862          0.61187
23.382          0.65609
23.902          0.89673
24.421          1.5392
24.941          1.7676
25.460          1.1208
25.980          0.71907
26.500          0.62237
27.019          0.61541
27.539          0.67340
28.059          0.96179
28.578          1.6327
29.098          1.7161
29.617          1.0424
30.137          0.69596
30.657          0.61943
31.176          0.61821
31.696          0.68781
32.215          1.0134
32.735          1.6900
33.255          1.6652
33.774          0.98950
34.294          0.68111
34.813          0.61700
35.333          0.62062
35.853          0.70508
36.372          1.0742
36.892          1.7401
37.411          1.5952
37.931          0.93352
38.451          0.66568
38.970          0.61376
39.490          0.62478
40.009          0.73713
40.529          1.1772
41.049          1.7907
41.568          1.4730
42.088          0.85924
42.607          0.64708
43.127          0.61056
43.647          0.63462
44.166          0.79858
44.686          1.3428
45.205          1.8119
45.725          1.2971
46.245          0.78026
46.764          0.63149
47.284          0.61124
47.803          0.65170
48.323          0.87857
48.843          1.5083
49.362          1.7801
49.882          1.1476
50.401          0.72762
50.921          0.62369
51.441          0.61473
51.960          0.66904
52.480          0.94501
52.999          1.6109
