0.0000          1.2099
0.51960         0.74382
1.0392          0.61486
1.5588          0.63459
2.0784          0.85049
2.5980          1.4402
3.1176          1.6459
3.6372          1.0446
4.1568          0.68625
4.6764          0.60748
5.1960          0.65535
5.7156          0.93759
6.2352          1.5640
6.7548          1.5697
7.2744          0.94283
7.7940          0.65672
8.3136          0.60748
8.8332          0.68496
9.3528          1.0402
9.8724          1.6425
10.392          1.4428
10.912          0.85218
11.431          0.63498
11.951          0.61545
12.470          0.74673
12.990          1.2168
13.510          1.6813
14.029          1.2379
14.549          0.75504
15.068          0.61675
15.588          0.63301
16.108          0.84294
16.627          1.4264
17.147          1.6480
17.666          1.0527
18.186          0.68890
18.706          0.60789
19.225          0.65496
19.745          0.93604
20.264          1.5620
20.784          1.5704
21.304          0.94388
21.823          0.65702
22.343          0.60736
22.862          0.68406
23.382          1.0375
23.902          1.6419
24.421          1.4486
24.941          0.85549
25.460          0.63569
25.980          0.61434
26.500          0.74026
27.019          1.2005
27.539          1.6842
28.059          1.2599
28.578          0.76375
29.098          0.61798
29.617          0.62893
30.137          0.82379
30.657          1.3929
31.176          1.6681
31.696          1.0882
32.215          0.70020
32.735          0.60836
33.255          0.64400
33.774          0.89292
34.294          1.5130
34.813          1.6286
35.333          1.0004
35.853          0.67253
36.372          0.60505
36.892          0.65366
37.411          0.93225
37.931          1.5668
38.451          1.5977
38.970          0.96079
39.490          0.66125
40.009          0.60438
40.529          0.66096
41.049          0.95975
41.568          1.5967
42.088          1.5682
42.607          0.93333
43.127          0.65394
43.647          0.60499
44.166          0.67188
44.686          0.99823
45.205          1.6272
45.725          1.5162
46.245          0.89501
46.764          0.64449
47.284          0.60810
47.803          0.69836
48.323          1.0827
48.843          1.6666
49.362          1.4002
49.882          0.82744
50.401          0.62966
50.921          0.61732
51.441          0.75981
51.960          1.2504
52.480          1.6851
52.999          1.2099
