0.0000          1.1846
0.51960         0.73371
1.0392          0.61539
1.5588          0.61398
2.0784          0.72534
2.5980          1.1605
3.1176          1.7495
3.6372          1.4109
4.1568          0.82594
4.6764          0.63129
5.1960          0.60480
5.7156          0.67244
6.2352          0.99483
6.7548          1.6503
7.2744          1.5851
7.7940          0.93376
8.3136          0.65555
8.8332          0.60289
9.3528          0.64216
9.8724          0.87847
10.392          1.5068
10.912          1.7067
11.431          1.0689
11.951          0.69504
12.470          0.60863
12.990          0.62247
13.510          0.77627
14.029          1.2979
14.549          1.7684
15.068          1.2708
15.588          0.76555
16.108          0.62070
16.627          0.60971
17.147          0.70097
17.666          1.0872
18.186          1.7176
18.706          1.4890
19.225          0.86775
19.745          0.63993
20.264          0.60313
20.784          0.65764
21.304          0.94116
21.823          1.5944
22.343          1.6449
22.862          0.98842
23.382          0.67076
23.902          0.60470
24.421          0.63164
24.941          0.82700
25.460          1.4130
25.980          1.7503
26.500          1.1605
27.019          0.72544
27.539          0.61413
28.059          0.61519
28.578          0.73175
29.098          1.1787
29.617          1.7560
30.137          1.3943
30.657          0.81804
31.176          0.63000
31.696          0.60518
32.215          0.67363
32.735          0.99815
33.255          1.6546
33.774          1.5855
34.294          0.93335
34.813          0.65570
35.333          0.60303
35.853          0.64088
36.372          0.87170
36.892          1.4960
37.411          1.7159
37.931          1.0821
38.451          0.69939
38.970          0.60958
39.490          0.62085
40.009          0.76576
40.529          1.2712
41.049          1.7695
41.568          1.2992
42.088          0.77675
42.607          0.62265
43.127          0.60847
43.647          0.69339
44.166          1.0633
44.686          1.7041
45.205          1.5149
45.725          0.88331
46.245          0.64337
46.764          0.60282
47.284          0.65323
47.803          0.92416
48.323          1.5734
48.843          1.6623
49.362          1.0075
49.882          0.67623
50.401          0.60545
50.921          0.62918
51.441          0.81430
51.960          1.3865
52.480          1.7567
52.999          1.1846
