0.0000          0.93402
0.51960         1.5958
1.0392          1.7406
1.5588          1.0746
2.0784          0.70539
2.5980          0.62090
3.1176          0.61712
3.6372          0.68021
4.1568          0.98533
4.6764          1.6606
5.1960          1.6957
5.7156          1.0191
6.2352          0.68968
6.7548          0.61885
7.2744          0.61930
7.7940          0.69273
8.3136          1.0301
8.8332          1.7057
9.3528          1.6484
9.8724          0.97472
10.392          0.67723
10.912          0.61649
11.431          0.62152
11.951          0.71057
12.470          1.0922
12.990          1.7520
13.510          1.5745
14.029          0.91932
14.549          0.66204
15.068          0.61313
15.588          0.62622
16.108          0.74647
16.627          1.2046
17.147          1.7987
17.666          1.4421
18.186          0.84357
18.706          0.64362
19.225          0.61032
19.745          0.63740
20.264          0.81323
20.784          1.3770
21.304          1.8093
21.823          1.2642
22.343          0.76773
22.862          0.62939
23.382          0.61178
23.902          0.65533
24.421          0.89354
24.941          1.5339
25.460          1.7700
25.980          1.1256
26.500          0.72060
27.019          0.62265
27.539          0.61531
28.059          0.67246
28.578          0.95805
29.098          1.6280
29.617          1.7200
30.137          1.0470
30.657          0.69738
31.176          0.61976
31.696          0.61809
32.215          0.68621
32.735          1.0073
33.255          1.6840
33.774          1.6726
34.294          0.99625
34.813          0.68313
35.333          0.61753
35.853          0.62029
36.372          0.70153
36.892          1.0616
37.411          1.7313
37.931          1.6108
38.451          0.94489
38.970          0.66884
39.490          0.61452
40.009          0.62372
40.529          0.72884
41.049          1.1517
41.568          1.7816
42.088          1.5029
42.607          0.87553
43.127          0.65091
43.647          0.61107
44.166          0.63198
44.686          0.78344
45.205          1.3053
45.725          1.8122
46.245          1.3344
46.764          0.79517
47.284          0.63405
47.803          0.61070
48.323          0.64786
48.843          0.86248
49.362          1.4790
49.882          1.7892
50.401          1.1723
50.921          0.73562
51.441          0.62470
51.960          0.61398
52.480          0.66597
52.999          0.93402
