0.0000          1.1069
0.51960         1.7606
1.0392          1.5568
1.5588          0.90775
2.0784          0.65901
2.5980          0.61253
3.1176          0.62755
3.6372          0.75550
4.1568          1.2304
4.6764          1.8043
5.1960          1.4135
5.7156          0.82977
6.2352          0.64069
6.7548          0.61022
7.2744          0.64010
7.7940          0.82686
8.3136          1.4072
8.8332          1.8053
9.3528          1.2360
9.8724          0.75743
10.392          0.62778
10.912          0.61235
11.431          0.65851
11.951          0.90611
12.470          1.5543
12.990          1.7613
13.510          1.1085
14.029          0.71535
14.549          0.62197
15.068          0.61585
15.588          0.67507
16.108          0.96751
16.627          1.6398
17.147          1.7114
17.666          1.0367
18.186          0.69445
18.706          0.61933
19.225          0.61848
19.745          0.68878
20.264          1.0166
20.784          1.6931
21.304          1.6624
21.823          0.98692
22.343          0.68049
22.862          0.61698
23.382          0.62078
23.902          0.70568
24.421          1.0760
24.941          1.7414
25.460          1.5934
25.980          0.93229
26.500          0.66541
27.019          0.61376
27.539          0.62489
28.059          0.73758
28.578          1.1784
29.098          1.7911
29.617          1.4717
30.137          0.85858
30.657          0.64694
31.176          0.61057
31.696          0.63472
32.215          0.79904
32.735          1.3438
33.255          1.8119
33.774          1.2961
34.294          0.77986
34.813          0.63141
35.333          0.61124
35.853          0.65183
36.372          0.87916
36.892          1.5093
37.411          1.7796
37.931          1.1465
38.451          0.72727
38.970          0.62360
39.490          0.61473
40.009          0.66928
40.529          0.94607
41.049          1.6124
41.568          1.7310
42.088          1.0610
42.607          0.70149
43.127          0.62046
43.647          0.61764
44.166          0.68265
44.686          0.99393
45.205          1.6701
45.725          1.6874
46.245          1.0106
46.764          0.68731
47.284          0.61849
47.803          0.61969
48.323          0.69529
48.843          1.0391
49.362          1.7136
49.882          1.6382
50.401          0.96622
50.921          0.67488
51.441          0.61599
51.960          0.62207
52.480          0.71499
52.999          1.1069
