0.0000          0.91282
0.51960         1.5647
1.0392          1.7563
1.5588          1.0997
2.0784          0.71267
2.5980          0.62160
3.1176          0.61613
3.6372          0.67656
4.1568          0.97300
4.6764          1.6463
5.1960          1.7062
5.7156          1.0307
6.2352          0.69272
6.7548          0.61903
7.2744          0.61871
7.7940          0.69054
8.3136          1.0230
8.8332          1.6991
9.3528          1.6550
9.8724          0.98044
10.392          0.67863
10.912          0.61656
11.431          0.62114
11.951          0.70895
12.470          1.0872
12.990          1.7487
13.510          1.5797
14.029          0.92281
14.549          0.66285
15.068          0.61320
15.588          0.62587
16.108          0.74465
16.627          1.1994
17.147          1.7972
17.666          1.4476
18.186          0.84630
18.706          0.64419
19.225          0.61033
19.745          0.63691
20.264          0.81077
20.784          1.3714
21.304          1.8099
21.823          1.2696
22.343          0.76978
22.862          0.62977
23.382          0.61172
23.902          0.65464
24.421          0.89056
24.941          1.5289
25.460          1.7724
25.980          1.1302
26.500          0.72214
27.019          0.62297
27.539          0.61525
28.059          0.67145
28.578          0.95382
29.098          1.6226
29.617          1.7246
30.137          1.0526
30.657          0.69913
31.176          0.62022
31.696          0.61798
32.215          0.68420
32.735          0.99929
33.255          1.6759
33.774          1.6822
34.294          1.0054
34.813          0.68590
35.333          0.61830
35.853          0.61993
36.372          0.69687
36.892          1.0446
37.411          1.7182
37.931          1.6320
38.451          0.96124
38.970          0.67351
39.490          0.61572
40.009          0.62242
40.529          0.71765
41.049          1.1157
41.568          1.7652
42.088          1.5464
42.607          0.90120
43.127          0.65734
43.647          0.61221
44.166          0.62836
44.686          0.76077
45.205          1.2451
45.725          1.8068
46.245          1.3975
46.764          0.82240
47.284          0.63919
47.803          0.61022
48.323          0.64163
48.843          0.83433
49.362          1.4231
49.882          1.8024
50.401          1.2214
50.921          0.75226
51.441          0.62698
51.960          0.61267
52.480          0.66023
52.999          0.91282
