0.0000          1.4773
0.51960         1.7890
1.0392          1.1732
1.5588          0.73578
2.0784          0.62451
2.5980          0.61381
3.1176          0.66643
3.6372          0.93667
4.1568          1.5995
4.6764          1.7369
5.1960          1.0699
5.7156          0.70371
6.2352          0.62028
6.7548          0.61708
7.2744          0.68250
7.7940          0.99506
8.3136          1.6712
8.8332          1.6834
9.3528          1.0069
9.8724          0.68581
10.392          0.61767
10.912          0.61968
11.431          0.69916
11.951          1.0541
12.470          1.7253
12.990          1.6181
13.510          0.95045
14.029          0.67016
14.549          0.61459
15.068          0.62328
15.588          0.72678
16.108          1.1455
16.627          1.7786
17.147          1.5094
17.666          0.87930
18.186          0.65176
18.706          0.61112
19.225          0.63150
19.745          0.78089
20.264          1.2987
20.784          1.8115
21.304          1.3411
21.823          0.79806
22.343          0.63460
22.862          0.61065
23.382          0.64718
23.902          0.85939
24.421          1.4730
24.941          1.7909
25.460          1.1779
25.980          0.73754
26.500          0.62506
27.019          0.61390
27.539          0.66509
28.059          0.93032
28.578          1.5905
29.098          1.7442
29.617          1.0797
30.137          0.70703
30.657          0.62129
31.176          0.61704
31.696          0.67873
32.215          0.97929
32.735          1.6538
33.255          1.7027
33.774          1.0265
34.294          0.69197
34.813          0.61948
35.333          0.61911
35.853          0.68953
36.372          1.0177
36.892          1.6945
37.411          1.6636
37.931          0.98792
38.451          0.68116
38.970          0.61757
39.490          0.62083
40.009          0.70295
40.529          1.0656
41.049          1.7344
41.568          1.6077
42.088          0.94264
42.607          0.66846
43.127          0.61467
43.647          0.62390
44.166          0.72880
44.686          1.1510
45.205          1.7814
45.725          1.5044
46.245          0.87647
46.764          0.65122
47.284          0.61119
47.803          0.63184
48.323          0.78215
48.843          1.3017
49.362          1.8117
49.882          1.3382
50.401          0.79677
50.921          0.63428
51.441          0.61060
51.960          0.64761
52.480          0.86165
52.999          1.4773
