0.0000          0.96383
0.51960         1.6352
1.0392          1.7154
1.5588          1.0413
2.0784          0.69586
2.5980          0.61968
3.1176          0.61837
3.6372          0.68707
4.1568          1.0100
4.6764          1.6867
5.1960          1.6704
5.7156          0.99416
6.2352          0.68265
6.7548          0.61756
7.2744          0.62043
7.7940          0.70177
8.3136          1.0621
8.8332          1.7318
9.3528          1.6106
9.8724          0.94479
10.392          0.66889
10.912          0.61460
11.431          0.62372
11.951          0.72841
12.470          1.1502
12.990          1.7810
13.510          1.5049
14.029          0.87664
14.549          0.65120
15.068          0.61113
15.588          0.63180
16.108          0.78223
16.627          1.3022
17.147          1.8121
17.666          1.3376
18.186          0.79647
18.706          0.63427
19.225          0.61065
19.745          0.64756
20.264          0.86122
20.784          1.4767
21.304          1.7898
21.823          1.1742
22.343          0.73621
22.862          0.62473
23.382          0.61389
23.902          0.66586
24.421          0.93380
24.941          1.5955
25.460          1.7405
25.980          1.0745
26.500          0.70529
27.019          0.62079
27.539          0.61707
28.059          0.68054
28.578          0.98688
29.098          1.6624
29.617          1.6936
30.137          1.0170
30.657          0.68897
31.176          0.61860
31.696          0.61934
32.215          0.69393
32.735          1.0347
33.255          1.7097
33.774          1.6425
34.294          0.96978
34.813          0.67576
35.333          0.61607
35.853          0.62182
36.372          0.71373
36.892          1.1030
37.411          1.7583
37.931          1.5611
38.451          0.91050
38.970          0.65968
39.490          0.61261
40.009          0.62724
40.529          0.75369
41.049          1.2254
41.568          1.8033
42.088          1.4189
42.607          0.83231
43.127          0.64122
43.647          0.61022
44.166          0.63958
44.686          0.82432
45.205          1.4017
45.725          1.8062
46.245          1.2412
46.764          0.75933
47.284          0.62811
47.803          0.61227
48.323          0.65783
48.843          0.90327
49.362          1.5497
49.882          1.7636
50.401          1.1126
50.921          0.71668
51.441          0.62223
51.960          0.61577
52.480          0.67415
52.999          0.96383
