0.0000          0.60702
0.51960         0.68559
1.0392          1.0384
1.5588          1.6865
2.0784          1.5405
2.5980          0.90048
3.1176          0.64741
3.6372          0.60271
4.1568          0.64888
4.6764          0.90663
5.1960          1.5496
5.7156          1.6810
6.2352          1.0306
6.7548          0.68330
7.2744          0.60671
7.7940          0.62607
8.3136          0.79656
8.8332          1.3467
9.3528          1.7654
9.8724          1.2248
10.392          0.74828
10.912          0.61799
11.431          0.61167
11.951          0.71098
12.470          1.1176
12.990          1.7343
13.510          1.4591
14.029          0.85067
14.549          0.63645
15.068          0.60361
15.588          0.66164
16.108          0.95551
16.627          1.6118
17.147          1.6319
17.666          0.97432
18.186          0.66685
18.706          0.60424
19.225          0.63332
19.745          0.83517
20.264          1.4294
20.784          1.7458
21.304          1.1457
21.823          0.72039
22.343          0.61329
22.862          0.61608
23.382          0.73684
23.902          1.1930
24.421          1.7594
24.941          1.3794
25.460          0.81110
25.980          0.62867
26.500          0.60565
27.019          0.67695
27.539          1.0095
28.059          1.6639
28.578          1.5720
29.098          0.92315
29.617          0.65298
30.137          0.60283
30.657          0.64369
31.176          0.88455
31.696          1.5163
32.215          1.7021
32.735          1.0611
33.255          0.69265
33.774          0.60825
34.294          0.62314
34.813          0.77995
35.333          1.3068
35.853          1.7677
36.372          1.2620
36.892          0.76215
37.411          0.62008
37.931          0.61018
38.451          0.70389
38.970          1.0964
39.490          1.7220
40.009          1.4773
40.529          0.86100
41.049          0.63831
41.568          0.60332
42.088          0.66104
42.607          0.95455
43.127          1.6092
43.647          1.6272
44.166          0.97139
44.686          0.66569
45.205          0.60384
45.725          0.63527
46.245          0.84632
46.764          1.4507
47.284          1.7343
47.803          1.1219
48.323          0.71229
48.843          0.61168
49.362          0.61808
49.882          0.75002
50.401          1.2297
50.921          1.7647
51.441          1.3397
51.960          0.79369
52.480          0.62551
52.999          0.60702
