0.0000          0.67251
0.51960         0.60484
1.0392          0.63111
1.5588          0.82489
2.0784          1.4088
2.5980          1.7505
3.1176          1.1629
3.6372          0.72619
4.1568          0.61415
4.6764          0.61519
5.1960          0.73235
5.7156          1.1808
6.2352          1.7561
6.7548          1.3905
7.2744          0.81613
7.7940          0.62952
8.3136          0.60533
8.8332          0.67539
9.3528          1.0047
9.8724          1.6600
10.392          1.5764
10.912          0.92630
11.431          0.65373
11.951          0.60282
12.470          0.64297
12.990          0.88169
13.510          1.5125
14.029          1.7054
14.549          1.0652
15.068          0.69398
15.588          0.60855
16.108          0.62249
16.627          0.77591
17.147          1.2972
17.666          1.7696
18.186          1.2729
18.706          0.76634
19.225          0.62093
19.745          0.60953
20.264          0.69920
20.784          1.0815
21.304          1.7155
21.823          1.4962
22.343          0.87180
22.862          0.64087
23.382          0.60302
23.902          0.65584
24.421          0.93404
24.941          1.5862
25.460          1.6534
25.980          0.99705
26.500          0.67328
27.019          0.60510
27.539          0.63022
28.059          0.81940
28.578          1.3973
29.098          1.7551
29.617          1.1756
30.137          0.73062
30.657          0.61499
31.176          0.61432
31.696          0.72667
32.215          1.1642
32.735          1.7516
33.255          1.4088
33.774          0.82485
34.294          0.63118
34.813          0.60479
35.333          0.67165
35.853          0.99170
36.372          1.6483
36.892          1.5907
37.411          0.93768
37.931          0.65667
38.451          0.60301
38.970          0.64058
39.490          0.87095
40.009          1.4949
40.529          1.7153
41.049          1.0815
41.568          0.69908
42.088          0.60943
42.607          0.62110
43.127          0.76777
43.647          1.2766
44.166          1.7692
44.686          1.2925
45.205          0.77394
45.725          0.62208
46.245          0.60881
46.764          0.69591
47.284          1.0715
47.803          1.7087
48.323          1.5046
48.843          0.87698
49.362          0.64185
49.882          0.60291
50.401          0.65566
50.921          0.93405
51.441          1.5856
51.960          1.6506
52.480          0.99496
52.999          0.67251
