0.0000          1.6719
0.51960         1.6871
1.0392          1.0102
1.5588          0.68746
2.0784          0.61881
2.5980          0.61981
3.1176          0.69417
3.6372          1.0343
4.1568          1.7096
4.6764          1.6450
5.1960          0.97182
5.7156          0.67664
6.2352          0.61659
6.7548          0.62173
7.2744          0.71074
7.7940          1.0924
8.3136          1.7523
8.8332          1.5752
9.3528          0.91978
9.8724          0.66226
10.392          0.61328
10.912          0.62614
11.431          0.74534
11.951          1.2012
12.470          1.7979
12.990          1.4462
13.510          0.84556
14.029          0.64404
14.549          0.61034
15.068          0.63704
15.588          0.81135
16.108          1.3727
16.627          1.8095
17.147          1.2680
17.666          0.76913
18.186          0.62953
18.706          0.61162
19.225          0.65511
19.745          0.89312
20.264          1.5332
20.784          1.7695
21.304          1.1254
21.823          0.72045
22.343          0.62241
22.862          0.61518
23.382          0.67314
23.902          0.96144
24.421          1.6322
24.941          1.7155
25.460          1.0419
25.980          0.69564
26.500          0.61917
27.019          0.61814
27.539          0.68881
28.059          1.0177
28.578          1.6940
29.098          1.6594
29.617          0.98430
30.137          0.67947
30.657          0.61647
31.176          0.62088
31.696          0.70858
32.215          1.0865
32.735          1.7480
33.255          1.5796
33.774          0.92270
34.294          0.66268
34.813          0.61302
35.333          0.62593
35.853          0.74587
36.372          1.2031
36.892          1.7978
37.411          1.4432
37.931          0.84406
38.451          0.64366
38.970          0.61026
39.490          0.63737
40.009          0.81338
40.529          1.3773
41.049          1.8093
41.568          1.2639
42.088          0.76769
42.607          0.62948
43.127          0.61186
43.647          0.65521
44.166          0.89265
44.686          1.5324
45.205          1.7713
45.725          1.1277
46.245          0.72142
46.764          0.62299
47.284          0.61540
47.803          0.67153
48.323          0.95364
48.843          1.6223
49.362          1.7255
49.882          1.0536
50.401          0.69955
50.921          0.62046
51.441          0.61805
51.960          0.68334
52.480          0.99552
52.999          1.6719
