0.0000          1.0490
0.51960         0.68882
1.0392          0.60759
1.5588          0.62427
2.0784          0.78657
2.5980          1.3233
3.1176          1.7673
3.6372          1.2461
4.1568          0.75603
4.6764          0.61911
5.1960          0.61083
5.7156          0.70721
6.2352          1.1065
6.7548          1.7278
7.2744          1.4677
7.7940          0.85548
8.3136          0.63721
8.8332          0.60347
9.3528          0.66204
9.8724          0.95793
10.392          1.6134
10.912          1.6251
11.431          0.96891
11.951          0.66508
12.470          0.60382
12.990          0.63524
13.510          0.84592
14.029          1.4503
14.549          1.7357
15.068          1.1233
15.588          0.71275
16.108          0.61182
16.627          0.61781
17.147          0.74817
17.666          1.2250
18.186          1.7651
18.706          1.3448
19.225          0.79567
19.745          0.62585
20.264          0.60680
20.784          0.68425
21.304          1.0342
21.823          1.6839
22.343          1.5450
22.862          0.90325
23.382          0.64802
23.902          0.60267
24.421          0.64820
24.941          0.90404
25.460          1.5462
25.980          1.6834
26.500          1.0334
27.019          0.68410
27.539          0.60681
28.059          0.62580
28.578          0.79525
29.098          1.3438
29.617          1.7657
30.137          1.2270
30.657          0.74905
31.176          0.61807
31.696          0.61160
32.215          0.71090
32.735          1.1174
33.255          1.7339
33.774          1.4584
34.294          0.85031
34.813          0.63630
35.333          0.60362
35.853          0.66227
36.372          0.95809
36.892          1.6144
37.411          1.6280
37.931          0.97085
38.451          0.66580
38.970          0.60404
39.490          0.63414
40.009          0.83966
40.529          1.4383
41.049          1.7421
41.568          1.1365
42.088          0.71724
42.607          0.61271
43.127          0.61674
43.647          0.74103
44.166          1.2050
44.686          1.7620
45.205          1.3664
45.725          0.80515
46.245          0.62755
46.764          0.60606
47.284          0.67967
47.803          1.0189
48.323          1.6719
48.843          1.5616
49.362          0.91514
49.882          0.65092
50.401          0.60271
50.921          0.64548
51.441          0.89257
51.960          1.5292
52.480          1.6945
52.999          1.0490
