0.0000          1.0279
0.51960         1.7039
1.0392          1.6523
1.5588          0.97803
2.0784          0.67838
2.5980          0.61698
3.1176          0.62136
3.6372          0.70757
4.1568          1.0816
4.6764          1.7455
5.1960          1.5883
5.7156          0.92872
6.2352          0.66465
6.7548          0.61380
7.2744          0.62519
7.7940          0.73859
8.3136          1.1812
8.8332          1.7923
9.3528          1.4691
9.8724          0.85718
10.392          0.64664
10.912          0.61057
11.431          0.63493
11.951          0.80003
12.470          1.3463
12.990          1.8117
13.510          1.2934
14.029          0.77873
14.549          0.63110
15.068          0.61118
15.588          0.65230
16.108          0.88168
16.627          1.5139
17.147          1.7771
17.666          1.1417
18.186          0.72556
18.706          0.62310
19.225          0.61469
19.745          0.67071
20.264          0.95251
20.784          1.6209
21.304          1.7235
21.823          1.0517
22.343          0.69846
22.862          0.61958
23.382          0.61776
23.902          0.68638
24.421          1.0090
24.941          1.6855
25.460          1.6689
25.980          0.99293
26.500          0.68190
27.019          0.61695
27.539          0.62039
28.059          0.70467
28.578          1.0732
29.098          1.7392
29.617          1.5955
30.137          0.93380
30.657          0.66564
31.176          0.61363
31.696          0.62479
32.215          0.73785
32.735          1.1794
33.255          1.7910
33.774          1.4701
34.294          0.85777
34.813          0.64670
35.333          0.61049
35.853          0.63493
36.372          0.80042
36.892          1.3471
37.411          1.8116
37.931          1.2928
38.451          0.77864
38.970          0.63124
39.490          0.61132
40.009          0.65212
40.529          0.88025
41.049          1.5112
41.568          1.7792
42.088          1.1453
42.607          0.72695
43.127          0.62367
43.647          0.61484
44.166          0.66918
44.686          0.94522
45.205          1.6112
45.725          1.7324
46.245          1.0627
46.764          0.70214
47.284          0.62075
47.803          0.61768
48.323          0.68164
48.843          0.98954
49.362          1.6654
49.882          1.6930
50.401          1.0162
50.921          0.68911
51.441          0.61907
51.960          0.61955
52.480          0.69236
52.999          1.0279
