0.0000          0.65489
0.51960         0.60289
1.0392          0.64221
1.5588          0.87833
2.0784          1.5068
2.5980          1.7080
3.1176          1.0701
3.6372          0.69549
4.1568          0.60878
4.6764          0.62216
5.1960          0.77414
5.7156          1.2927
6.2352          1.7691
6.7548          1.2767
7.2744          0.76783
7.7940          0.62112
8.3136          0.60943
8.8332          0.69907
9.3528          1.0813
9.8724          1.7148
10.392          1.4953
10.912          0.87133
11.431          0.64069
11.951          0.60303
12.470          0.65663
12.990          0.93741
13.510          1.5901
14.029          1.6485
14.549          0.99217
15.068          0.67179
15.588          0.60481
16.108          0.63120
16.627          0.82489
17.147          1.4087
17.666          1.7513
18.186          1.1640
18.706          0.72659
19.225          0.61428
19.745          0.61506
20.264          0.73120
20.784          1.1772
21.304          1.7552
21.823          1.3950
22.343          0.81834
22.862          0.62998
23.382          0.60519
23.902          0.67417
24.421          1.0003
24.941          1.6560
25.460          1.5818
25.980          0.93069
26.500          0.65492
27.019          0.60293
27.539          0.64190
28.059          0.87667
28.578          1.5042
29.098          1.7103
29.617          1.0733
30.137          0.69655
30.657          0.60901
31.176          0.62176
31.696          0.77155
32.215          1.2861
32.735          1.7694
33.255          1.2836
33.774          0.77055
34.294          0.62158
34.813          0.60912
35.333          0.69725
35.853          1.0756
36.372          1.7115
36.892          1.5015
37.411          0.87506
37.931          0.64151
38.451          0.60295
38.970          0.65558
39.490          0.93335
40.009          1.5850
40.529          1.6527
41.049          0.99675
41.568          0.67311
42.088          0.60499
42.607          0.63061
43.127          0.82182
43.647          1.4023
44.166          1.7528
44.686          1.1698
45.205          0.72860
45.725          0.61458
46.245          0.61476
46.764          0.72961
47.284          1.1727
47.803          1.7536
48.323          1.3991
48.843          0.82030
49.362          0.63030
49.882          0.60509
50.401          0.67386
50.921          0.99940
51.441          1.6549
51.960          1.5818
52.480          0.93082
52.999          0.65489
