0.0000          1.1312
0.51960         1.7728
1.0392          1.5282
1.5588          0.89028
2.0784          0.65464
2.5980          0.61177
3.1176          0.62984
3.6372          0.76984
4.1568          1.2695
4.6764          1.8093
5.1960          1.3716
5.7156          0.81123
6.2352          0.63702
6.7548          0.61034
7.2744          0.64427
7.7940          0.84664
8.3136          1.4478
8.8332          1.7959
9.3528          1.1992
9.8724          0.74481
10.392          0.62580
10.912          0.61313
11.431          0.66324
11.951          0.92476
12.470          1.5822
12.990          1.7460
13.510          1.0842
14.029          0.70793
14.549          0.62078
15.068          0.61654
15.588          0.68001
16.108          0.98630
16.627          1.6616
17.147          1.6919
17.666          1.0155
18.186          0.68817
18.706          0.61801
19.225          0.61927
19.745          0.69654
20.264          1.0451
20.784          1.7179
21.304          1.6283
21.823          0.95849
22.343          0.67232
22.862          0.61499
23.382          0.62268
23.902          0.72253
24.421          1.1317
24.941          1.7716
25.460          1.5259
25.980          0.88912
26.500          0.65416
27.019          0.61150
27.539          0.63020
28.059          0.77290
28.578          1.2770
29.098          1.8095
29.617          1.3636
30.137          0.80758
30.657          0.63637
31.176          0.61045
31.696          0.64498
32.215          0.84961
32.735          1.4538
33.255          1.7958
33.774          1.1946
34.294          0.74316
34.813          0.62585
35.333          0.61347
35.853          0.66304
36.372          0.92265
36.892          1.5794
37.411          1.7502
37.931          1.0890
38.451          0.70975
38.970          0.62162
39.490          0.61672
40.009          0.67715
40.529          0.97363
41.049          1.6471
41.568          1.7080
42.088          1.0325
42.607          0.69366
43.127          0.61975
43.647          0.61889
44.166          0.68788
44.686          1.0117
45.205          1.6886
45.725          1.6704
46.245          0.99408
46.764          0.68293
47.284          0.61797
47.803          0.62053
48.323          0.70011
48.843          1.0555
49.362          1.7270
49.882          1.6200
50.401          0.95188
50.921          0.67104
51.441          0.61530
51.960          0.62313
52.480          0.72253
52.999          1.1312
