0.0000          0.63985
0.51960         0.82556
1.0392          1.4039
1.5588          1.8055
2.0784          1.2394
2.5980          0.75879
3.1176          0.62812
3.6372          0.61239
4.1568          0.65792
4.6764          0.90320
5.1960          1.5494
5.7156          1.7641
6.2352          1.1135
6.7548          0.71709
7.2744          0.62246
7.7940          0.61586
8.3136          0.67352
8.8332          0.96079
9.3528          1.6314
9.8724          1.7193
10.392          1.0458
10.912          0.69737
11.431          0.62019
11.951          0.61834
12.470          0.68495
12.990          1.0013
13.510          1.6781
14.029          1.6811
14.549          1.0043
15.068          0.68579
15.588          0.61850
16.108          0.62006
16.627          0.69628
17.147          1.0419
17.666          1.7161
18.186          1.6360
18.706          0.96447
19.225          0.67456
19.745          0.61610
20.264          0.62221
20.784          0.71492
21.304          1.1064
21.823          1.7603
22.343          1.5581
22.862          0.90868
23.382          0.65934
23.902          0.61268
24.421          0.62744
24.941          0.75426
25.460          1.2267
25.980          1.8033
26.500          1.4178
27.019          0.83204
27.539          0.64119
28.059          0.61025
28.578          0.63974
29.098          0.82497
29.617          1.4027
30.137          1.8050
30.657          1.2402
31.176          0.75917
31.696          0.62799
32.215          0.61222
32.735          0.65829
33.255          0.90558
33.774          1.5530
34.294          1.7605
34.813          1.1089
35.333          0.71540
35.853          0.62177
36.372          0.61572
36.892          0.67573
37.411          0.97077
37.931          1.6436
38.451          1.7069
38.970          1.0319
39.490          0.69282
40.009          0.61877
40.529          0.61856
41.049          0.69143
41.568          1.0270
42.088          1.7026
42.607          1.6491
43.127          0.97542
43.647          0.67701
44.166          0.61598
44.686          0.62145
45.205          0.71297
45.725          1.1009
46.245          1.7562
46.764          1.5624
47.284          0.91156
47.803          0.65982
48.323          0.61249
48.843          0.62727
49.362          0.75448
49.882          1.2271
50.401          1.8026
50.921          1.4169
51.441          0.83158
51.960          0.64108
52.480          0.61024
52.999          0.63985
