0.0000          0.77237
0.51960         1.2770
1.0392          1.8105
1.5588          1.3631
2.0784          0.80720
2.5980          0.63625
3.1176          0.61040
3.6372          0.64498
4.1568          0.84986
4.6764          1.4548
5.1960          1.7959
5.7156          1.1936
6.2352          0.74279
6.7548          0.62579
7.2744          0.61349
7.7940          0.66312
8.3136          0.92295
8.8332          1.5799
9.3528          1.7500
9.8724          1.0887
10.392          0.70968
10.912          0.62165
11.431          0.61675
11.951          0.67710
12.470          0.97329
12.990          1.6468
13.510          1.7086
14.029          1.0331
14.549          0.69387
15.068          0.61984
15.588          0.61889
16.108          0.68751
16.627          1.0102
17.147          1.6871
17.666          1.6723
18.186          0.99589
18.706          0.68350
19.225          0.61815
19.745          0.62047
20.264          0.69908
20.784          1.0517
21.304          1.7241
21.823          1.6247
22.343          0.95552
22.862          0.67208
23.382          0.61557
23.902          0.62284
24.421          0.72001
24.941          1.1230
25.460          1.7691
25.980          1.5381
26.500          0.89606
27.019          0.65607
27.539          0.61202
28.059          0.62901
28.578          0.76467
29.098          1.2558
29.617          1.8084
30.137          1.3860
30.657          0.81712
31.176          0.63808
31.696          0.61020
32.215          0.64282
32.735          0.84021
33.255          1.4355
33.774          1.7998
34.294          1.2097
34.813          0.74803
35.333          0.62620
35.853          0.61282
36.372          0.66195
36.892          0.92008
37.411          1.5758
37.931          1.7498
38.451          1.0893
38.970          0.70934
39.490          0.62090
40.009          0.61633
40.529          0.67920
41.049          0.98360
41.568          1.6586
42.088          1.6942
42.607          1.0180
43.127          0.68881
43.647          0.61804
44.166          0.61912
44.686          0.69596
45.205          1.0433
45.725          1.7167
46.245          1.6301
46.764          0.95972
47.284          0.67260
47.803          0.61500
48.323          0.62252
48.843          0.72176
49.362          1.1300
49.882          1.7719
50.401          1.5273
50.921          0.88950
51.441          0.65417
51.960          0.61142
52.480          0.63000
52.999          0.77237
