0.0000          0.72654
0.51960         1.1631
1.0392          1.6778
1.5588          1.2951
2.0784          0.77877
2.5980          0.62065
3.1176          0.62764
3.6372          0.81666
4.1568          1.3766
4.6764          1.6632
5.1960          1.0930
5.7156          0.70206
6.2352          0.60927
6.7548          0.64873
7.2744          0.91151
7.7940          1.5327
8.3136          1.5957
8.8332          0.96979
9.3528          0.66405
9.8724          0.60667
10.392          0.67343
10.912          1.0025
11.431          1.6213
11.951          1.4936
12.470          0.88352
12.990          0.64202
13.510          0.61123
14.029          0.71844
14.549          1.1407
15.068          1.6765
15.588          1.3250
16.108          0.79207
16.627          0.62295
17.147          0.62363
17.666          0.79602
18.186          1.3348
18.706          1.6786
19.225          1.1353
19.745          0.71635
20.264          0.61062
20.784          0.63962
21.304          0.87387
21.823          1.4831
22.343          1.6411
22.862          1.0216
23.382          0.67890
23.902          0.60571
24.421          0.65104
24.941          0.92191
25.460          1.5537
25.980          1.6064
26.500          0.97073
27.019          0.66400
27.539          0.60447
28.059          0.65880
28.578          0.95178
29.098          1.5887
29.617          1.5772
30.137          0.94119
30.657          0.65599
31.176          0.60471
31.696          0.66826
32.215          0.98575
32.735          1.6183
33.255          1.5333
33.774          0.90690
34.294          0.64734
34.813          0.60694
35.333          0.68935
35.853          1.0550
36.372          1.6567
36.892          1.4370
37.411          0.84713
37.931          0.63376
38.451          0.61429
38.970          0.74083
39.490          1.2019
40.009          1.6851
40.529          1.2598
41.049          0.76368
41.568          0.61801
42.088          0.62977
42.607          0.82737
43.127          1.3976
43.647          1.6599
44.166          1.0791
44.686          0.69737
45.205          0.60860
45.725          0.64992
46.245          0.91631
46.764          1.5389
47.284          1.5918
47.803          0.96521
48.323          0.66276
48.843          0.60680
49.362          0.67546
49.882          1.0092
50.401          1.6253
50.921          1.4830
51.441          0.87663
51.960          0.64043
52.480          0.61248
52.999          0.72654
