0.0000          0.60806
0.51960         0.65175
1.0392          0.92367
1.5588          1.5483
2.0784          1.5851
2.5980          0.95767
3.1176          0.66067
3.6372          0.60687
4.1568          0.67782
4.6764          1.0171
5.1960          1.6305
5.7156          1.4734
6.2352          0.87042
6.7548          0.63901
7.2744          0.61308
7.7940          0.73092
8.3136          1.1751
8.8332          1.6793
9.3528          1.2822
9.8724          0.77324
10.392          0.61970
10.912          0.62872
11.431          0.82216
11.951          1.3876
12.470          1.6606
12.990          1.0843
13.510          0.69914
14.029          0.60891
14.549          0.64979
15.068          0.91583
15.588          1.5384
16.108          1.5919
16.627          0.96529
17.147          0.66279
17.666          0.60669
18.186          0.67477
18.706          1.0071
19.225          1.6246
19.745          1.4880
20.264          0.87969
20.784          0.64112
21.304          0.61157
21.823          0.72104
22.343          1.1481
22.862          1.6781
23.382          1.3164
23.902          0.78804
24.421          0.62220
24.941          0.62431
25.460          0.79985
25.980          1.3433
26.500          1.6775
27.019          1.1280
27.539          0.71377
28.059          0.61025
28.578          0.64031
29.098          0.87693
29.617          1.4881
30.137          1.6391
30.657          1.0180
31.176          0.67778
31.696          0.60559
32.215          0.65155
32.735          0.92394
33.255          1.5562
33.774          1.6045
34.294          0.96861
34.813          0.66341
35.333          0.60447
35.853          0.65940
36.372          0.95402
36.892          1.5908
37.411          1.5744
37.931          0.93878
38.451          0.65536
38.970          0.60482
39.490          0.66954
40.009          0.99021
40.529          1.6215
41.049          1.5270
41.568          0.90247
42.088          0.64627
42.607          0.60737
43.127          0.69274
43.647          1.0656
44.166          1.6608
44.686          1.4227
45.205          0.83928
45.725          0.63210
46.245          0.61544
46.764          0.74822
47.284          1.2213
47.803          1.6858
48.323          1.2394
48.843          0.75534
49.362          0.61665
49.882          0.63163
50.401          0.83653
50.921          1.4152
51.441          1.6551
51.960          1.0649
52.480          0.69272
52.999          0.60806
