0.0000          0.71834
0.51960         0.61282
1.0392          0.61664
1.5588          0.74085
2.0784          1.2046
2.5980          1.7615
3.1176          1.3661
3.6372          0.80506
4.1568          0.62752
4.6764          0.60609
5.1960          0.68000
5.7156          1.0201
6.2352          1.6728
6.7548          1.5600
7.2744          0.91408
7.7940          0.65067
8.3136          0.60271
8.8332          0.64573
9.3528          0.89360
9.8724          1.5307
10.392          1.6936
10.912          1.0478
11.431          0.68851
11.951          0.60756
12.470          0.62430
12.990          0.78663
13.510          1.3234
14.029          1.7677
14.549          1.2467
15.068          0.75634
15.588          0.61924
16.108          0.61072
16.627          0.70610
17.147          1.1029
17.666          1.7267
18.186          1.4730
18.706          0.85839
19.225          0.63794
19.745          0.60336
20.264          0.66016
20.784          0.95051
21.304          1.6056
21.823          1.6352
22.343          0.97816
22.862          0.66781
23.382          0.60427
23.902          0.63320
24.421          0.83512
24.941          1.4294
25.460          1.7447
25.980          1.1444
26.500          0.71991
27.019          0.61314
27.539          0.61627
28.059          0.73841
28.578          1.1977
29.098          1.7602
29.617          1.3737
30.137          0.80845
30.657          0.62814
31.176          0.60583
31.696          0.67838
32.215          1.0146
32.735          1.6683
33.255          1.5661
33.774          0.91851
34.294          0.65177
34.813          0.60274
35.333          0.64470
35.853          0.88917
36.372          1.5240
36.892          1.6980
37.411          1.0540
37.931          0.69042
38.451          0.60789
38.970          0.62369
39.490          0.78311
40.009          1.3149
40.529          1.7682
41.049          1.2547
41.568          0.75931
42.088          0.61969
42.607          0.61040
43.127          0.70455
43.647          1.0983
44.166          1.7240
44.686          1.4771
45.205          0.86072
45.725          0.63836
46.245          0.60330
46.764          0.65998
47.284          0.95011
47.803          1.6049
48.323          1.6345
48.843          0.97777
49.362          0.66763
49.882          0.60419
50.401          0.63355
50.921          0.83720
51.441          1.4335
51.960          1.7427
52.480          1.1399
52.999          0.71834
