0.0000          1.3920
0.51960         0.81688
1.0392          0.62962
1.5588          0.60532
2.0784          0.67558
2.5980          1.0054
3.1176          1.6600
3.6372          1.5746
4.1568          0.92530
4.6764          0.65342
5.1960          0.60278
5.7156          0.64369
6.2352          0.88510
6.7548          1.5175
7.2744          1.7009
7.7940          1.0593
8.3136          0.69205
8.8332          0.60813
9.3528          0.62328
9.8724          0.78101
10.392          1.3099
10.912          1.7683
11.431          1.2593
11.951          0.76111
12.470          0.61999
12.990          0.61019
13.510          0.70339
14.029          1.0948
14.549          1.7224
15.068          1.4809
15.588          0.86283
16.108          0.63884
16.627          0.60322
17.147          0.65910
17.666          0.94680
18.186          1.6014
18.706          1.6386
19.225          0.98167
19.745          0.66877
20.264          0.60438
20.784          0.63272
21.304          0.83280
21.823          1.4249
22.343          1.7464
22.862          1.1488
23.382          0.72139
23.902          0.61341
24.421          0.61595
24.941          0.73642
25.460          1.1921
25.980          1.7593
26.500          1.3800
27.019          0.81136
27.539          0.62873
28.059          0.60561
28.578          0.67660
29.098          1.0084
29.617          1.6634
30.137          1.5740
30.657          0.92440
31.176          0.65336
31.696          0.60286
32.215          0.64293
32.735          0.88104
33.255          1.5113
33.774          1.7068
34.294          1.0672
34.813          0.69464
35.333          0.60871
35.853          0.62224
36.372          0.77419
36.892          1.2928
37.411          1.7696
37.931          1.2773
38.451          0.76805
38.970          0.62118
39.490          0.60937
40.009          0.69853
40.529          1.0795
41.049          1.7140
41.568          1.4974
42.088          0.87253
42.607          0.64094
43.127          0.60299
43.647          0.65625
44.166          0.93597
44.686          1.5884
45.205          1.6499
45.725          0.99355
46.245          0.67215
46.764          0.60484
47.284          0.63108
47.803          0.82440
48.323          1.4078
48.843          1.7513
49.362          1.1643
49.882          0.72663
50.401          0.61423
50.921          0.61512
51.441          0.73184
51.960          1.1792
52.480          1.7553
52.999          1.3920
