0.0000          1.0370
0.51960         1.6468
1.0392          1.4576
1.5588          0.85918
2.0784          0.63637
2.5980          0.61294
3.1176          0.73186
3.6372          1.1785
4.1568          1.6841
4.6764          1.2843
5.1960          0.77359
5.7156          0.61959
6.2352          0.62717
6.7548          0.81487
7.2744          1.3744
7.7940          1.6693
8.3136          1.0997
8.8332          0.70401
9.3528          0.60911
9.8724          0.64524
10.392          0.89776
10.912          1.5169
11.431          1.6154
11.951          0.98899
12.470          0.66929
12.990          0.60580
13.510          0.66278
14.029          0.96589
14.549          1.5960
15.068          1.5455
15.588          0.91921
16.108          0.65050
16.627          0.60752
17.147          0.69057
17.666          1.0586
18.186          1.6547
18.706          1.4258
19.225          0.84166
19.745          0.63264
20.264          0.61571
20.784          0.74967
21.304          1.2252
21.823          1.6855
22.343          1.2342
22.862          0.75325
23.382          0.61628
23.902          0.63170
24.421          0.83723
24.941          1.4178
25.460          1.6579
25.980          1.0654
26.500          0.69275
27.019          0.60771
27.539          0.64909
28.059          0.91364
28.578          1.5390
29.098          1.6028
29.617          0.97266
30.137          0.66465
30.657          0.60558
31.176          0.66603
31.696          0.97759
32.215          1.6071
32.735          1.5331
33.255          0.90915
33.774          0.64798
34.294          0.60796
34.813          0.69510
35.333          1.0727
35.853          1.6611
36.372          1.4093
36.892          0.83258
37.411          0.63073
37.931          0.61673
38.451          0.75628
38.970          1.2421
39.490          1.6865
40.009          1.2188
40.529          0.74714
41.049          0.61527
41.568          0.63260
42.088          0.84162
42.607          1.4265
43.127          1.6575
43.647          1.0607
44.166          0.69117
44.686          0.60736
45.205          0.64846
45.725          0.91128
46.245          1.5371
46.764          1.6085
47.284          0.97731
47.803          0.66590
48.323          0.60521
48.843          0.66227
49.362          0.96430
49.882          1.5971
50.401          1.5532
50.921          0.92376
51.441          0.65157
51.960          0.60653
52.480          0.68367
52.999          1.0370
