0.0000          1.6627
0.51960         0.98711
1.0392          0.68096
1.5588          0.61756
2.0784          0.62087
2.5980          0.70314
3.1176          1.0662
3.6372          1.7349
4.1568          1.6071
4.6764          0.94216
5.1960          0.66834
5.7156          0.61465
6.2352          0.62393
6.7548          0.72898
7.2744          1.1517
7.7940          1.7818
8.3136          1.5037
8.8332          0.87597
9.3528          0.65108
9.8724          0.61116
10.392          0.63189
10.912          0.78253
11.431          1.3028
11.951          1.8120
12.470          1.3368
12.990          0.79607
13.510          0.63412
14.029          0.61058
14.549          0.64776
15.068          0.86245
15.588          1.4791
16.108          1.7886
16.627          1.1714
17.147          0.73515
17.666          0.62440
18.186          0.61383
18.706          0.66669
19.225          0.93776
19.745          1.6011
20.264          1.7359
20.784          1.0684
21.304          0.70325
21.823          0.62019
22.343          0.61711
22.862          0.68291
23.382          0.99662
23.902          1.6728
24.421          1.6817
24.941          1.0051
25.460          0.68529
25.980          0.61754
26.500          0.61975
27.019          0.69996
27.539          1.0570
28.059          1.7276
28.578          1.6146
29.098          0.94769
29.617          0.66938
30.137          0.61439
30.657          0.62350
31.176          0.72865
31.696          1.1515
32.215          1.7812
32.735          1.5023
33.255          0.87511
33.774          0.65072
34.294          0.61094
34.813          0.63210
35.333          0.78464
35.853          1.3085
36.372          1.8122
36.892          1.3310
37.411          0.79378
37.931          0.63382
38.451          0.61075
38.970          0.64819
39.490          0.86384
40.009          1.4816
40.529          1.7887
41.049          1.1704
41.568          0.73507
42.088          0.62473
42.607          0.61411
43.127          0.66596
43.647          0.93352
44.166          1.5951
44.686          1.7418
45.205          1.0760
45.725          0.70597
46.245          0.62119
46.764          0.61719
47.284          0.67926
47.803          0.98109
48.323          1.6559
48.843          1.7011
49.362          1.0248
49.882          0.69153
50.401          0.61945
50.921          0.61920
51.441          0.68983
51.960          1.0187
52.480          1.6954
52.999          1.6627
