0.0000          0.94870
0.51960         1.6024
1.0392          1.7841
1.5588          1.1328
2.0784          0.73952
2.5980          0.64881
3.1176          0.63974
3.6372          0.65370
4.1568          0.76911
4.6764          1.2211
5.1960          1.8247
5.7156          1.5081
6.2352          0.89168
6.7548          0.67402
7.2744          0.63691
7.7940          0.63809
8.3136          0.68648
8.8332          0.94802
9.3528          1.6014
9.8724          1.7846
10.392          1.1336
10.912          0.73977
11.431          0.64883
11.951          0.63972
12.470          0.65364
12.990          0.76886
13.510          1.2204
14.029          1.8245
14.549          1.5088
15.068          0.89200
15.588          0.67405
16.108          0.63687
16.627          0.63804
17.147          0.68643
17.666          0.94796
18.186          1.6014
18.706          1.7846
19.225          1.1336
19.745          0.73974
20.264          0.64878
20.784          0.63967
21.304          0.65363
21.823          0.76903
22.343          1.2210
22.862          1.8247
23.382          1.5081
23.902          0.89163
24.421          0.67396
24.941          0.63684
25.460          0.63804
25.980          0.68656
26.500          0.94857
27.019          1.6023
27.539          1.7841
28.059          1.1327
28.578          0.73945
29.098          0.64872
29.617          0.63965
30.137          0.65368
30.657          0.76946
31.176          1.2222
31.696          1.8250
32.215          1.5068
32.735          0.89095
33.255          0.67383
33.774          0.63685
34.294          0.63808
34.813          0.68674
35.333          0.94925
35.853          1.6032
36.372          1.7835
36.892          1.1319
37.411          0.73920
37.931          0.64870
38.451          0.63967
38.970          0.65375
39.490          0.76973
40.009          1.2229
40.529          1.8252
41.049          1.5061
41.568          0.89062
42.088          0.67380
42.607          0.63690
43.127          0.63813
43.647          0.68678
44.166          0.94932
44.686          1.6033
45.205          1.7835
45.725          1.1319
46.245          0.73923
46.764          0.64874
47.284          0.63972
47.803          0.65375
48.323          0.76954
48.843          1.2223
49.362          1.8251
49.882          1.5068
50.401          0.89099
50.921          0.67389
51.441          0.63693
51.960          0.63813
52.480          0.68665
52.999          0.94870
