0.0000          0.92769
0.51960         1.5703
1.0392          1.8006
1.5588          1.1627
2.0784          0.74923
2.5980          0.65047
3.1176          0.63985
3.6372          0.65188
4.1568          0.75777
4.6764          1.1882
5.1960          1.8123
5.7156          1.5430
6.2352          0.91122
6.7548          0.67805
7.2744          0.63707
7.7940          0.63741
8.3136          0.68169
8.8332          0.92769
9.3528          1.5703
9.8724          1.8006
10.392          1.1627
10.912          0.74923
11.431          0.65047
11.951          0.63985
12.470          0.65188
12.990          0.75777
13.510          1.1882
14.029          1.8123
14.549          1.5430
15.068          0.91122
15.588          0.67805
16.108          0.63707
16.627          0.63741
17.147          0.68169
17.666          0.92769
18.186          1.5703
18.706          1.8006
19.225          1.1627
19.745          0.74923
20.264          0.65047
20.784          0.63985
21.304          0.65188
21.823          0.75777
22.343          1.1882
22.862          1.8123
23.382          1.5430
23.902          0.91122
24.421          0.67805
24.941          0.63707
25.460          0.63741
25.980          0.68169
26.500          0.92769
27.019          1.5703
27.539          1.8006
28.059          1.1627
28.578          0.74923
29.098          0.65047
29.617          0.63985
30.137          0.65188
30.657          0.75777
31.176          1.1882
31.696          1.8123
32.215          1.5430
32.735          0.91122
33.255          0.67805
33.774          0.63707
34.294          0.63741
34.813          0.68169
35.333          0.92769
35.853          1.5703
36.372          1.8006
36.892          1.1627
37.411          0.74923
37.931          0.65047
38.451          0.63985
38.970          0.65188
39.490          0.75777
40.009          1.1882
40.529          1.8123
41.049          1.5430
41.568          0.91122
42.088          0.67805
42.607          0.63707
43.127          0.63741
43.647          0.68169
44.166          0.92769
44.686          1.5703
45.205          1.8006
45.725          1.1627
46.245          0.74923
46.764          0.65047
47.284          0.63985
47.803          0.65188
48.323          0.75777
48.843          1.1882
49.362          1.8123
49.882          1.5430
50.401          0.91122
50.921          0.67805
51.441          0.63707
51.960          0.63741
52.480          0.68169
52.999          0.92769
