0.0000          0.92247
0.51960         1.5619
1.0392          1.8044
1.5588          1.1706
2.0784          0.75184
2.5980          0.65091
3.1176          0.63986
3.6372          0.65144
4.1568          0.75504
4.6764          1.1802
5.1960          1.8088
5.7156          1.5516
6.2352          0.91630
6.7548          0.67915
7.2744          0.63715
7.7940          0.63728
8.3136          0.68054
8.8332          0.92257
9.3528          1.5620
9.8724          1.8043
10.392          1.1704
10.912          0.75179
11.431          0.65090
11.951          0.63986
12.470          0.65144
12.990          0.75509
13.510          1.1803
14.029          1.8089
14.549          1.5515
15.068          0.91622
15.588          0.67914
16.108          0.63715
16.627          0.63729
17.147          0.68055
17.666          0.92262
18.186          1.5621
18.706          1.8043
19.225          1.1704
19.745          0.75178
20.264          0.65090
20.784          0.63987
21.304          0.65145
21.823          0.75509
22.343          1.1803
22.862          1.8089
23.382          1.5515
23.902          0.91622
24.421          0.67914
24.941          0.63716
25.460          0.63729
25.980          0.68055
26.500          0.92258
27.019          1.5620
27.539          1.8043
28.059          1.1705
28.578          0.75180
29.098          0.65091
29.617          0.63987
30.137          0.65145
30.657          0.75505
31.176          1.1802
31.696          1.8088
32.215          1.5516
32.735          0.91631
33.255          0.67916
33.774          0.63716
34.294          0.63729
34.813          0.68053
35.333          0.92248
35.853          1.5619
36.372          1.8044
36.892          1.1706
37.411          0.75185
37.931          0.65092
38.451          0.63987
38.970          0.65144
39.490          0.75500
40.009          1.1800
40.529          1.8088
41.049          1.5518
41.568          0.91639
42.088          0.67918
42.607          0.63716
43.127          0.63728
43.647          0.68051
44.166          0.92242
44.686          1.5618
45.205          1.8045
45.725          1.1707
46.245          0.75187
46.764          0.65092
47.284          0.63987
47.803          0.65143
48.323          0.75499
48.843          1.1800
49.362          1.8088
49.882          1.5518
50.401          0.91639
50.921          0.67917
51.441          0.63715
51.960          0.63728
52.480          0.68051
52.999          0.92247
