0.0000          1.0703
0.51960         1.7379
1.0392          1.6026
1.5588          0.93891
2.0784          0.66751
2.5980          0.61453
3.1176          0.62422
3.6372          0.73079
4.1568          1.1571
4.6764          1.7839
5.1960          1.4974
5.7156          0.87247
6.2352          0.65024
6.7548          0.61104
7.2744          0.63244
7.7940          0.78577
8.3136          1.3110
8.8332          1.8120
9.3528          1.3284
9.8724          0.79264
10.392          0.63345
10.912          0.61063
11.431          0.64874
11.951          0.86695
12.470          1.4874
12.990          1.7856
13.510          1.1638
14.029          0.73255
14.549          0.62390
15.068          0.61395
15.588          0.66810
16.108          0.94360
16.627          1.6091
17.147          1.7300
17.666          1.0606
18.186          0.70081
18.706          0.61962
19.225          0.61729
19.745          0.68544
20.264          1.0065
20.784          1.6829
21.304          1.6699
21.823          0.99396
22.343          0.68193
22.862          0.61667
23.382          0.62028
23.902          0.70575
24.421          1.0775
24.941          1.7419
25.460          1.5891
25.980          0.92927
26.500          0.66428
27.019          0.61319
27.539          0.62528
28.059          0.74221
28.578          1.1927
29.098          1.7949
29.617          1.4543
30.137          0.84965
30.657          0.64484
31.176          0.61028
31.696          0.63640
32.215          0.80854
32.735          1.3663
33.255          1.8102
33.774          1.2743
34.294          0.77161
34.813          0.63012
35.333          0.61167
35.853          0.65407
36.372          0.88806
36.892          1.5246
37.411          1.7744
37.931          1.1343
38.451          0.72354
38.970          0.62331
39.490          0.61523
40.009          0.67045
40.529          0.94950
41.049          1.6169
41.568          1.7294
42.088          1.0586
42.607          0.70107
43.127          0.62078
43.647          0.61792
44.166          0.68192
44.686          0.98998
45.205          1.6659
45.725          1.6934
46.245          1.0166
46.764          0.68939
47.284          0.61932
47.803          0.61962
48.323          0.69141
48.843          1.0239
49.362          1.7003
49.882          1.6578
50.401          0.98275
50.921          0.67986
51.441          0.61747
51.960          0.62114
52.480          0.70442
52.999          1.0703
