0.0000          0.95034
0.51960         1.6046
1.0392          1.6321
1.5588          0.97602
2.0784          0.66701
2.5980          0.60401
3.1176          0.63436
3.6372          0.84183
4.1568          1.4425
4.6764          1.7382
5.1960          1.1300
5.7156          0.71500
6.2352          0.61217
6.7548          0.61740
7.2744          0.74590
7.7940          1.2189
8.3136          1.7640
8.8332          1.3508
9.3528          0.79829
9.8724          0.62631
10.392          0.60660
10.912          0.68313
11.431          1.0305
11.951          1.6813
12.470          1.5488
12.990          0.90583
13.510          0.64864
14.029          0.60266
14.549          0.64754
15.068          0.90133
15.588          1.5424
16.108          1.6863
16.627          1.0372
17.147          0.68526
17.666          0.60703
18.186          0.62531
18.706          0.79238
19.225          1.3372
19.745          1.7669
20.264          1.2338
20.784          0.75158
21.304          0.61853
21.823          0.61123
22.343          0.70853
22.862          1.1102
23.382          1.7310
23.902          1.4668
24.421          0.85483
24.941          0.63729
25.460          0.60346
25.980          0.66039
26.500          0.95093
27.019          1.6066
27.539          1.6366
28.059          0.97904
28.578          0.66816
29.098          0.60441
29.617          0.63261
30.137          0.83162
30.657          1.4225
31.176          1.7482
31.696          1.1522
32.215          0.72256
32.735          0.61366
33.255          0.61567
33.774          0.73440
34.294          1.1862
34.813          1.7580
35.333          1.3862
35.853          0.81411
36.372          0.62919
36.892          0.60542
37.411          0.67570
37.931          1.0055
38.451          1.6608
38.970          1.5761
39.490          0.92598
40.009          0.65364
40.529          0.60281
41.049          0.64301
41.568          0.88183
42.088          1.5127
42.607          1.7051
43.127          1.0645
43.647          0.69367
44.166          0.60845
44.686          0.62271
45.205          0.77741
45.725          1.3009
46.245          1.7687
46.764          1.2679
47.284          0.76428
47.803          0.62043
48.323          0.60989
48.843          0.70218
49.362          1.0912
49.882          1.7196
50.401          1.4831
50.921          0.86420
51.441          0.63899
51.960          0.60321
52.480          0.65991
52.999          0.95034
