0.0000          0.92564
0.51960         1.5670
1.0392          1.8021
1.5588          1.1658
2.0784          0.75025
2.5980          0.65065
3.1176          0.63986
3.6372          0.65171
4.1568          0.75668
4.6764          1.1850
5.1960          1.8110
5.7156          1.5465
6.2352          0.91323
6.7548          0.67849
7.2744          0.63710
7.7940          0.63736
8.3136          0.68123
8.8332          0.92563
9.3528          1.5670
9.8724          1.8021
10.392          1.1658
10.912          0.75026
11.431          0.65065
11.951          0.63986
12.470          0.65171
12.990          0.75666
13.510          1.1850
14.029          1.8109
14.549          1.5465
15.068          0.91327
15.588          0.67850
16.108          0.63710
16.627          0.63736
17.147          0.68122
17.666          0.92559
18.186          1.5669
18.706          1.8021
19.225          1.1659
19.745          0.75028
20.264          0.65065
20.784          0.63986
21.304          0.65170
21.823          0.75665
22.343          1.1849
22.862          1.8109
23.382          1.5466
23.902          0.91330
24.421          0.67850
24.941          0.63710
25.460          0.63736
25.980          0.68121
26.500          0.92557
27.019          1.5669
27.539          1.8022
28.059          1.1659
28.578          0.75029
29.098          0.65065
29.617          0.63986
30.137          0.65170
30.657          0.75664
31.176          1.1849
31.696          1.8109
32.215          1.5466
32.735          0.91330
33.255          0.67850
33.774          0.63710
34.294          0.63736
34.813          0.68122
35.333          0.92558
35.853          1.5669
36.372          1.8021
36.892          1.1659
37.411          0.75028
37.931          0.65065
38.451          0.63986
38.970          0.65170
39.490          0.75666
40.009          1.1850
40.529          1.8109
41.049          1.5465
41.568          0.91326
42.088          0.67849
42.607          0.63710
43.127          0.63736
43.647          0.68122
44.166          0.92562
44.686          1.5670
45.205          1.8021
45.725          1.1658
46.245          0.75026
46.764          0.65065
47.284          0.63986
47.803          0.65171
48.323          0.75668
48.843          1.1850
49.362          1.8110
49.882          1.5465
50.401          0.91323
50.921          0.67849
51.441          0.63710
51.960          0.63736
52.480          0.68123
52.999          0.92564
