0.0000          0.91816
0.51960         1.5547
1.0392          1.8075
1.5588          1.1773
2.0784          0.75407
2.5980          0.65128
3.1176          0.63986
3.6372          0.65107
4.1568          0.75279
4.6764          1.1734
5.1960          1.8058
5.7156          1.5588
6.2352          0.92061
6.7548          0.68010
7.2744          0.63724
7.7940          0.63719
8.3136          0.67958
8.8332          0.91825
9.3528          1.5549
9.8724          1.8074
10.392          1.1771
10.912          0.75401
11.431          0.65127
11.951          0.63986
12.470          0.65107
12.990          0.75286
13.510          1.1736
14.029          1.8059
14.549          1.5586
15.068          0.92048
15.588          0.68007
16.108          0.63723
16.627          0.63719
17.147          0.67961
17.666          0.91838
18.186          1.5551
18.706          1.8074
19.225          1.1769
19.745          0.75395
20.264          0.65126
20.784          0.63986
21.304          0.65109
21.823          0.75291
22.343          1.1738
22.862          1.8059
23.382          1.5585
23.902          0.92040
24.421          0.68006
24.941          0.63724
25.460          0.63720
25.980          0.67962
26.500          0.91841
27.019          1.5552
27.539          1.8073
28.059          1.1769
28.578          0.75394
29.098          0.65126
29.617          0.63987
30.137          0.65109
30.657          0.75289
31.176          1.1737
31.696          1.8059
32.215          1.5585
32.735          0.92046
33.255          0.68008
33.774          0.63725
34.294          0.63720
34.813          0.67960
35.333          0.91832
35.853          1.5550
36.372          1.8074
36.892          1.1770
37.411          0.75400
37.931          0.65128
38.451          0.63988
38.970          0.65108
39.490          0.75282
40.009          1.1735
40.529          1.8058
41.049          1.5588
41.568          0.92059
42.088          0.68010
42.607          0.63725
43.127          0.63720
43.647          0.67957
44.166          0.91819
44.686          1.5548
45.205          1.8075
45.725          1.1772
46.245          0.75406
46.764          0.65128
47.284          0.63987
47.803          0.65107
48.323          0.75278
48.843          1.1734
49.362          1.8057
49.882          1.5589
50.401          0.92067
50.921          0.68012
51.441          0.63724
51.960          0.63719
52.480          0.67956
52.999          0.91816
