0.0000          1.4622
0.51960         0.85371
1.0392          0.64586
1.5588          0.61050
2.0784          0.63557
2.5980          0.80349
3.1176          1.3543
3.6372          1.8110
4.1568          1.2856
4.6764          0.77576
5.1960          0.63058
5.7156          0.61129
6.2352          0.65322
6.7548          0.88557
7.2744          1.5205
7.7940          1.7744
8.3136          1.1358
8.8332          0.72363
9.3528          0.62278
9.8724          0.61483
10.392          0.67175
10.912          0.95657
11.431          1.6261
11.951          1.7195
12.470          1.0468
12.990          0.69696
13.510          0.61926
14.029          0.61790
14.549          0.68795
15.068          1.0149
15.588          1.6913
16.108          1.6619
16.627          0.98660
17.147          0.68004
17.666          0.61649
18.186          0.62073
18.706          0.70798
19.225          1.0847
19.745          1.7468
20.264          1.5814
20.784          0.92392
21.304          0.66297
21.823          0.61303
22.343          0.62581
22.862          0.74526
23.382          1.2015
23.902          1.7975
24.421          1.4448
24.941          0.84488
25.460          0.64384
25.980          0.61026
26.500          0.63723
27.019          0.81268
27.539          1.3758
28.059          1.8094
28.578          1.2654
29.098          0.76828
29.617          0.62958
30.137          0.61183
30.657          0.65503
31.176          0.89191
31.696          1.5311
32.215          1.7718
32.735          1.1288
33.255          0.72180
33.774          0.62306
34.294          0.61538
34.813          0.67130
35.333          0.95274
35.853          1.6211
36.372          1.7264
36.892          1.0547
37.411          0.69992
37.931          0.62056
38.451          0.61803
38.970          0.68294
39.490          0.99394
40.009          1.6702
40.529          1.6890
41.049          1.0121
41.568          0.68803
42.088          0.61897
42.607          0.61975
43.127          0.69330
43.647          1.0310
44.166          1.7068
44.686          1.6491
45.205          0.97525
45.725          0.67765
46.245          0.61687
46.764          0.62153
47.284          0.70869
47.803          1.0853
48.323          1.7479
48.843          1.5840
49.362          0.92579
49.882          0.66389
50.401          0.61366
50.921          0.62550
51.441          0.74066
51.960          1.1872
52.480          1.7940
52.999          1.4622
