0.0000          0.61015
0.51960         0.63970
1.0392          0.82527
1.5588          1.4040
2.0784          1.8060
2.5980          1.2391
3.1176          0.75861
3.6372          0.62808
4.1568          0.61238
4.6764          0.65791
5.1960          0.90322
5.7156          1.5497
6.2352          1.7643
6.7548          1.1134
7.2744          0.71708
7.7940          0.62249
8.3136          0.61588
8.8332          0.67342
9.3528          0.96028
9.8724          1.6308
10.392          1.7201
10.912          1.0467
11.431          0.69766
11.951          0.62030
12.470          0.61835
12.990          0.68451
13.510          0.99948
14.029          1.6761
14.549          1.6835
15.068          1.0066
15.588          0.68650
16.108          0.61872
16.627          0.61999
17.147          0.69507
17.666          1.0374
18.186          1.7123
18.706          1.6417
19.225          0.96912
19.745          0.67592
20.264          0.61647
20.784          0.62190
21.304          0.71195
21.823          1.0964
22.343          1.7547
22.862          1.5705
23.382          0.91663
23.902          0.66143
24.421          0.61311
24.941          0.62648
25.460          0.74772
25.980          1.2081
26.500          1.7997
27.019          1.4384
27.539          0.84164
28.059          0.64316
28.578          0.61026
29.098          0.63777
29.617          0.81530
30.137          1.3818
30.657          1.8087
31.176          1.2591
31.696          0.76568
32.215          0.62892
32.735          0.61175
33.255          0.65615
33.774          0.89750
34.294          1.5407
34.813          1.7665
35.333          1.1187
35.853          0.71827
36.372          0.62206
36.892          0.61535
37.411          0.67430
37.931          0.96590
38.451          1.6378
38.970          1.7111
39.490          1.0366
40.009          0.69406
40.529          0.61885
41.049          0.61831
41.568          0.69052
42.088          1.0241
42.607          1.6999
43.127          1.6519
43.647          0.97776
44.166          0.67758
44.686          0.61601
45.205          0.62126
45.725          0.71212
46.245          1.0986
46.764          1.7554
47.284          1.5647
47.803          0.91274
48.323          0.66004
48.843          0.61245
49.362          0.62703
49.882          0.75356
50.401          1.2256
50.921          1.8033
51.441          1.4179
51.960          0.83180
52.480          0.64105
52.999          0.61015
