0.0000          0.93941
0.51960         1.5886
1.0392          1.7915
1.5588          1.1456
2.0784          0.74363
2.5980          0.64950
3.1176          0.63978
3.6372          0.65289
4.1568          0.76414
4.6764          1.2069
5.1960          1.8197
5.7156          1.5232
6.2352          0.89989
6.7548          0.67567
7.2744          0.63693
7.7940          0.63776
8.3136          0.68442
8.8332          0.93947
9.3528          1.5887
9.8724          1.7915
10.392          1.1455
10.912          0.74360
11.431          0.64950
11.951          0.63978
12.470          0.65290
12.990          0.76415
13.510          1.2069
14.029          1.8197
14.549          1.5231
15.068          0.89987
15.588          0.67566
16.108          0.63693
16.627          0.63776
17.147          0.68442
17.666          0.93947
18.186          1.5887
18.706          1.7915
19.225          1.1455
19.745          0.74361
20.264          0.64951
20.784          0.63979
21.304          0.65290
21.823          0.76413
22.343          1.2069
22.862          1.8197
23.382          1.5232
23.902          0.89991
24.421          0.67568
24.941          0.63693
25.460          0.63776
25.980          0.68441
26.500          0.93941
27.019          1.5886
27.539          1.7915
28.059          1.1456
28.578          0.74364
29.098          0.64951
29.617          0.63979
30.137          0.65289
30.657          0.76410
31.176          1.2067
31.696          1.8197
32.215          1.5233
32.735          0.89998
33.255          0.67569
33.774          0.63693
34.294          0.63776
34.813          0.68439
35.333          0.93935
35.853          1.5885
36.372          1.7916
36.892          1.1457
37.411          0.74367
37.931          0.64951
38.451          0.63979
38.970          0.65289
39.490          0.76408
40.009          1.2067
40.529          1.8197
41.049          1.5233
41.568          0.90000
42.088          0.67569
42.607          0.63693
43.127          0.63775
43.647          0.68439
44.166          0.93935
44.686          1.5885
45.205          1.7916
45.725          1.1457
46.245          0.74366
46.764          0.64951
47.284          0.63978
47.803          0.65289
48.323          0.76410
48.843          1.2068
49.362          1.8197
49.882          1.5233
50.401          0.89996
50.921          0.67568
51.441          0.63693
51.960          0.63775
52.480          0.68440
52.999          0.93941
