0.0000          0.92525
0.51960         1.5664
1.0392          1.8024
1.5588          1.1664
2.0784          0.75045
2.5980          0.65068
3.1176          0.63986
3.6372          0.65167
4.1568          0.75648
4.6764          1.1844
5.1960          1.8107
5.7156          1.5471
6.2352          0.91361
6.7548          0.67857
7.2744          0.63711
7.7940          0.63735
8.3136          0.68114
8.8332          0.92526
9.3528          1.5664
9.8724          1.8024
10.392          1.1664
10.912          0.75044
11.431          0.65068
11.951          0.63986
12.470          0.65167
12.990          0.75648
13.510          1.1844
14.029          1.8107
14.549          1.5471
15.068          0.91361
15.588          0.67857
16.108          0.63711
16.627          0.63735
17.147          0.68114
17.666          0.92526
18.186          1.5664
18.706          1.8024
19.225          1.1664
19.745          0.75044
20.264          0.65068
20.784          0.63986
21.304          0.65167
21.823          0.75648
22.343          1.1844
22.862          1.8107
23.382          1.5471
23.902          0.91361
24.421          0.67857
24.941          0.63711
25.460          0.63735
25.980          0.68114
26.500          0.92525
27.019          1.5664
27.539          1.8024
28.059          1.1664
28.578          0.75045
29.098          0.65068
29.617          0.63986
30.137          0.65167
30.657          0.75647
31.176          1.1844
31.696          1.8107
32.215          1.5471
32.735          0.91361
33.255          0.67857
33.774          0.63711
34.294          0.63735
34.813          0.68114
35.333          0.92525
35.853          1.5664
36.372          1.8024
36.892          1.1664
37.411          0.75045
37.931          0.65068
38.451          0.63986
38.970          0.65167
39.490          0.75647
40.009          1.1844
40.529          1.8107
41.049          1.5471
41.568          0.91362
42.088          0.67857
42.607          0.63711
43.127          0.63735
43.647          0.68114
44.166          0.92525
44.686          1.5664
45.205          1.8024
45.725          1.1664
46.245          0.75045
46.764          0.65068
47.284          0.63986
47.803          0.65167
48.323          0.75647
48.843          1.1844
49.362          1.8107
49.882          1.5471
50.401          0.91361
50.921          0.67857
51.441          0.63711
51.960          0.63735
52.480          0.68114
52.999          0.92525
