0.0000          0.92939
0.51960         1.5730
1.0392          1.7993
1.5588          1.1602
2.0784          0.74840
2.5980          0.65033
3.1176          0.63985
3.6372          0.65203
4.1568          0.75867
4.6764          1.1909
5.1960          1.8135
5.7156          1.5402
6.2352          0.90956
6.7548          0.67770
7.2744          0.63704
7.7940          0.63746
8.3136          0.68208
8.8332          0.92939
9.3528          1.5730
9.8724          1.7993
10.392          1.1602
10.912          0.74840
11.431          0.65033
11.951          0.63985
12.470          0.65203
12.990          0.75867
13.510          1.1909
14.029          1.8135
14.549          1.5402
15.068          0.90957
15.588          0.67770
16.108          0.63704
16.627          0.63746
17.147          0.68208
17.666          0.92938
18.186          1.5730
18.706          1.7993
19.225          1.1602
19.745          0.74840
20.264          0.65033
20.784          0.63985
21.304          0.65203
21.823          0.75867
22.343          1.1909
22.862          1.8135
23.382          1.5402
23.902          0.90957
24.421          0.67770
24.941          0.63704
25.460          0.63746
25.980          0.68208
26.500          0.92938
27.019          1.5730
27.539          1.7993
28.059          1.1602
28.578          0.74840
29.098          0.65033
29.617          0.63985
30.137          0.65203
30.657          0.75867
31.176          1.1909
31.696          1.8135
32.215          1.5402
32.735          0.90957
33.255          0.67770
33.774          0.63704
34.294          0.63746
34.813          0.68208
35.333          0.92938
35.853          1.5730
36.372          1.7993
36.892          1.1602
37.411          0.74840
37.931          0.65033
38.451          0.63985
38.970          0.65203
39.490          0.75867
40.009          1.1909
40.529          1.8135
41.049          1.5402
41.568          0.90956
42.088          0.67770
42.607          0.63704
43.127          0.63746
43.647          0.68208
44.166          0.92939
44.686          1.5730
45.205          1.7993
45.725          1.1602
46.245          0.74840
46.764          0.65033
47.284          0.63985
47.803          0.65203
48.323          0.75867
48.843          1.1909
49.362          1.8135
49.882          1.5402
50.401          0.90956
50.921          0.67770
51.441          0.63704
51.960          0.63746
52.480          0.68208
52.999          0.92939
