0.0000          0.95491
0.51960         1.6114
1.0392          1.7789
1.5588          1.1242
2.0784          0.73677
2.5980          0.64826
3.1176          0.63961
3.6372          0.65424
4.1568          0.77290
4.6764          1.2320
5.1960          1.8282
5.7156          1.4965
6.2352          0.88548
6.7548          0.67277
7.2744          0.63687
7.7940          0.63833
8.3136          0.68816
8.8332          0.95503
9.3528          1.6116
9.8724          1.7788
10.392          1.1241
10.912          0.73671
11.431          0.64825
11.951          0.63962
12.470          0.65425
12.990          0.77294
13.510          1.2321
14.029          1.8282
14.549          1.4965
15.068          0.88544
15.588          0.67276
16.108          0.63688
16.627          0.63833
17.147          0.68816
17.666          0.95503
18.186          1.6116
18.706          1.7788
19.225          1.1240
19.745          0.73670
20.264          0.64825
20.784          0.63961
21.304          0.65425
21.823          0.77295
22.343          1.2321
22.862          1.8282
23.382          1.4964
23.902          0.88543
24.421          0.67276
24.941          0.63687
25.460          0.63833
25.980          0.68817
26.500          0.95506
27.019          1.6117
27.539          1.7788
28.059          1.1240
28.578          0.73669
29.098          0.64825
29.617          0.63962
30.137          0.65425
30.657          0.77296
31.176          1.2321
31.696          1.8282
32.215          1.4964
32.735          0.88541
33.255          0.67276
33.774          0.63688
34.294          0.63834
34.813          0.68816
35.333          0.95502
35.853          1.6116
36.372          1.7788
36.892          1.1241
37.411          0.73672
37.931          0.64826
38.451          0.63963
38.970          0.65425
39.490          0.77288
40.009          1.2319
40.529          1.8282
41.049          1.4966
41.568          0.88554
42.088          0.67279
42.607          0.63689
43.127          0.63834
43.647          0.68814
44.166          0.95489
44.686          1.6113
45.205          1.7789
45.725          1.1243
46.245          0.73680
46.764          0.64827
47.284          0.63961
47.803          0.65424
48.323          0.77289
48.843          1.2319
49.362          1.8280
49.882          1.4967
50.401          0.88561
50.921          0.67280
51.441          0.63688
51.960          0.63833
52.480          0.68813
52.999          0.95491
