0.0000          0.70154
0.51960         1.0887
1.0392          1.7198
1.5588          1.4894
2.0784          0.86774
2.5980          0.64004
3.1176          0.60311
3.6372          0.65659
4.1568          0.93667
4.6764          1.5897
5.1960          1.6516
5.7156          0.99469
6.2352          0.67265
6.7548          0.60505
7.2744          0.63037
7.7940          0.81990
8.3136          1.3983
8.8332          1.7552
9.3528          1.1752
9.8724          0.73051
10.392          0.61500
10.912          0.61431
11.431          0.72640
11.951          1.1633
12.470          1.7514
12.990          1.4101
13.510          0.82556
14.029          0.63135
14.549          0.60476
15.068          0.67127
15.588          0.99021
16.108          1.6467
16.627          1.5925
17.147          0.93938
17.666          0.65715
18.186          0.60308
18.706          0.64029
19.225          0.86946
19.745          1.4920
20.264          1.7163
20.784          1.0841
21.304          0.69996
21.823          0.60956
22.343          0.62096
22.862          0.76703
23.382          1.2746
23.902          1.7685
24.421          1.2941
24.941          0.77465
25.460          0.62217
25.980          0.60880
26.500          0.69613
27.019          1.0723
27.539          1.7087
28.059          1.5027
28.578          0.87598
29.098          0.64156
29.617          0.60293
30.137          0.65650
30.657          0.93753
31.176          1.5896
31.696          1.6457
32.215          0.99012
32.735          0.67105
33.255          0.60457
33.774          0.63212
34.294          0.83038
34.813          1.4199
35.333          1.7463
35.853          1.1517
36.372          0.72233
36.892          0.61346
37.411          0.61598
37.931          0.73724
38.451          1.1945
38.970          1.7589
39.490          1.3761
40.009          0.80961
40.529          0.62834
41.049          0.60579
41.568          0.67824
42.088          1.0142
42.607          1.6678
43.127          1.5664
43.647          0.91889
44.166          0.65191
44.686          0.60277
45.205          0.64454
45.725          0.88837
46.245          1.5227
46.764          1.6992
47.284          1.0559
47.803          0.69108
48.323          0.60807
48.843          0.62335
49.362          0.78085
49.882          1.3093
50.401          1.7692
50.921          1.2613
51.441          0.76194
51.960          0.62024
52.480          0.60999
52.999          0.70154
