0.0000          0.61638
0.51960         0.67549
1.0392          0.96757
1.5588          1.6398
2.0784          1.7138
2.5980          1.0391
3.1176          0.69556
3.6372          0.62007
4.1568          0.61866
4.6764          0.68607
5.1960          1.0050
5.7156          1.6819
6.2352          1.6779
6.7548          1.0012
7.2744          0.68500
7.7940          0.61846
8.3136          0.62024
8.8332          0.69693
9.3528          1.0440
9.8724          1.7179
10.392          1.6340
10.912          0.96287
11.431          0.67416
11.951          0.61608
12.470          0.62232
12.990          0.71545
13.510          1.1080
14.029          1.7613
14.549          1.5563
15.068          0.90744
15.588          0.65902
16.108          0.61262
16.627          0.62756
17.147          0.75507
17.666          1.2291
18.186          1.8041
18.706          1.4150
19.225          0.83045
19.745          0.64079
20.264          0.61018
20.784          0.64000
21.304          0.82657
21.823          1.4066
22.343          1.8050
22.862          1.2360
23.382          0.75733
23.902          0.62761
24.421          0.61222
24.941          0.65884
25.460          0.90811
25.980          1.5575
26.500          1.7587
27.019          1.1046
27.539          0.71393
28.059          0.62148
28.578          0.61580
29.098          0.67666
29.617          0.97453
30.137          1.6481
30.657          1.7028
31.176          1.0273
31.696          0.69141
32.215          0.61841
32.735          0.61870
33.255          0.69327
33.774          1.0339
34.294          1.7087
34.813          1.6407
35.333          0.96831
35.853          0.67494
36.372          0.61545
36.892          0.62190
37.411          0.71719
37.931          1.1152
38.451          1.7645
38.970          1.5448
39.490          0.90011
40.009          0.65680
40.529          0.61185
41.049          0.62861
41.568          0.76374
42.088          1.2537
42.607          1.8078
43.127          1.3876
43.647          0.81794
44.166          0.63829
44.686          0.61023
45.205          0.64261
45.725          0.83907
46.245          1.4330
46.764          1.8007
47.284          1.2129
47.803          0.74939
48.323          0.62673
48.843          0.61300
49.362          0.66087
49.882          0.91450
50.401          1.5672
50.921          1.7563
51.441          1.0991
51.960          0.71276
52.480          0.62200
52.999          0.61638
