0.0000          0.91361
0.51960         1.5471
1.0392          1.8107
1.5588          1.1844
2.0784          0.75648
2.5980          0.65167
3.1176          0.63986
3.6372          0.65068
4.1568          0.75044
4.6764          1.1664
5.1960          1.8024
5.7156          1.5664
6.2352          0.92526
6.7548          0.68115
7.2744          0.63735
7.7940          0.63711
8.3136          0.67857
8.8332          0.91359
9.3528          1.5471
9.8724          1.8107
10.392          1.1845
10.912          0.75649
11.431          0.65168
11.951          0.63987
12.470          0.65068
12.990          0.75042
13.510          1.1663
14.029          1.8023
14.549          1.5665
15.068          0.92532
15.588          0.68116
16.108          0.63736
16.627          0.63711
17.147          0.67855
17.666          0.91351
18.186          1.5469
18.706          1.8108
19.225          1.1846
19.745          0.75654
20.264          0.65169
20.784          0.63987
21.304          0.65067
21.823          0.75038
22.343          1.1662
22.862          1.8023
23.382          1.5666
23.902          0.92540
24.421          0.68118
24.941          0.63736
25.460          0.63711
25.980          0.67854
26.500          0.91345
27.019          1.5468
27.539          1.8108
28.059          1.1847
28.578          0.75657
29.098          0.65169
29.617          0.63986
30.137          0.65066
30.657          0.75036
31.176          1.1661
31.696          1.8023
32.215          1.5666
32.735          0.92542
33.255          0.68118
33.774          0.63735
34.294          0.63710
34.813          0.67854
35.333          0.91346
35.853          1.5469
36.372          1.8108
36.892          1.1846
37.411          0.75655
37.931          0.65168
38.451          0.63986
38.970          0.65067
39.490          0.75039
40.009          1.1662
40.529          1.8023
41.049          1.5665
41.568          0.92535
42.088          0.68116
42.607          0.63735
43.127          0.63710
43.647          0.67855
44.166          0.91354
44.686          1.5470
45.205          1.8107
45.725          1.1845
46.245          0.75650
46.764          0.65168
47.284          0.63986
47.803          0.65067
48.323          0.75043
48.843          1.1663
49.362          1.8024
49.882          1.5664
50.401          0.92527
50.921          0.68114
51.441          0.63735
51.960          0.63710
52.480          0.67857
52.999          0.91361
