0.0000          0.91020
0.51960         1.5413
1.0392          1.8130
1.5588          1.1899
2.0784          0.75832
2.5980          0.65197
3.1176          0.63985
3.6372          0.65039
4.1568          0.74871
4.6764          1.1611
5.1960          1.7998
5.7156          1.5720
6.2352          0.92875
6.7548          0.68194
7.2744          0.63744
7.7940          0.63706
8.3136          0.67783
8.8332          0.91015
9.3528          1.5412
9.8724          1.8131
10.392          1.1900
10.912          0.75836
11.431          0.65198
11.951          0.63986
12.470          0.65038
12.990          0.74867
13.510          1.1610
14.029          1.7997
14.549          1.5721
15.068          0.92885
15.588          0.68196
16.108          0.63745
16.627          0.63706
17.147          0.67781
17.666          0.91005
18.186          1.5410
18.706          1.8131
19.225          1.1901
19.745          0.75841
20.264          0.65199
20.784          0.63985
21.304          0.65038
21.823          0.74863
22.343          1.1609
22.862          1.7996
23.382          1.5723
23.902          0.92894
24.421          0.68198
24.941          0.63745
25.460          0.63705
25.980          0.67779
26.500          0.90999
27.019          1.5409
27.539          1.8132
28.059          1.1902
28.578          0.75844
29.098          0.65199
29.617          0.63985
30.137          0.65037
30.657          0.74862
31.176          1.1609
31.696          1.7996
32.215          1.5723
32.735          0.92893
33.255          0.68197
33.774          0.63744
34.294          0.63705
34.813          0.67780
35.333          0.91004
35.853          1.5410
36.372          1.8131
36.892          1.1901
37.411          0.75840
37.931          0.65198
38.451          0.63984
38.970          0.65037
39.490          0.74866
40.009          1.1610
40.529          1.7997
41.049          1.5721
41.568          0.92884
42.088          0.68195
42.607          0.63744
43.127          0.63704
43.647          0.67782
44.166          0.91014
44.686          1.5412
45.205          1.8131
45.725          1.1900
46.245          0.75835
46.764          0.65197
47.284          0.63985
47.803          0.65038
48.323          0.74871
48.843          1.1611
49.362          1.7998
49.882          1.5720
50.401          0.92875
50.921          0.68193
51.441          0.63744
51.960          0.63705
52.480          0.67783
52.999          0.91020
