0.0000          0.86089
0.51960         1.4474
1.0392          1.8396
1.5588          1.2790
2.0784          0.79011
2.5980          0.65692
3.1176          0.63925
3.6372          0.64614
4.1568          0.72520
4.6764          1.0869
5.1960          1.7529
5.7156          1.6511
6.2352          0.98473
6.7548          0.69584
7.2744          0.63989
7.7940          0.63724
8.3136          0.66791
8.8332          0.85891
9.3528          1.4432
9.8724          1.8403
10.392          1.2832
10.912          0.79165
11.431          0.65713
11.951          0.63917
12.470          0.64594
12.990          0.72438
13.510          1.0843
14.029          1.7508
14.549          1.6538
15.068          0.98688
15.588          0.69636
16.108          0.63993
16.627          0.63719
17.147          0.66763
17.666          0.85761
18.186          1.4405
18.706          1.8407
19.225          1.2856
19.745          0.79252
20.264          0.65717
20.784          0.63902
21.304          0.64577
21.823          0.72414
22.343          1.0838
22.862          1.7504
23.382          1.6541
23.902          0.98703
24.421          0.69631
24.941          0.63979
25.460          0.63705
25.980          0.66765
26.500          0.85826
27.019          1.4420
27.539          1.8404
28.059          1.2839
28.578          0.79182
29.098          0.65699
29.617          0.63894
30.137          0.64580
30.657          0.72472
31.176          1.0859
31.696          1.7522
32.215          1.6517
32.735          0.98504
33.255          0.69573
33.774          0.63961
34.294          0.63696
34.813          0.66796
35.333          0.86023
35.853          1.4463
36.372          1.8397
36.892          1.2798
37.411          0.79028
37.931          0.65678
38.451          0.63902
38.970          0.64599
39.490          0.72556
40.009          1.0886
40.529          1.7542
41.049          1.6490
41.568          0.98290
42.088          0.69522
42.607          0.63958
43.127          0.63701
43.647          0.66825
44.166          0.86154
44.686          1.4489
45.205          1.8393
45.725          1.2774
46.245          0.78945
46.764          0.65675
47.284          0.63917
47.803          0.64616
48.323          0.72580
48.843          1.0891
49.362          1.7546
49.882          1.6487
50.401          0.98274
50.921          0.69527
51.441          0.63972
51.960          0.63715
52.480          0.66822
52.999          0.86089
