0.0000          1.5800
0.51960         0.94405
1.0392          0.65674
1.5588          0.60473
2.0784          0.66775
2.5980          0.98399
3.1176          1.6167
3.6372          1.5350
4.1568          0.90821
4.6764          0.64765
5.1960          0.60690
5.7156          0.68888
6.2352          1.0536
6.7548          1.6561
7.2744          1.4386
7.7940          0.84789
8.3136          0.63390
8.8332          0.61416
9.3528          0.74013
9.8724          1.2004
10.392          1.6858
10.912          1.2610
11.431          0.76386
11.951          0.61798
12.470          0.62951
12.990          0.82643
13.510          1.3967
14.029          1.6616
14.549          1.0799
15.068          0.69752
15.588          0.60852
16.108          0.64916
16.627          0.91352
17.147          1.5364
17.666          1.5964
18.186          0.96892
18.706          0.66372
19.225          0.60648
19.745          0.67261
20.264          0.99984
20.784          1.6201
21.304          1.4969
21.823          0.88535
22.343          0.64241
22.862          0.61128
23.382          0.71838
23.902          1.1405
24.421          1.6752
24.941          1.3215
25.460          0.79040
25.980          0.62267
26.500          0.62504
27.019          0.80328
27.539          1.3494
28.059          1.6703
28.578          1.1166
29.098          0.71003
29.617          0.61017
30.137          0.64517
30.657          0.89703
31.176          1.5138
31.696          1.6104
32.215          0.98649
32.735          0.66872
33.255          0.60638
33.774          0.66712
34.294          0.98102
34.813          1.6066
35.333          1.5217
35.853          0.90245
36.372          0.64645
36.892          0.60933
37.411          0.70438
37.931          1.1005
38.451          1.6682
38.970          1.3716
39.490          0.81372
40.009          0.62698
40.529          0.61992
41.049          0.77542
41.568          1.2887
42.088          1.6841
42.607          1.1750
43.127          0.73061
43.647          0.61271
44.166          0.63613
44.686          0.85819
45.205          1.4568
45.725          1.6503
46.245          1.0403
46.764          0.68466
47.284          0.60639
47.803          0.64912
48.323          0.91418
48.843          1.5432
49.362          1.6120
49.882          0.97793
50.401          0.66603
50.921          0.60463
51.441          0.65787
51.960          0.94830
52.480          1.5846
52.999          1.5800
