0.0000          1.7581
0.51960         1.1859
1.0392          0.73422
1.5588          0.61560
2.0784          0.61372
2.5980          0.72308
3.1176          1.1537
3.6372          1.7484
4.1568          1.4197
4.6764          0.83007
5.1960          0.63215
5.7156          0.60447
6.2352          0.66966
6.7548          0.98490
7.2744          1.6422
7.7940          1.5980
8.3136          0.94341
8.8332          0.65814
9.3528          0.60311
9.8724          0.63940
10.392          0.86559
10.912          1.4861
11.431          1.7204
11.951          1.0897
12.470          0.70165
12.990          0.60989
13.510          0.62038
14.029          0.76341
14.549          1.2654
15.068          1.7689
15.588          1.3037
16.108          0.77836
16.627          0.62280
17.147          0.60837
17.666          0.69360
18.186          1.0643
18.706          1.7040
19.225          1.5118
19.745          0.88152
20.264          0.64284
20.784          0.60283
21.304          0.65462
21.823          0.93016
22.343          1.5807
22.862          1.6543
23.382          0.99916
23.902          0.67372
24.421          0.60499
24.941          0.63057
25.460          0.82216
25.980          1.4033
26.500          1.7522
27.019          1.1681
27.539          0.72797
28.059          0.61445
28.578          0.61484
29.098          0.73034
29.617          1.1755
30.137          1.7552
30.657          1.3959
31.176          0.81862
31.696          0.62999
32.215          0.60513
32.735          0.67416
33.255          1.0007
33.774          1.6572
34.294          1.5805
34.813          0.92923
35.333          0.65445
35.853          0.60282
36.372          0.64226
36.892          0.87875
37.411          1.5082
37.931          1.7083
38.451          1.0694
38.970          0.69526
39.490          0.60877
40.009          0.62206
40.529          0.77341
41.049          1.2911
41.568          1.7700
42.088          1.2791
42.607          0.76876
43.127          0.62135
43.647          0.60924
44.166          0.69751
44.686          1.0762
45.205          1.7126
45.725          1.5023
46.245          0.87540
46.764          0.64170
47.284          0.60295
47.803          0.65463
48.323          0.92922
48.843          1.5803
49.362          1.6590
49.882          1.0030
50.401          0.67505
50.921          0.60539
51.441          0.62932
51.960          0.81441
52.480          1.3867
52.999          1.7581
