0.0000          0.91072
0.51960         1.5422
1.0392          1.8127
1.5588          1.1890
2.0784          0.75804
2.5980          0.65193
3.1176          0.63985
3.6372          0.65043
4.1568          0.74898
4.6764          1.1619
5.1960          1.8002
5.7156          1.5711
6.2352          0.92821
6.7548          0.68181
7.2744          0.63743
7.7940          0.63706
8.3136          0.67794
8.8332          0.91071
9.3528          1.5421
9.8724          1.8127
10.392          1.1891
10.912          0.75805
11.431          0.65193
11.951          0.63985
12.470          0.65043
12.990          0.74897
13.510          1.1619
14.029          1.8002
14.549          1.5711
15.068          0.92822
15.588          0.68181
16.108          0.63742
16.627          0.63706
17.147          0.67794
17.666          0.91070
18.186          1.5421
18.706          1.8127
19.225          1.1891
19.745          0.75805
20.264          0.65193
20.784          0.63985
21.304          0.65043
21.823          0.74898
22.343          1.1619
22.862          1.8002
23.382          1.5711
23.902          0.92821
24.421          0.68181
24.941          0.63742
25.460          0.63706
25.980          0.67795
26.500          0.91071
27.019          1.5422
27.539          1.8127
28.059          1.1890
28.578          0.75804
29.098          0.65193
29.617          0.63985
30.137          0.65043
30.657          0.74898
31.176          1.1620
31.696          1.8002
32.215          1.5711
32.735          0.92819
33.255          0.68181
33.774          0.63742
34.294          0.63706
34.813          0.67795
35.333          0.91073
35.853          1.5422
36.372          1.8127
36.892          1.1890
37.411          0.75803
37.931          0.65193
38.451          0.63985
38.970          0.65043
39.490          0.74899
40.009          1.1620
40.529          1.8002
41.049          1.5711
41.568          0.92818
42.088          0.68181
42.607          0.63742
43.127          0.63706
43.647          0.67795
44.166          0.91074
44.686          1.5422
45.205          1.8127
45.725          1.1890
46.245          0.75803
46.764          0.65193
47.284          0.63985
47.803          0.65043
48.323          0.74899
48.843          1.1620
49.362          1.8002
49.882          1.5711
50.401          0.92819
50.921          0.68181
51.441          0.63743
51.960          0.63706
52.480          0.67795
52.999          0.91072
