0.0000          1.3832
0.51960         0.81880
1.0392          0.62792
1.5588          0.61879
2.0784          0.76862
2.5980          1.2718
3.1176          1.6837
3.6372          1.1886
4.1568          0.73561
4.6764          0.61363
5.1960          0.63689
5.7156          0.86109
6.2352          1.4585
6.7548          1.6383
7.2744          1.0295
7.7940          0.68152
8.3136          0.60715
8.8332          0.65849
9.3528          0.94943
9.8724          1.5763
10.392          1.5557
10.912          0.93042
11.431          0.65349
11.951          0.60818
12.470          0.69188
12.990          1.0620
13.510          1.6518
14.029          1.4144
14.549          0.83637
15.068          0.63163
15.588          0.61775
16.108          0.76128
16.627          1.2533
17.147          1.6805
17.666          1.2014
18.186          0.74083
18.706          0.61458
19.225          0.63673
19.745          0.86013
20.264          1.4561
20.784          1.6362
21.304          1.0291
21.823          0.68151
22.343          0.60729
22.862          0.65938
23.382          0.95280
23.902          1.5796
24.421          1.5517
24.941          0.92702
25.460          0.65263
25.980          0.60814
26.500          0.69246
27.019          1.0642
27.539          1.6546
28.059          1.4143
28.578          0.83597
29.098          0.63150
29.617          0.61685
30.137          0.75672
30.657          1.2433
31.176          1.6858
31.696          1.2167
32.215          0.74644
32.735          0.61517
33.255          0.63252
33.774          0.84137
34.294          1.4268
34.813          1.6598
35.333          1.0626
35.853          0.69177
36.372          0.60724
36.892          0.64646
37.411          0.90328
37.931          1.5284
38.451          1.6215
38.970          0.98972
39.490          0.66940
40.009          0.60476
40.529          0.65501
41.049          0.93748
41.568          1.5733
42.088          1.5933
42.607          0.95597
43.127          0.65993
43.647          0.60435
44.166          0.66200
44.686          0.96353
45.205          1.6004
45.725          1.5639
46.245          0.92972
46.764          0.65301
47.284          0.60513
47.803          0.67361
48.323          1.0041
48.843          1.6311
49.362          1.5081
49.882          0.88961
50.401          0.64322
50.921          0.60869
51.441          0.70272
51.960          1.0958
52.480          1.6704
52.999          1.3832
