0.0000          0.91536
0.51960         1.5500
1.0392          1.8095
1.5588          1.1817
2.0784          0.75556
2.5980          0.65153
3.1176          0.63988
3.6372          0.65083
4.1568          0.75130
4.6764          1.1689
5.1960          1.8036
5.7156          1.5637
6.2352          0.92358
6.7548          0.68077
7.2744          0.63732
7.7940          0.63714
8.3136          0.67893
8.8332          0.91522
9.3528          1.5498
9.8724          1.8096
10.392          1.1819
10.912          0.75563
11.431          0.65154
11.951          0.63987
12.470          0.65082
12.990          0.75127
13.510          1.1688
14.029          1.8035
14.549          1.5638
15.068          0.92366
15.588          0.68079
16.108          0.63732
16.627          0.63714
17.147          0.67892
17.666          0.91520
18.186          1.5497
18.706          1.8096
19.225          1.1820
19.745          0.75565
20.264          0.65154
20.784          0.63986
21.304          0.65082
21.823          0.75127
22.343          1.1688
22.862          1.8035
23.382          1.5638
23.902          0.92367
24.421          0.68079
24.941          0.63732
25.460          0.63714
25.980          0.67892
26.500          0.91519
27.019          1.5498
27.539          1.8096
28.059          1.1819
28.578          0.75564
29.098          0.65153
29.617          0.63986
30.137          0.65081
30.657          0.75127
31.176          1.1689
31.696          1.8036
32.215          1.5637
32.735          0.92359
33.255          0.68076
33.774          0.63730
34.294          0.63713
34.813          0.67893
35.333          0.91531
35.853          1.5500
36.372          1.8095
36.892          1.1817
37.411          0.75556
37.931          0.65152
38.451          0.63986
38.970          0.65083
39.490          0.75135
40.009          1.1691
40.529          1.8037
41.049          1.5635
41.568          0.92347
42.088          0.68074
42.607          0.63731
43.127          0.63714
43.647          0.67896
44.166          0.91540
44.686          1.5501
45.205          1.8094
45.725          1.1816
46.245          0.75555
46.764          0.65152
47.284          0.63986
47.803          0.65083
48.323          0.75137
48.843          1.1691
49.362          1.8037
49.882          1.5634
50.401          0.92346
50.921          0.68075
51.441          0.63732
51.960          0.63715
52.480          0.67896
52.999          0.91536
