0.0000          1.5297
0.51960         0.89100
1.0392          0.65480
1.5588          0.61179
2.0784          0.62969
2.5980          0.76904
3.1176          1.2675
3.6372          1.8097
4.1568          1.3735
4.6764          0.81162
5.1960          0.63701
5.7156          0.61026
6.2352          0.64407
6.7548          0.84602
7.2744          1.4472
7.7940          1.7970
8.3136          1.1993
8.8332          0.74447
9.3528          0.62568
9.8724          0.61308
10.392          0.66326
10.912          0.92508
11.431          1.5831
11.951          1.7458
12.470          1.0832
12.990          0.70752
13.510          0.62065
14.029          0.61654
14.549          0.68037
15.068          0.98785
15.588          1.6633
16.108          1.6900
16.627          1.0135
17.147          0.68755
17.666          0.61782
18.186          0.61932
18.706          0.69752
19.225          1.0488
19.745          1.7211
20.264          1.6237
20.784          0.95466
21.304          0.67121
21.823          0.61470
22.343          0.62293
22.862          0.72486
23.382          1.1398
23.902          1.7763
24.421          1.5157
24.941          0.88276
25.460          0.65252
25.980          0.61116
26.500          0.63098
27.019          0.77824
27.539          1.2922
28.059          1.8115
28.578          1.3474
29.098          0.80056
29.617          0.63503
30.137          0.61055
30.657          0.64655
31.176          0.85677
31.696          1.4682
32.215          1.7925
32.735          1.1820
33.255          0.73889
33.774          0.62526
34.294          0.61380
34.813          0.66451
35.333          0.92810
35.853          1.5874
36.372          1.7461
36.892          1.0825
37.411          0.70789
37.931          0.62145
38.451          0.61697
38.970          0.67805
39.490          0.97663
40.009          1.6507
40.529          1.7056
41.049          1.0297
41.568          0.69294
42.088          0.61972
42.607          0.61904
43.127          0.68829
43.647          1.0130
44.166          1.6899
44.686          1.6694
45.205          0.99315
45.725          0.68273
46.245          0.61800
46.764          0.62060
47.284          0.70016
47.803          1.0555
48.323          1.7271
48.843          1.6202
49.362          0.95203
49.882          0.67111
50.401          0.61534
50.921          0.62311
51.441          0.72218
51.960          1.1300
52.480          1.7725
52.999          1.5297
