0.0000          1.6712
0.51960         1.5616
1.0392          0.91526
1.5588          0.65096
2.0784          0.60271
2.5980          0.64543
3.1176          0.89242
3.6372          1.5291
4.1568          1.6951
4.6764          1.0497
5.1960          0.68913
5.7156          0.60771
6.2352          0.62396
6.7548          0.78457
7.2744          1.3186
7.7940          1.7689
8.3136          1.2522
8.8332          0.75844
9.3528          0.61967
9.8724          0.61037
10.392          0.70360
10.912          1.0951
11.431          1.7235
11.951          1.4830
12.470          0.86391
12.990          0.63924
13.510          0.60320
14.029          0.65750
14.549          0.94001
15.068          1.5939
15.588          1.6485
16.108          0.99124
16.627          0.67168
17.147          0.60493
17.666          0.63074
18.186          0.82173
18.706          1.4022
19.225          1.7545
19.745          1.1718
20.264          0.72936
20.784          0.61483
21.304          0.61446
21.823          0.72711
22.343          1.1653
22.862          1.7523
23.382          1.4084
23.902          0.82468
24.421          0.63120
24.941          0.60480
25.460          0.67136
25.980          0.99043
26.500          1.6471
27.019          1.5926
27.539          0.93945
28.059          0.65720
28.578          0.60309
29.098          0.64018
29.617          0.86886
30.137          1.4910
30.657          1.7168
31.176          1.0853
31.696          0.70041
32.215          0.60965
32.735          0.62087
33.255          0.76638
33.774          1.2729
34.294          1.7684
34.813          1.2957
35.333          0.77533
35.853          0.62228
36.372          0.60875
36.892          0.69590
37.411          1.0716
37.931          1.7081
38.451          1.5032
38.970          0.87624
39.490          0.64160
40.009          0.60293
40.529          0.65662
41.049          0.93810
41.568          1.5901
42.088          1.6447
42.607          0.98913
43.127          0.67073
43.647          0.60450
44.166          0.63238
44.686          0.83190
45.205          1.4230
45.725          1.7450
46.245          1.1484
46.764          0.72117
47.284          0.61323
47.803          0.61622
48.323          0.73882
48.843          1.1992
49.362          1.7600
49.882          1.3708
50.401          0.80719
50.921          0.62788
51.441          0.60596
51.960          0.67942
52.480          1.0183
52.999          1.6712
