0.0000          0.90366
0.51960         1.5299
1.0392          1.8174
1.5588          1.2006
2.0784          0.76197
2.5980          0.65255
3.1176          0.63982
3.6372          0.64983
4.1568          0.74546
4.6764          1.1512
5.1960          1.7946
5.7156          1.5826
6.2352          0.93552
6.7548          0.68349
7.2744          0.63764
7.7940          0.63697
8.3136          0.67645
8.8332          0.90362
9.3528          1.5298
9.8724          1.8174
10.392          1.2006
10.912          0.76200
11.431          0.65256
11.951          0.63982
12.470          0.64982
12.990          0.74541
13.510          1.1511
14.029          1.7946
14.549          1.5827
15.068          0.93556
15.588          0.68350
16.108          0.63763
16.627          0.63696
17.147          0.67644
17.666          0.90361
18.186          1.5298
18.706          1.8174
19.225          1.2006
19.745          0.76199
20.264          0.65255
20.784          0.63981
21.304          0.64982
21.823          0.74545
22.343          1.1512
22.862          1.7946
23.382          1.5826
23.902          0.93552
24.421          0.68349
24.941          0.63763
25.460          0.63697
25.980          0.67645
26.500          0.90365
27.019          1.5299
27.539          1.8174
28.059          1.2006
28.578          0.76198
29.098          0.65255
29.617          0.63981
30.137          0.64982
30.657          0.74545
31.176          1.1512
31.696          1.7946
32.215          1.5826
32.735          0.93549
33.255          0.68348
33.774          0.63763
34.294          0.63696
34.813          0.67644
35.333          0.90366
35.853          1.5299
36.372          1.8174
36.892          1.2005
37.411          0.76194
37.931          0.65255
38.451          0.63982
38.970          0.64983
39.490          0.74545
40.009          1.1512
40.529          1.7947
41.049          1.5826
41.568          0.93545
42.088          0.68347
42.607          0.63762
43.127          0.63696
43.647          0.67645
44.166          0.90367
44.686          1.5300
45.205          1.8174
45.725          1.2005
46.245          0.76192
46.764          0.65255
47.284          0.63982
47.803          0.64983
48.323          0.74546
48.843          1.1512
49.362          1.7946
49.882          1.5826
50.401          0.93548
50.921          0.68348
51.441          0.63763
51.960          0.63697
52.480          0.67645
52.999          0.90366
