0.0000          1.6737
0.51960         1.3610
1.0392          0.80816
1.5588          0.62586
2.0784          0.62053
2.5980          0.77895
3.1176          1.2966
3.6372          1.6829
4.1568          1.1673
4.6764          0.72776
5.1960          0.61235
5.7156          0.63771
6.2352          0.86513
6.7548          1.4671
7.2744          1.6413
7.7940          1.0284
8.3136          0.68104
8.8332          0.60643
9.3528          0.65411
9.8724          0.93355
10.392          1.5636
10.912          1.5838
11.431          0.95220
11.951          0.65902
12.470          0.60583
12.990          0.67298
13.510          1.0016
14.029          1.6248
14.549          1.5018
15.068          0.88724
15.588          0.64276
16.108          0.61005
16.627          0.71112
17.147          1.1203
17.666          1.6742
18.186          1.3495
18.706          0.80290
19.225          0.62489
19.745          0.62183
20.264          0.78613
20.784          1.3127
21.304          1.6797
21.823          1.1515
22.343          0.72212
22.862          0.61161
23.382          0.63982
23.902          0.87441
24.421          1.4816
24.941          1.6330
25.460          1.0158
25.980          0.67724
26.500          0.60627
27.019          0.65734
27.539          0.94580
28.059          1.5762
28.578          1.5685
29.098          0.93866
29.617          0.65547
30.137          0.60649
30.657          0.68023
31.176          1.0257
31.696          1.6392
32.215          1.4689
32.735          0.86643
33.255          0.63801
33.774          0.61238
34.294          0.72776
34.813          1.1676
35.333          1.6827
35.853          1.2956
36.372          0.77854
36.892          0.62046
37.411          0.62604
37.931          0.80911
38.451          1.3631
38.970          1.6731
39.490          1.1104
40.009          0.70768
40.529          0.60949
41.049          0.64299
41.568          0.88840
42.088          1.5046
42.607          1.6269
43.127          1.0021
43.647          0.67308
44.166          0.60555
44.686          0.65693
45.205          0.94455
45.725          1.5775
46.245          1.5762
46.764          0.94338
47.284          0.65663
47.803          0.60558
48.323          0.67351
48.843          1.0036
49.362          1.6279
49.882          1.5028
50.401          0.88719
50.921          0.64271
51.441          0.60957
51.960          0.70836
52.480          1.1124
52.999          1.6737
