0.0000          1.6609
0.51960         1.6974
1.0392          1.0208
1.5588          0.69050
2.0784          0.61942
2.5980          0.61942
3.1176          0.69048
3.6372          1.0207
4.1568          1.6974
4.6764          1.6610
5.1960          0.98559
5.7156          0.68062
6.2352          0.61758
6.7548          0.62098
7.2744          0.70334
7.7940          1.0667
8.3136          1.7353
8.8332          1.6068
9.3528          0.94202
9.8724          0.66835
10.392          0.61471
10.912          0.62396
11.431          0.72877
11.951          1.1508
12.470          1.7812
12.990          1.5048
13.510          0.87684
14.029          0.65134
14.549          0.61124
15.068          0.63184
15.588          0.78191
16.108          1.3009
16.627          1.8108
17.147          1.3388
17.666          0.79765
18.186          0.63447
18.706          0.61059
19.225          0.64767
19.745          0.86205
20.264          1.4776
20.784          1.7867
21.304          1.1732
21.823          0.73636
22.343          0.62454
22.862          0.61376
23.382          0.66682
23.902          0.93857
24.421          1.6016
24.941          1.7341
25.460          1.0675
25.980          0.70296
26.500          0.62000
27.019          0.61709
27.539          0.68378
28.059          1.0003
28.578          1.6766
29.098          1.6768
29.617          1.0005
30.137          0.68384
30.657          0.61711
31.176          0.61998
31.696          0.70281
32.215          1.0670
32.735          1.7340
33.255          1.6020
33.774          0.93877
34.294          0.66686
34.813          0.61376
35.333          0.62450
35.853          0.73616
36.372          1.1728
36.892          1.7868
37.411          1.4779
37.931          0.86221
38.451          0.64770
38.970          0.61059
39.490          0.63447
40.009          0.79763
40.529          1.3386
41.049          1.8106
41.568          1.3011
42.088          0.78202
42.607          0.63185
43.127          0.61124
43.647          0.65138
44.166          0.87695
44.686          1.5047
45.205          1.7811
45.725          1.1509
46.245          0.72882
46.764          0.62397
47.284          0.61472
47.803          0.66838
48.323          0.94207
48.843          1.6068
49.362          1.7353
49.882          1.0667
50.401          0.70337
50.921          0.62099
51.441          0.61759
51.960          0.68062
52.480          0.98556
52.999          1.6609
