0.0000          0.83850
0.51960         0.63193
1.0392          0.61560
1.5588          0.74922
2.0784          1.2238
2.5980          1.6857
3.1176          1.2367
3.6372          0.75419
4.1568          0.61644
4.6764          0.63191
5.1960          0.83801
5.7156          1.4182
6.2352          1.6544
6.7548          1.0623
7.2744          0.69181
7.7940          0.60794
8.3136          0.65205
8.8332          0.92496
9.3528          1.5502
9.8724          1.5842
10.392          0.95626
10.912          0.66026
11.431          0.60684
11.951          0.67802
12.470          1.0179
12.990          1.6312
13.510          1.4728
14.029          0.86994
14.549          0.63888
15.068          0.61306
15.588          0.73092
16.108          1.1752
16.627          1.6796
17.147          1.2825
17.666          0.77332
18.186          0.61970
18.706          0.62861
19.225          0.82164
19.745          1.3867
20.264          1.6612
20.784          1.0853
21.304          0.69948
21.823          0.60891
22.343          0.64940
22.862          0.91436
23.382          1.5369
23.902          1.5939
24.421          0.96706
24.941          0.66325
25.460          0.60658
25.980          0.67369
26.500          1.0036
27.019          1.6229
27.539          1.4925
28.059          0.88238
28.578          0.64171
29.098          0.61124
29.617          0.71888
30.137          1.1424
30.657          1.6773
31.176          1.3226
31.696          0.79083
32.215          0.62269
32.735          0.62383
33.255          0.79728
33.774          1.3378
34.294          1.6782
34.813          1.1325
35.333          0.71537
35.853          0.61048
36.372          0.63994
36.892          0.87528
37.411          1.4854
37.931          1.6400
38.451          1.0198
38.970          0.67835
39.490          0.60566
40.009          0.65137
40.529          0.92324
41.049          1.5553
41.568          1.6050
42.088          0.96922
42.607          0.66358
43.127          0.60448
43.647          0.65934
44.166          0.95378
44.686          1.5906
45.205          1.5745
45.725          0.93894
46.245          0.65540
46.764          0.60483
47.284          0.66959
47.803          0.99035
48.323          1.6215
48.843          1.5266
49.362          0.90226
49.882          0.64622
50.401          0.60743
50.921          0.69309
51.441          1.0666
51.960          1.6610
52.480          1.4212
52.999          0.83850
