0.0000          1.7707
0.51960         1.5345
1.0392          0.89383
1.5588          0.65551
2.0784          0.61193
2.5980          0.62929
3.1176          0.76644
3.6372          1.2606
4.1568          1.8091
4.6764          1.3808
5.1960          0.81475
5.7156          0.63760
6.2352          0.61021
6.7548          0.64335
7.2744          0.84269
7.7940          1.4405
8.3136          1.7985
8.8332          1.2052
9.3528          0.74646
9.8724          0.62594
10.392          0.61292
10.912          0.66259
11.431          0.92263
11.951          1.5795
12.470          1.7476
12.990          1.0860
13.510          0.70831
14.029          0.62070
14.549          0.61641
15.068          0.68003
15.588          0.98682
16.108          1.6621
16.627          1.6906
17.147          1.0143
17.666          0.68770
18.186          0.61777
18.706          0.61926
19.225          0.69758
19.745          1.0492
20.264          1.7214
20.784          1.6229
21.304          0.95406
21.823          0.67100
22.343          0.61461
22.862          0.62298
23.382          0.72550
23.902          1.1419
24.421          1.7772
24.941          1.5130
25.460          0.88116
25.980          0.65211
26.500          0.61109
27.019          0.63122
27.539          0.77976
28.059          1.2962
28.578          1.8117
29.098          1.3433
29.617          0.79885
30.137          0.63472
30.657          0.61060
31.176          0.64696
31.696          0.85856
32.215          1.4716
32.735          1.7916
33.255          1.1791
33.774          0.73793
34.294          0.62514
34.813          0.61389
35.333          0.66484
35.853          0.92924
36.372          1.5890
36.892          1.7454
37.411          1.0813
37.931          0.70756
38.451          0.62144
38.970          0.61704
39.490          0.67817
40.009          0.97695
40.529          1.6511
41.049          1.7055
41.568          1.0295
42.088          0.69293
42.607          0.61976
43.127          0.61906
43.647          0.68818
44.166          1.0124
44.686          1.6894
45.205          1.6701
45.725          0.99384
46.245          0.68296
46.764          0.61809
47.284          0.62057
47.803          0.69968
48.323          1.0538
48.843          1.7258
49.362          1.6225
49.882          0.95372
50.401          0.67160
50.921          0.61548
51.441          0.62297
51.960          0.72093
52.480          1.1260
52.999          1.7707
