0.0000          0.79144
0.51960         0.62511
1.0392          0.60717
1.5588          0.68640
2.0784          1.0411
2.5980          1.6889
3.1176          1.5376
3.6372          0.89822
4.1568          0.64683
4.6764          0.60269
5.1960          0.64946
5.7156          0.90918
6.2352          1.5534
6.7548          1.6781
7.2744          1.0267
7.7940          0.68205
8.3136          0.60647
8.8332          0.62658
9.3528          0.79968
9.8724          1.3540
10.392          1.7642
10.912          1.2171
11.431          0.74543
11.951          0.61747
12.470          0.61209
12.990          0.71364
13.510          1.1257
14.029          1.7376
14.549          1.4497
15.068          0.84565
15.588          0.63535
16.108          0.60380
16.627          0.66375
17.147          0.96346
17.666          1.6203
18.186          1.6224
18.706          0.96544
19.225          0.66430
19.745          0.60386
20.264          0.63502
20.784          0.84398
21.304          1.4466
21.823          1.7389
22.343          1.1287
22.862          0.71465
23.382          0.61226
23.902          0.61726
24.421          0.74414
24.941          1.2136
25.460          1.7636
25.980          1.3577
26.500          0.80129
27.019          0.62687
27.539          0.60634
28.059          0.68130
28.578          1.0242
29.098          1.6762
29.617          1.5561
30.137          0.91110
30.657          0.64993
31.176          0.60269
31.696          0.64636
32.215          0.89626
32.735          1.5347
33.255          1.6909
33.774          1.0439
34.294          0.68725
34.813          0.60732
35.333          0.62480
35.853          0.78967
36.372          1.3306
36.892          1.7666
37.411          1.2389
37.931          0.75333
38.451          0.61866
38.970          0.61117
39.490          0.70915
40.009          1.1124
40.529          1.7306
41.049          1.4615
41.568          0.85202
42.088          0.63648
42.607          0.60359
43.127          0.66320
43.647          0.96219
44.166          1.6180
44.686          1.6204
45.205          0.96447
45.725          0.66383
46.245          0.60366
46.764          0.63608
47.284          0.85008
47.803          1.4579
48.323          1.7322
48.843          1.1158
49.362          0.71027
49.882          0.61137
50.401          0.61841
50.921          0.75180
51.441          1.2348
51.960          1.7661
52.480          1.3348
52.999          0.79144
