0.0000          0.63506
0.51960         0.60385
1.0392          0.66478
1.5588          0.96752
2.0784          1.6242
2.5980          1.6165
3.1176          0.96026
3.6372          0.66276
4.1568          0.60361
4.6764          0.63636
5.1960          0.85101
5.7156          1.4597
6.2352          1.7324
6.7548          1.1151
7.2744          0.71004
7.7940          0.61138
8.3136          0.61838
8.8332          0.75135
9.3528          1.2334
9.8724          1.7660
10.392          1.3365
10.912          0.79214
11.431          0.62522
11.951          0.60712
12.470          0.68616
12.990          1.0403
13.510          1.6880
14.029          1.5381
14.549          0.89865
15.068          0.64689
15.588          0.60268
16.108          0.64967
16.627          0.91018
17.147          1.5545
17.666          1.6762
18.186          1.0248
18.706          0.68142
19.225          0.60630
19.745          0.62702
20.264          0.80239
20.784          1.3601
21.304          1.7624
21.823          1.2103
22.343          0.74293
22.862          0.61698
23.382          0.61252
23.902          0.71660
24.421          1.1347
24.941          1.7408
25.460          1.4390
25.980          0.84002
26.500          0.63413
27.019          0.60405
27.539          0.66643
28.059          0.97349
28.578          1.6304
29.098          1.6100
29.617          0.95444
30.137          0.66118
30.657          0.60344
31.176          0.63737
31.696          0.85588
32.215          1.4686
32.735          1.7286
33.255          1.1069
33.774          0.70739
34.294          0.61094
34.813          0.61894
35.333          0.75459
35.853          1.2420
36.372          1.7673
36.892          1.3282
37.411          0.78869
37.931          0.62468
38.451          0.60737
38.970          0.68724
39.490          1.0436
40.009          1.6908
40.529          1.5358
41.049          0.89697
41.568          0.64658
42.088          0.60271
42.607          0.64952
43.127          0.90919
43.647          1.5534
44.166          1.6785
44.686          1.0271
45.205          0.68218
45.725          0.60650
46.245          0.62653
46.764          0.79929
47.284          1.3530
47.803          1.7641
48.323          1.2179
48.843          0.74567
49.362          0.61747
49.882          0.61210
50.401          0.71396
50.921          1.1267
51.441          1.7376
51.960          1.4477
52.480          0.84460
52.999          0.63506
