0.0000          0.60399
0.51960         0.66585
1.0392          0.97136
1.5588          1.6281
2.0784          1.6124
2.5980          0.95669
3.1176          0.66183
3.6372          0.60353
4.1568          0.63692
4.6764          0.85360
5.1960          1.4644
5.7156          1.7306
6.2352          1.1112
6.7548          0.70883
7.2744          0.61122
7.7940          0.61858
8.3136          0.75228
8.8332          1.2358
9.3528          1.7668
9.8724          1.3350
10.392          0.79157
10.912          0.62521
11.431          0.60711
11.951          0.68550
12.470          1.0379
12.990          1.6869
13.510          1.5425
14.029          0.90153
14.549          0.64771
15.068          0.60272
15.588          0.64811
16.108          0.90321
16.627          1.5450
17.147          1.6852
17.666          1.0356
18.186          0.68480
18.706          0.60699
19.225          0.62547
19.745          0.79302
20.264          1.3384
20.784          1.7664
21.304          1.2325
21.823          0.75105
22.343          0.61837
22.862          0.61137
23.382          0.70973
23.902          1.1139
24.421          1.7319
24.941          1.4615
25.460          0.85203
25.980          0.63659
26.500          0.60358
27.019          0.66232
27.539          0.95850
28.059          1.6144
28.578          1.6262
29.098          0.96950
29.617          0.66533
30.137          0.60392
30.657          0.63482
31.176          0.84338
31.696          1.4452
32.215          1.7381
32.735          1.1287
33.255          0.71456
33.774          0.61215
34.294          0.61746
34.813          0.74587
35.333          1.2184
35.853          1.7635
36.372          1.3515
36.892          0.79862
37.411          0.62632
37.931          0.60662
38.451          0.68353
38.970          1.0318
39.490          1.6814
40.009          1.5463
40.529          0.90443
41.049          0.64823
41.568          0.60266
42.088          0.64861
42.607          0.90600
43.127          1.5485
43.647          1.6798
44.166          1.0297
44.686          0.68288
45.205          0.60651
45.725          0.62657
46.245          0.80004
46.764          1.3547
47.284          1.7629
47.803          1.2152
48.323          0.74472
48.843          0.61727
49.362          0.61231
49.882          0.71548
50.401          1.1314
50.921          1.7392
51.441          1.4423
51.960          0.84186
52.480          0.63451
52.999          0.60399
