0.0000          0.61246
0.51960         0.65826
1.0392          0.90455
1.5588          1.5518
2.0784          1.7634
2.5980          1.1118
3.1176          0.71658
3.6372          0.62244
4.1568          0.61595
4.6764          0.67363
5.1960          0.96098
5.7156          1.6317
6.2352          1.7195
6.7548          1.0460
7.2744          0.69748
7.7940          0.62030
8.3136          0.61838
8.8332          0.68459
9.3528          0.99972
9.8724          1.6764
10.392          1.6833
10.912          1.0064
11.431          0.68648
11.951          0.61873
12.470          0.62001
12.990          0.69504
13.510          1.0372
14.029          1.7122
14.549          1.6420
15.068          0.96935
15.588          0.67599
16.108          0.61650
16.627          0.62189
17.147          0.71175
17.666          1.0957
18.186          1.7543
18.706          1.5714
19.225          0.91725
19.745          0.66160
20.264          0.61316
20.784          0.62642
21.304          0.74719
21.823          1.2065
22.343          1.7993
22.862          1.4402
23.382          0.84256
23.902          0.64337
24.421          0.61028
24.941          0.63761
25.460          0.81443
25.980          1.3797
26.500          1.8088
27.019          1.2611
27.539          0.76647
28.059          0.62904
28.578          0.61171
29.098          0.65596
29.617          0.89674
30.137          1.5393
30.657          1.7669
31.176          1.1198
31.696          0.71861
32.215          0.62209
32.735          0.61530
33.255          0.67422
33.774          0.96567
34.294          1.6375
34.813          1.7111
35.333          1.0367
35.853          0.69407
36.372          0.61881
36.892          0.61830
37.411          0.69064
37.931          1.0246
38.451          1.7004
38.970          1.6511
39.490          0.97712
40.009          0.67738
40.529          0.61594
41.049          0.62131
41.568          0.71264
42.088          1.1003
42.607          1.7563
43.127          1.5626
43.647          0.91138
44.166          0.65968
44.686          0.61238
45.205          0.62722
45.725          0.75479
46.245          1.2289
46.764          1.8037
47.284          1.4143
47.803          0.83014
48.323          0.64072
48.843          0.61016
49.362          0.64006
49.882          0.82697
50.401          1.4076
50.921          1.8054
51.441          1.2358
51.960          0.75747
52.480          0.62792
52.999          0.61246
