0.0000          0.65812
0.51960         0.94831
1.0392          1.5764
1.5588          1.5596
2.0784          0.93290
2.5980          0.65408
3.1176          0.60747
3.6372          0.68733
4.1568          1.0483
4.6764          1.6487
5.1960          1.4360
5.7156          0.84771
6.2352          0.63395
6.7548          0.61508
7.2744          0.74558
7.7940          1.2150
8.3136          1.6858
8.8332          1.2450
9.3528          0.75758
9.8724          0.61694
10.392          0.63012
10.912          0.82975
11.431          1.4048
11.951          1.6654
12.470          1.0790
12.990          0.69711
13.510          0.60795
14.029          0.64502
14.549          0.89723
15.068          1.5193
15.588          1.6250
16.108          0.99543
16.627          0.67107
17.147          0.60497
17.666          0.65478
18.186          0.93657
18.706          1.5716
19.225          1.5924
19.745          0.95586
20.264          0.65991
20.784          0.60451
21.304          0.66321
21.823          0.96789
22.343          1.6036
22.862          1.5566
23.382          0.92438
23.902          0.65166
24.421          0.60562
24.941          0.67786
25.460          1.0182
25.980          1.6391
26.500          1.4875
27.019          0.87656
27.539          0.64022
28.059          0.61031
28.578          0.71421
29.098          1.1293
29.617          1.6780
30.137          1.3415
30.657          0.79887
31.176          0.62410
31.696          0.62230
32.215          0.78880
32.735          1.3185
33.255          1.6786
33.774          1.1461
34.294          0.72012
34.813          0.61139
35.333          0.64109
35.853          0.87978
36.372          1.4889
36.892          1.6257
37.411          1.0071
37.931          0.67470
38.451          0.60654
38.970          0.66197
39.490          0.96247
40.009          1.5901
40.529          1.5432
41.049          0.91915
41.568          0.65058
42.088          0.60847
42.607          0.69598
43.127          1.0748
43.647          1.6580
44.166          1.4003
44.686          0.82862
45.205          0.63000
45.725          0.61852
46.245          0.76633
46.764          1.2659
47.284          1.6812
47.803          1.1910
48.323          0.73678
48.843          0.61390
49.362          0.63716
49.882          0.86227
50.401          1.4604
50.921          1.6370
51.441          1.0278
51.960          0.68105
52.480          0.60702
52.999          0.65812
