0.0000          0.74153
0.51960         1.1391
1.0392          1.7879
1.5588          1.5955
2.0784          0.94403
2.5980          0.68551
3.1176          0.63793
3.6372          0.63692
4.1568          0.67478
4.6764          0.89549
5.1960          1.5152
5.7156          1.8224
6.2352          1.2144
6.7548          0.76678
7.2744          0.65333
7.7940          0.63978
8.3136          0.64913
8.8332          0.74137
9.3528          1.1385
9.8724          1.7875
10.392          1.5962
10.912          0.94450
11.431          0.68564
11.951          0.63797
12.470          0.63694
12.990          0.67467
13.510          0.89489
14.029          1.5140
14.549          1.8228
15.068          1.2155
15.588          0.76716
16.108          0.65339
16.627          0.63978
17.147          0.64908
17.666          0.74106
18.186          1.1376
18.706          1.7869
19.225          1.5972
19.745          0.94519
20.264          0.68579
20.784          0.63798
21.304          0.63692
21.823          0.67455
22.343          0.89434
22.862          1.5131
23.382          1.8231
23.902          1.2164
24.421          0.76745
24.941          0.65341
25.460          0.63974
25.980          0.64902
26.500          0.74090
27.019          1.1372
27.539          1.7867
28.059          1.5976
28.578          0.94542
29.098          0.68582
29.617          0.63795
30.137          0.63688
30.657          0.67453
31.176          0.89438
31.696          1.5132
32.215          1.8231
32.735          1.2162
33.255          0.76737
33.774          0.65337
34.294          0.63970
34.813          0.64902
35.333          0.74106
35.853          1.1377
36.372          1.7870
36.892          1.5970
37.411          0.94496
37.931          0.68569
38.451          0.63790
38.970          0.63686
39.490          0.67464
40.009          0.89498
40.529          1.5143
41.049          1.8227
41.568          1.2152
42.088          0.76699
42.607          0.65331
43.127          0.63970
43.647          0.64907
44.166          0.74138
44.686          1.1387
45.205          1.7876
45.725          1.5959
46.245          0.94426
46.764          0.68553
47.284          0.63789
47.803          0.63687
48.323          0.67476
48.843          0.89554
49.362          1.5153
49.882          1.8224
50.401          1.2143
50.921          0.76669
51.441          0.65329
51.960          0.63974
52.480          0.64913
52.999          0.74153
