0.0000          0.61726
0.51960         0.75954
1.0392          1.2499
1.5588          1.6855
2.0784          1.2101
2.5980          0.74372
3.1176          0.61481
3.6372          0.63446
4.1568          0.85007
4.6764          1.4401
5.1960          1.6469
5.7156          1.0450
6.2352          0.68628
6.7548          0.60740
7.2744          0.65481
7.7940          0.93568
8.3136          1.5626
8.8332          1.5730
9.3528          0.94522
9.8724          0.65731
10.392          0.60720
10.912          0.68282
11.431          1.0335
11.951          1.6398
12.470          1.4525
12.990          0.85767
13.510          0.63615
14.029          0.61455
14.549          0.74102
15.068          1.2021
15.588          1.6815
16.108          1.2539
16.627          0.76141
17.147          0.61773
17.666          0.63121
18.186          0.83446
18.706          1.4112
19.225          1.6543
19.745          1.0657
20.264          0.69304
20.784          0.60818
21.304          0.65214
21.823          0.92528
22.343          1.5504
22.862          1.5834
23.382          0.95571
23.902          0.66014
24.421          0.60676
24.941          0.67769
25.460          1.0171
25.980          1.6318
26.500          1.4756
27.019          0.87138
27.539          0.63918
28.059          0.61232
28.578          0.72675
29.098          1.1645
29.617          1.6814
30.137          1.2978
30.657          0.77965
31.176          0.62068
31.696          0.62578
32.215          0.80781
32.735          1.3606
33.255          1.6748
33.774          1.1137
34.294          0.70879
34.813          0.60954
35.333          0.64165
35.853          0.88281
36.372          1.4974
36.892          1.6351
37.411          1.0112
37.931          0.67574
38.451          0.60539
38.970          0.65245
39.490          0.92752
40.009          1.5607
40.529          1.6012
41.049          0.96499
41.568          0.66240
42.088          0.60446
42.607          0.66038
43.127          0.95760
43.647          1.5943
44.166          1.5699
44.686          0.93503
45.205          0.65438
45.725          0.60500
46.245          0.67157
46.764          0.99715
47.284          1.6263
47.803          1.5171
48.323          0.89575
48.843          0.64467
49.362          0.60808
49.882          0.69812
50.401          1.0820
50.921          1.6664
51.441          1.4008
51.960          0.82773
52.480          0.62971
52.999          0.61726
