0.0000          0.86339
0.51960         0.63897
1.0392          0.60321
1.5588          0.65889
2.0784          0.94598
2.5980          1.6005
3.1176          1.6394
3.6372          0.98252
4.1568          0.66901
4.6764          0.60441
5.1960          0.63263
5.7156          0.83232
6.2352          1.4239
6.7548          1.7465
7.2744          1.1495
7.7940          0.72162
8.3136          0.61343
8.8332          0.61595
9.3528          0.73654
9.8724          1.1924
10.392          1.7591
10.912          1.3792
11.431          0.81100
11.951          0.62863
12.470          0.60566
12.990          0.67715
13.510          1.0104
14.029          1.6648
14.549          1.5710
15.068          0.92229
15.588          0.65277
16.108          0.60281
16.627          0.64368
17.147          0.88459
17.666          1.5169
18.186          1.7028
18.706          1.0613
19.225          0.69274
19.745          0.60833
20.264          0.62289
20.784          0.77826
21.304          1.3030
21.823          1.7691
22.343          1.2668
22.862          0.76398
23.382          0.62049
23.902          0.60983
24.421          0.70120
24.941          1.0879
25.460          1.7188
25.980          1.4885
26.500          0.86715
27.019          0.63976
27.539          0.60311
28.059          0.65777
28.578          0.94180
29.098          1.5956
29.617          1.6439
30.137          0.98683
30.657          0.67020
31.176          0.60456
31.696          0.63200
32.215          0.82914
32.735          1.4176
33.255          1.7486
33.774          1.1550
34.294          0.72342
34.813          0.61371
35.333          0.61564
35.853          0.73483
36.372          1.1877
36.892          1.7578
37.411          1.3836
37.931          0.81293
38.451          0.62893
38.970          0.60555
39.490          0.67680
40.009          1.0094
40.529          1.6637
41.049          1.5711
41.568          0.92247
42.088          0.65275
42.607          0.60278
43.127          0.64402
43.647          0.88632
44.166          1.5194
44.686          1.7004
45.205          1.0581
45.725          0.69169
46.245          0.60810
46.764          0.62332
47.284          0.78104
47.803          1.3099
48.323          1.7685
48.843          1.2596
49.362          0.76122
49.882          0.62002
50.401          0.61016
50.921          0.70314
51.441          1.0940
51.960          1.7221
52.480          1.4819
52.999          0.86339
