0.0000          0.95580
0.51960         1.6110
1.0392          1.6273
1.5588          0.97104
2.0784          0.66567
2.5980          0.60389
3.1176          0.63494
3.6372          0.84442
4.1568          1.4472
4.6764          1.7366
5.1960          1.1260
5.7156          0.71369
6.2352          0.61197
6.7548          0.61766
7.2744          0.74728
7.7940          1.2223
8.3136          1.7642
8.8332          1.3476
9.3528          0.79700
9.8724          0.62609
10.392          0.60672
10.912          0.68376
11.431          1.0325
11.951          1.6824
12.470          1.5468
12.990          0.90470
13.510          0.64839
14.029          0.60269
14.549          0.64788
15.068          0.90262
15.588          1.5440
16.108          1.6848
16.627          1.0356
17.147          0.68477
17.666          0.60693
18.186          0.62557
18.706          0.79391
19.225          1.3406
19.745          1.7660
20.264          1.2302
20.784          0.75026
21.304          0.61827
21.823          0.61145
22.343          0.71005
22.862          1.1149
23.382          1.7327
23.902          1.4611
24.421          0.85179
24.941          0.63661
25.460          0.60357
25.980          0.66181
26.500          0.95641
27.019          1.6125
27.539          1.6298
28.059          0.97258
28.578          0.66629
29.098          0.60411
29.617          0.63388
30.137          0.83830
30.657          1.4356
31.176          1.7429
31.696          1.1391
32.215          0.71813
32.735          0.61286
33.255          0.61658
33.774          0.74007
34.294          1.2022
34.813          1.7612
35.333          1.3694
35.853          0.80655
36.372          0.62782
36.892          0.60597
37.411          0.67907
37.931          1.0168
38.451          1.6700
38.970          1.5640
39.490          0.91700
40.009          0.65141
40.529          0.60274
41.049          0.64505
41.568          0.89058
42.088          1.5260
42.607          1.6964
43.127          1.0521
43.647          0.68983
44.166          0.60777
44.686          0.62396
45.205          0.78471
45.725          1.3186
46.245          1.7675
46.764          1.2507
47.284          0.75784
47.803          0.61941
48.323          0.61063
48.843          0.70608
49.362          1.1030
49.882          1.7260
50.401          1.4713
50.921          0.85754
51.441          0.63764
51.960          0.60341
52.480          0.66146
52.999          0.95580
