0.0000          0.64085
0.51960         0.70080
1.0392          1.0033
1.5588          1.6735
2.0784          1.7354
2.5980          1.0654
3.1176          0.71870
3.6372          0.64480
4.1568          0.63886
4.6764          0.65870
5.1960          0.80198
5.7156          1.3101
6.2352          1.8442
6.7548          1.4155
7.2744          0.84610
7.7940          0.66575
8.3136          0.63757
8.8332          0.64083
9.3528          0.70003
9.8724          1.0001
10.392          1.6696
10.912          1.7386
11.431          1.0693
11.951          0.71993
12.470          0.64513
12.990          0.63903
13.510          0.65837
14.029          0.79935
14.549          1.3032
15.068          1.8434
15.588          1.4225
16.108          0.84931
16.627          0.66625
17.147          0.63744
17.666          0.64056
18.186          0.69900
18.706          0.99648
19.225          1.6654
19.745          1.7419
20.264          1.0732
20.784          0.72101
21.304          0.64523
21.823          0.63894
22.343          0.65803
22.862          0.79780
23.382          1.2994
23.902          1.8428
24.421          1.4262
24.941          0.85088
25.460          0.66637
25.980          0.63720
26.500          0.64030
27.019          0.69873
27.539          0.99607
28.059          1.6651
28.578          1.7420
29.098          1.0732
29.617          0.72083
30.137          0.64498
30.657          0.63869
31.176          0.65804
31.696          0.79889
32.215          1.3025
32.735          1.8432
33.255          1.4227
33.774          0.84920
34.294          0.66598
34.813          0.63709
35.333          0.64032
35.853          0.69950
36.372          0.99930
36.892          1.6690
37.411          1.7387
37.931          1.0692
38.451          0.71959
38.970          0.64465
39.490          0.63852
40.009          0.65837
40.529          0.80150
41.049          1.3094
41.568          1.8441
42.088          1.4157
42.607          0.84601
43.127          0.66548
43.647          0.63722
44.166          0.64059
44.686          0.70053
45.205          1.0029
45.725          1.6731
46.245          1.7354
46.764          1.0654
47.284          0.71853
47.803          0.64456
48.323          0.63860
48.843          0.65871
49.362          0.80306
49.882          1.3132
50.401          1.8445
50.921          1.4120
51.441          0.84447
51.960          0.66536
52.480          0.63746
52.999          0.64085
