0.0000          0.79863
0.51960         1.3516
1.0392          1.7637
1.5588          1.2184
2.0784          0.74587
2.5980          0.61746
3.1176          0.61213
3.6372          0.71440
4.1568          1.1282
4.6764          1.7380
5.1960          1.4457
5.7156          0.84359
6.2352          0.63485
6.7548          0.60390
7.2744          0.66524
7.7940          0.96924
8.3136          1.6260
8.8332          1.6146
9.3528          0.95861
9.8724          0.66233
10.392          0.60357
10.912          0.63659
11.431          0.85207
11.951          1.4616
12.470          1.7318
12.990          1.1136
13.510          0.70963
14.029          0.61135
14.549          0.61840
15.068          0.75124
15.588          1.2330
16.108          1.7664
16.627          1.3377
17.147          0.79270
17.666          0.62540
18.186          0.60701
18.706          0.68505
19.225          1.0364
19.745          1.6858
20.264          1.5439
20.784          0.90245
21.304          0.64791
21.823          0.60271
22.343          0.64798
22.862          0.90273
23.382          1.5443
23.902          1.6855
24.421          1.0360
24.941          0.68493
25.460          0.60699
25.980          0.62544
26.500          0.79294
27.019          1.3383
27.539          1.7664
28.059          1.2325
28.578          0.75103
29.098          0.61837
29.617          0.61138
30.137          0.70978
30.657          1.1141
31.176          1.7321
31.696          1.4611
32.215          0.85179
32.735          0.63653
33.255          0.60358
33.774          0.66242
34.294          0.95894
34.813          1.6149
35.333          1.6256
35.853          0.96889
36.372          0.66514
36.892          0.60389
37.411          0.63490
37.931          0.84387
38.451          1.4463
38.970          1.7378
39.490          1.1277
40.009          0.71423
40.529          0.61210
41.049          0.61750
41.568          0.74608
42.088          1.2190
42.607          1.7638
43.127          1.3510
43.647          0.79837
44.166          0.62629
44.686          0.60663
45.205          0.68347
45.725          1.0316
46.245          1.6814
46.764          1.5468
47.284          0.90475
47.803          0.64832
48.323          0.60266
48.843          0.64839
49.362          0.90504
49.882          1.5472
50.401          1.6811
50.921          1.0312
51.441          0.68336
51.960          0.60661
52.480          0.62633
52.999          0.79863
