0.0000          0.64008
0.51960         0.86852
1.0392          1.4907
1.5588          1.7178
2.0784          1.0861
2.5980          0.70063
3.1176          0.60975
3.6372          0.62060
4.1568          0.76450
4.6764          1.2681
5.1960          1.7694
5.7156          1.3021
6.2352          0.77791
6.7548          0.62286
7.2744          0.60834
7.7940          0.69261
8.3136          1.0608
8.8332          1.7027
9.3528          1.5180
9.8724          0.88529
10.392          0.64388
10.912          0.60280
11.431          0.65229
11.951          0.92026
12.470          1.5685
12.990          1.6676
13.510          1.0133
14.029          0.67804
14.549          0.60583
15.068          0.62813
15.588          0.80814
16.108          1.3730
16.627          1.7608
17.147          1.1987
17.666          0.73874
18.186          0.61633
18.706          0.61307
19.225          0.71947
19.745          1.1431
20.264          1.7443
20.784          1.4306
21.304          0.83566
21.823          0.63326
22.343          0.60424
22.862          0.66786
23.382          0.97849
23.902          1.6354
24.421          1.6045
24.941          0.94959
25.460          0.65984
25.980          0.60329
26.500          0.63837
27.019          0.86070
27.539          1.4771
28.059          1.7241
28.578          1.0982
29.098          0.70450
29.617          0.61038
30.137          0.61973
30.657          0.75957
31.176          1.2553
31.696          1.7680
32.215          1.3140
32.735          0.78270
33.255          0.62357
33.774          0.60797
34.294          0.69116
34.813          1.0565
35.333          1.6991
35.853          1.5205
36.372          0.88708
36.892          0.64416
37.411          0.60276
37.931          0.65283
38.451          0.92298
38.970          1.5717
39.490          1.6626
40.009          1.0083
40.529          0.67645
41.049          0.60546
41.568          0.62918
42.088          0.81444
42.607          1.3869
43.127          1.7568
43.647          1.1843
44.166          0.73363
44.686          0.61543
45.205          0.61392
45.725          0.72471
46.245          1.1587
46.764          1.7497
47.284          1.4138
47.803          0.82728
48.323          0.63164
48.843          0.60467
49.362          0.67092
49.882          0.98926
50.401          1.6460
50.921          1.5932
51.441          0.93987
51.960          0.65728
52.480          0.60308
52.999          0.64008
