0.0000          1.7608
0.51960         1.0973
1.0392          0.72834
1.5588          0.64669
2.0784          0.63933
2.5980          0.65612
3.1176          0.78513
3.6372          1.2658
4.1568          1.8370
4.6764          1.4610
5.1960          0.86729
5.7156          0.66920
6.2352          0.63682
6.7548          0.63914
7.2744          0.69355
7.7940          0.97683
8.3136          1.6414
8.8332          1.7595
9.3528          1.0956
9.8724          0.72759
10.392          0.64624
10.912          0.63892
11.431          0.65623
11.951          0.78751
12.470          1.2726
12.990          1.8383
13.510          1.4534
14.029          0.86357
14.549          0.66841
15.068          0.63670
15.588          0.63924
16.108          0.69493
16.627          0.98259
17.147          1.6488
17.666          1.7541
18.186          1.0884
18.706          0.72533
19.225          0.64574
19.745          0.63876
20.264          0.65677
20.784          0.79137
21.304          1.2831
21.823          1.8404
22.343          1.4426
22.862          0.85842
23.382          0.66761
23.902          0.63695
24.421          0.63969
24.941          0.69631
25.460          0.98740
25.980          1.6549
26.500          1.7501
27.019          1.0830
27.539          0.72387
28.059          0.64571
28.578          0.63899
29.098          0.65719
29.617          0.79282
30.137          1.2867
30.657          1.8412
31.176          1.4394
31.696          0.85703
32.215          0.66759
32.735          0.63730
33.255          0.64003
33.774          0.69636
34.294          0.98663
34.813          1.6536
35.333          1.7513
35.853          1.0848
36.372          0.72464
36.892          0.64616
37.411          0.63939
37.931          0.65710
38.451          0.79051
38.970          1.2799
39.490          1.8398
40.009          1.4469
40.529          0.86078
41.049          0.66839
41.568          0.63742
42.088          0.63993
42.607          0.69500
43.127          0.98093
43.647          1.6461
44.166          1.7566
44.686          1.0920
45.205          0.72690
45.725          0.64666
46.245          0.63956
46.764          0.65655
47.284          0.78663
47.803          1.2694
48.323          1.8377
48.843          1.4577
49.362          0.86590
49.882          0.66919
50.401          0.63718
50.921          0.63948
51.441          0.69359
51.960          0.97604
52.480          1.6401
52.999          1.7608
