0.0000          1.2853
0.51960         1.8411
1.0392          1.4464
1.5588          0.86192
2.0784          0.67026
2.5980          0.63978
3.1176          0.64166
3.6372          0.69199
4.1568          0.96264
4.6764          1.6205
5.1960          1.7755
5.7156          1.1186
6.2352          0.73570
6.7548          0.64906
7.2744          0.64082
7.7940          0.65477
8.3136          0.77072
8.8332          1.2244
9.3528          1.8261
9.8724          1.5046
10.392          0.88895
10.912          0.67254
11.431          0.63556
11.951          0.63712
12.470          0.68839
12.990          0.95994
13.510          1.6200
14.029          1.7721
14.549          1.1123
15.068          0.73112
15.588          0.64465
16.108          0.63633
16.627          0.65480
17.147          0.79052
17.666          1.2845
18.186          1.8399
18.706          1.4358
19.225          0.85312
19.745          0.66390
20.264          0.63315
20.784          0.63744
21.304          0.70387
21.823          1.0255
22.343          1.7001
22.862          1.7058
23.382          1.0313
23.902          0.70551
24.421          0.63779
24.941          0.63323
25.460          0.66315
25.980          0.84885
26.500          1.4266
27.019          1.8413
27.539          1.2934
28.059          0.79388
28.578          0.65530
29.098          0.63621
29.617          0.64421
30.137          0.72910
30.657          1.1060
31.176          1.7679
31.696          1.6267
32.215          0.96475
32.735          0.68956
33.255          0.63728
33.774          0.63552
34.294          0.67172
34.813          0.88492
35.333          1.4970
35.853          1.8283
36.372          1.2315
36.892          0.77322
37.411          0.65514
37.931          0.64075
38.451          0.64873
38.970          0.73392
39.490          1.1130
40.009          1.7717
40.529          1.6265
41.049          0.96702
41.568          0.69308
42.088          0.64185
42.607          0.63982
43.127          0.66960
43.647          0.85827
44.166          1.4387
44.686          1.8424
45.205          1.2927
45.725          0.79762
46.245          0.66143
46.764          0.64369
47.284          0.64813
47.803          0.71352
48.323          1.0364
48.843          1.7058
49.362          1.7103
49.882          1.0410
50.401          0.71484
50.921          0.64841
51.441          0.64380
51.960          0.66104
52.480          0.79484
52.999          1.2853
