0.0000          1.2556
0.51960         0.76463
1.0392          0.62901
1.5588          0.61204
2.0784          0.65608
2.5980          0.89604
3.1176          1.5380
3.6372          1.7692
4.1568          1.1232
4.6764          0.72008
5.1960          0.62288
5.7156          0.61558
6.2352          0.67199
6.7548          0.95507
7.2744          1.6242
7.7940          1.7247
8.3136          1.0524
8.8332          0.69931
9.3528          0.62054
9.8724          0.61815
10.392          0.68320
10.912          0.99463
11.431          1.6710
11.951          1.6887
12.470          1.0117
12.990          0.68799
13.510          0.61904
14.029          0.61980
14.549          0.69311
15.068          1.0301
15.588          1.7060
16.108          1.6504
16.627          0.97639
17.147          0.67802
17.666          0.61701
18.186          0.62148
18.706          0.70780
19.225          1.0821
19.745          1.7459
20.264          1.5880
20.784          0.92857
21.304          0.66466
21.823          0.61386
22.343          0.62521
22.862          0.73841
23.382          1.1805
23.902          1.7920
24.421          1.4700
24.941          0.85773
25.460          0.64677
25.980          0.61059
26.500          0.63487
27.019          0.79964
27.539          1.3452
28.059          1.8115
28.578          1.2944
29.098          0.77909
29.617          0.63111
30.137          0.61111
30.657          0.65232
31.176          0.88202
31.696          1.5144
32.215          1.7766
32.735          1.1407
33.255          0.72513
33.774          0.62292
34.294          0.61464
34.813          0.67121
35.333          0.95490
35.853          1.6240
36.372          1.7205
36.892          1.0482
37.411          0.69728
37.931          0.61920
38.451          0.61780
38.970          0.68802
39.490          1.0155
40.009          1.6918
40.529          1.6607
41.049          0.98555
41.568          0.67966
42.088          0.61632
42.607          0.62078
43.127          0.70901
43.647          1.0883
44.166          1.7490
44.686          1.5766
45.205          0.92065
45.725          0.66205
46.245          0.61280
46.764          0.62617
47.284          0.74806
47.803          1.2097
48.323          1.7995
48.843          1.4354
49.362          0.84023
49.882          0.64282
50.401          0.61020
50.921          0.63811
51.441          0.81728
51.960          1.3862
52.480          1.8082
52.999          1.2556
