0.0000          1.7482
0.51960         1.4196
1.0392          0.83021
1.5588          0.63225
2.0784          0.60451
2.5980          0.66948
3.1176          0.98402
3.6372          1.6410
4.1568          1.5996
4.6764          0.94522
5.1960          0.65875
5.7156          0.60324
6.2352          0.63888
6.7548          0.86277
7.2744          1.4807
7.7940          1.7231
8.3136          1.0958
8.8332          0.70377
9.3528          0.61031
9.8724          0.61980
10.392          0.75966
10.912          1.2554
11.431          1.7685
11.951          1.3146
12.470          0.78298
12.990          0.62368
13.510          0.60789
14.029          0.69032
14.549          1.0536
15.068          1.6977
15.588          1.5247
16.108          0.88957
16.627          0.64479
17.147          0.60274
17.666          0.65168
18.186          0.91813
18.706          1.5655
19.225          1.6686
19.745          1.0149
20.264          0.67844
20.784          0.60583
21.304          0.62816
21.823          0.80865
22.343          1.3742
22.862          1.7599
23.382          1.1968
23.902          0.73803
24.421          0.61616
24.941          0.61325
25.460          0.72081
25.980          1.1472
26.500          1.7454
27.019          1.4257
27.539          0.83323
28.059          0.63276
28.578          0.60438
29.098          0.66913
29.617          0.98311
30.137          1.6396
30.657          1.5989
31.176          0.94502
31.696          0.65860
32.215          0.60316
32.735          0.63941
33.255          0.86568
33.774          1.4857
34.294          1.7195
34.813          1.0899
35.333          0.70183
35.853          0.60990
36.372          0.62040
36.892          0.76367
37.411          1.2661
37.931          1.7689
38.451          1.3033
38.970          0.77836
39.490          0.62288
40.009          0.60834
40.529          0.69300
41.049          1.0623
41.568          1.7034
42.088          1.5153
42.607          0.88356
43.127          0.64341
43.647          0.60280
44.166          0.65325
44.686          0.92436
45.205          1.5738
45.725          1.6623
46.245          1.0074
46.764          0.67625
47.284          0.60549
47.803          0.62906
48.323          0.81346
48.843          1.3847
49.362          1.7578
49.882          1.1872
50.401          0.73468
50.921          0.61565
51.441          0.61370
51.960          0.72313
52.480          1.1539
52.999          1.7482
