0.0000          0.71173
0.51960         0.62145
1.0392          0.61621
1.5588          0.67715
2.0784          0.97526
2.5980          1.6490
3.1176          1.7038
3.6372          1.0282
4.1568          0.69195
4.6764          0.61887
5.1960          0.61880
5.7156          0.69144
6.2352          1.0263
6.7548          1.7022
7.2744          1.6511
7.7940          0.97702
8.3136          0.67764
8.8332          0.61632
9.3528          0.62134
9.8724          0.71085
10.392          1.0937
10.912          1.7527
11.431          1.5718
11.951          0.91747
12.470          0.66143
12.990          0.61288
13.510          0.62646
14.029          0.74882
14.549          1.2116
15.068          1.8002
15.588          1.4340
16.108          0.83955
16.627          0.64273
17.147          0.61025
17.666          0.63818
18.186          0.81733
18.706          1.3863
19.225          1.8083
19.745          1.2556
20.264          0.76459
20.784          0.62896
21.304          0.61200
21.823          0.65616
22.343          0.89654
22.862          1.5388
23.382          1.7685
23.902          1.1220
24.421          0.71961
24.941          0.62268
25.460          0.61552
25.980          0.67254
26.500          0.95767
27.019          1.6275
27.539          1.7214
28.059          1.0485
28.578          0.69801
29.098          0.62011
29.617          0.61816
30.137          0.68491
30.657          1.0017
31.176          1.6784
31.696          1.6799
32.215          1.0031
32.735          0.68530
33.255          0.61823
33.774          0.62005
34.294          0.69750
34.813          1.0467
35.333          1.7200
35.853          1.6297
36.372          0.95937
36.892          0.67302
37.411          0.61563
37.931          0.62255
38.451          0.71860
38.970          1.1187
39.490          1.7668
40.009          1.5428
40.529          0.89899
41.049          0.65678
41.568          0.61212
42.088          0.62864
42.607          0.76253
43.127          1.2499
43.647          1.8075
44.166          1.3923
44.686          0.82004
45.205          0.63871
45.725          0.61023
46.245          0.64214
46.764          0.83677
47.284          1.4282
47.803          1.8014
48.323          1.2168
48.843          0.75063
49.362          0.62673
49.882          0.61276
50.401          0.66081
50.921          0.91512
51.441          1.5682
51.960          1.7544
52.480          1.0967
52.999          0.71173
