0.0000          0.89245
0.51960         1.5074
1.0392          1.6149
1.5588          0.99223
2.0784          0.67039
2.5980          0.60636
3.1176          0.66519
3.6372          0.97408
4.1568          1.6007
4.6764          1.5311
5.1960          0.90959
5.7156          0.64821
6.2352          0.60873
6.7548          0.69946
7.2744          1.0853
7.7940          1.6628
8.3136          1.3914
8.8332          0.82404
9.3528          0.62908
9.8724          0.61834
10.392          0.76574
10.912          1.2648
11.431          1.6853
11.951          1.1976
12.470          0.73914
12.990          0.61402
13.510          0.63412
14.029          0.84881
14.549          1.4400
15.068          1.6556
15.588          1.0526
16.108          0.68858
16.627          0.60687
17.147          0.64778
17.666          0.90871
18.186          1.5356
18.706          1.6161
19.225          0.98339
19.745          0.66758
20.264          0.60474
20.784          0.65699
21.304          0.94496
21.823          1.5809
22.343          1.5833
22.862          0.94719
23.382          0.65758
23.902          0.60470
24.421          0.66674
24.941          0.98040
25.460          1.6137
25.980          1.5395
26.500          0.91161
27.019          0.64850
27.539          0.60666
28.059          0.68674
28.578          1.0468
29.098          1.6528
29.617          1.4478
30.137          0.85330
30.657          0.63510
31.176          0.61348
31.696          0.73545
32.215          1.1876
32.735          1.6840
33.255          1.2754
33.774          0.77038
34.294          0.61916
34.813          0.62829
35.333          0.81992
35.853          1.3828
36.372          1.6637
36.892          1.0920
37.411          0.70181
37.931          0.60909
38.451          0.64786
38.970          0.90803
39.490          1.5283
40.009          1.6005
40.529          0.97500
41.049          0.66550
41.568          0.60653
42.088          0.67117
42.607          0.99486
43.127          1.6162
43.647          1.5027
44.166          0.88944
44.686          0.64338
45.205          0.61094
45.725          0.71571
46.245          1.1329
46.764          1.6738
47.284          1.3302
47.803          0.79435
48.323          0.62339
48.843          0.62427
49.362          0.79914
49.882          1.3406
50.401          1.6722
50.921          1.1244
51.441          0.71272
51.960          0.61051
52.480          0.64408
52.999          0.89245
