0.0000          1.6778
0.51960         1.5502
1.0392          0.90730
1.5588          0.64887
2.0784          0.60264
2.5980          0.64825
3.1176          0.90476
3.6372          1.5466
4.1568          1.6803
4.6764          1.0308
5.1960          0.68315
5.7156          0.60651
6.2352          0.62659
6.7548          0.80036
7.2744          1.3555
7.7940          1.7625
8.3136          1.2139
8.8332          0.74422
9.3528          0.61715
9.8724          0.61241
10.392          0.71625
10.912          1.1338
11.431          1.7401
11.951          1.4394
12.470          0.84028
12.990          0.63416
13.510          0.60405
14.029          0.66660
14.549          0.97421
15.068          1.6310
15.588          1.6089
16.108          0.95359
16.627          0.66095
17.147          0.60341
17.666          0.63755
18.186          0.85675
18.706          1.4702
19.225          1.7280
19.745          1.1056
20.264          0.70699
20.784          0.61090
21.304          0.61898
21.823          0.75469
22.343          1.2423
22.862          1.7677
23.382          1.3286
23.902          0.78886
24.421          0.62477
24.941          0.60731
25.460          0.68646
25.980          1.0409
26.500          1.6894
27.019          1.5400
27.539          0.89972
28.059          0.64733
28.578          0.60274
29.098          0.64820
29.617          0.90337
30.137          1.5454
30.657          1.6858
31.176          1.0360
31.696          0.68498
32.215          0.60706
32.735          0.62527
33.255          0.79165
33.774          1.3352
34.294          1.7672
34.813          1.2361
35.333          0.75240
35.853          0.61863
36.372          0.61116
36.892          0.70826
37.411          1.1094
37.931          1.7301
38.451          1.4667
38.970          0.85482
39.490          0.63719
40.009          0.60347
40.529          0.66119
41.049          0.95430
41.568          1.6099
42.088          1.6310
42.607          0.97400
43.127          0.66659
43.647          0.60408
44.166          0.63399
44.686          0.83924
45.205          1.4374
45.725          1.7413
46.245          1.1362
46.764          0.71706
47.284          0.61258
47.803          0.61694
48.323          0.74276
48.843          1.2099
49.362          1.7620
49.882          1.3600
50.401          0.80230
50.921          0.62694
51.441          0.60635
51.960          0.68215
52.480          1.0274
52.999          1.6778
