0.0000          1.0847
0.51960         1.7476
1.0392          1.5850
1.5588          0.92645
2.0784          0.66409
2.5980          0.61373
3.1176          0.62543
3.6372          0.73997
4.1568          1.1851
4.6764          1.7934
5.1960          1.4646
5.7156          0.85489
6.2352          0.64611
6.7548          0.61050
7.2744          0.63537
7.7940          0.80249
8.3136          1.3520
8.8332          1.8111
9.3528          1.2876
9.8724          0.77646
10.392          0.63064
10.912          0.61120
11.431          0.65310
11.951          0.88534
12.470          1.5202
12.990          1.7743
13.510          1.1356
14.029          0.72349
14.549          0.62266
15.068          0.61477
15.588          0.67207
16.108          0.95818
16.627          1.6281
17.147          1.7174
17.666          1.0443
18.186          0.69613
18.706          0.61899
19.225          0.61794
19.745          0.68919
20.264          1.0198
20.784          1.6959
21.304          1.6557
21.823          0.98113
22.343          0.67839
22.862          0.61602
23.382          0.62104
23.902          0.71136
24.421          1.0963
24.941          1.7538
25.460          1.5669
25.980          0.91420
26.500          0.66035
27.019          0.61244
27.539          0.62691
28.059          0.75315
28.578          1.2243
29.098          1.8027
29.617          1.4192
30.137          0.83244
30.657          0.64118
31.176          0.61014
31.696          0.63963
32.215          0.82496
32.735          1.4032
33.255          1.8059
33.774          1.2398
34.294          0.75892
34.813          0.62814
35.333          0.61238
35.853          0.65781
36.372          0.90276
36.892          1.5489
37.411          1.7647
37.931          1.1142
38.451          0.71735
38.970          0.62257
39.490          0.61589
40.009          0.67319
40.529          0.95926
41.049          1.6295
41.568          1.7212
42.088          1.0481
42.607          0.69812
43.127          0.62044
43.647          0.61834
44.166          0.68393
44.686          0.99711
45.205          1.6737
45.725          1.6864
46.245          1.0094
46.764          0.68738
47.284          0.61898
47.803          0.61991
48.323          0.69367
48.843          1.0321
49.362          1.7077
49.882          1.6484
50.401          0.97465
50.921          0.67755
51.441          0.61693
51.960          0.62158
52.480          0.70856
52.999          1.0847
