0.0000          1.5781
0.51960         1.6586
1.0392          1.0032
1.5588          0.67498
2.0784          0.60528
2.5980          0.62969
3.1176          0.81695
3.6372          1.3921
4.1568          1.7557
4.6764          1.1796
5.1960          0.73197
5.7156          0.61516
6.2352          0.61418
6.7548          0.72617
7.2744          1.1628
7.7940          1.7507
8.3136          1.4096
8.8332          0.82529
9.3528          0.63125
9.8724          0.60480
10.392          0.67185
10.912          0.99245
11.431          1.6487
11.951          1.5894
12.470          0.93694
12.990          0.65649
13.510          0.60301
14.029          0.64087
14.549          0.87224
15.068          1.4969
15.588          1.7139
16.108          1.0797
16.627          0.69855
17.147          0.60933
17.666          0.62123
18.186          0.76860
18.706          1.2789
19.225          1.7694
19.745          1.2906
20.264          0.77328
20.784          0.62203
21.304          0.60883
21.823          0.69565
22.343          1.0707
22.862          1.7089
23.382          1.5064
23.902          0.87800
24.421          0.64216
24.941          0.60289
25.460          0.65471
25.980          0.93004
26.500          1.5811
27.019          1.6563
27.539          1.0006
28.059          0.67424
28.578          0.60518
29.098          0.63000
29.617          0.81857
30.137          1.3955
30.657          1.7549
31.176          1.1766
31.696          0.73097
32.215          0.61501
32.735          0.61432
33.255          0.72688
33.774          1.1648
34.294          1.7515
34.813          1.4079
35.333          0.82449
35.853          0.63113
36.372          0.60483
36.892          0.67186
37.411          0.99237
37.931          1.6488
38.451          1.5901
38.970          0.93741
39.490          0.65665
40.009          0.60304
40.529          0.64058
41.049          0.87076
41.568          1.4944
42.088          1.7156
42.607          1.0825
43.127          0.69946
43.647          0.60952
44.166          0.62097
44.686          0.76682
45.205          1.2741
45.725          1.7692
46.245          1.2956
46.764          0.77530
47.284          0.62237
47.803          0.60864
48.323          0.69459
48.843          1.0672
49.362          1.7064
49.882          1.5102
50.401          0.88040
50.921          0.64269
51.441          0.60285
51.960          0.65412
52.480          0.92777
52.999          1.5781
