0.0000          1.2019
0.51960         1.6860
1.0392          1.2597
1.5588          0.76338
2.0784          0.61788
2.5980          0.62916
3.1176          0.82488
3.6372          1.3944
4.1568          1.6651
4.6764          1.0844
5.1960          0.69895
5.7156          0.60843
6.2352          0.64655
6.7548          0.90325
7.2744          1.5251
7.7940          1.6122
8.3136          0.98399
8.8332          0.66784
9.3528          0.60560
9.8724          0.66293
10.392          0.96651
10.912          1.5974
11.431          1.5466
11.951          0.91954
12.470          0.65055
12.990          0.60729
13.510          0.68911
14.029          1.0541
14.549          1.6533
15.068          1.4326
15.588          0.84527
16.108          0.63339
16.627          0.61513
17.147          0.74598
17.666          1.2157
18.186          1.6853
18.706          1.2439
19.225          0.75710
19.745          0.61690
20.264          0.63095
20.784          0.83355
21.304          1.4107
21.823          1.6592
22.343          1.0702
22.862          0.69434
23.382          0.60797
23.902          0.64903
24.421          0.91328
24.941          1.5378
25.460          1.6013
25.980          0.97200
26.500          0.66449
27.019          0.60579
27.539          0.66756
28.059          0.98289
28.578          1.6104
29.098          1.5245
29.617          0.90326
30.137          0.64658
30.657          0.60868
31.176          0.70044
31.696          1.0889
32.215          1.6659
32.735          1.3878
33.255          0.82160
33.774          0.62852
34.294          0.61855
34.813          0.76730
35.333          1.2692
35.853          1.6851
36.372          1.1925
36.892          0.73709
37.411          0.61373
37.931          0.63507
38.451          0.85319
38.970          1.4472
39.490          1.6505
40.009          1.0448
40.529          0.68612
41.049          0.60679
41.568          0.65049
42.088          0.91947
42.607          1.5479
43.127          1.6012
43.647          0.96877
44.166          0.66351
44.686          0.60519
45.205          0.66450
45.725          0.97236
46.245          1.6043
46.764          1.5435
47.284          0.91606
47.803          0.64964
48.323          0.60699
48.843          0.68804
49.362          1.0509
49.882          1.6534
50.401          1.4394
50.921          0.84875
51.441          0.63411
51.960          0.61425
52.480          0.74063
52.999          1.2019
