0.0000          0.78200
0.51960         0.62343
1.0392          0.60806
1.5588          0.69183
2.0784          1.0587
2.5980          1.7003
3.1176          1.5176
3.6372          0.88523
4.1568          0.64368
4.6764          0.60278
5.1960          0.65368
5.7156          0.92647
6.2352          1.5760
6.7548          1.6581
7.2744          1.0035
7.7940          0.67498
8.3136          0.60519
8.8332          0.63002
9.3528          0.81918
9.8724          1.3968
10.392          1.7536
10.912          1.1742
11.431          0.73010
11.951          0.61480
12.470          0.61456
12.990          0.72866
13.510          1.1701
14.029          1.7528
14.549          1.4016
15.068          0.82148
15.588          0.63053
16.108          0.60502
16.627          0.67335
17.147          0.99766
17.666          1.6535
18.186          1.5840
18.706          0.93252
19.225          0.65537
19.745          0.60294
20.264          0.64163
20.784          0.87558
21.304          1.5024
21.823          1.7113
22.343          1.0750
22.862          0.69709
23.382          0.60913
23.902          0.62156
24.421          0.77026
24.941          1.2829
25.460          1.7698
25.980          1.2874
26.500          0.77208
27.019          0.62191
27.539          0.60890
28.059          0.69558
28.578          1.0701
29.098          1.7088
29.617          1.5087
30.137          0.87939
30.657          0.64259
31.176          0.60289
31.696          0.65356
32.215          0.92504
32.735          1.5749
33.255          1.6633
33.774          1.0080
34.294          0.67653
34.813          0.60563
35.333          0.62868
35.853          0.81090
36.372          1.3790
36.892          1.7597
37.411          1.1934
37.931          0.73690
38.451          0.61605
38.970          0.61332
39.490          0.72075
40.009          1.1468
40.529          1.7457
41.049          1.4271
41.568          0.83395
42.088          0.63295
42.607          0.60432
43.127          0.66830
43.647          0.97995
44.166          1.6368
44.686          1.6033
45.205          0.94853
45.725          0.65957
46.245          0.60327
46.764          0.63852
47.284          0.86134
47.803          1.4782
48.323          1.7235
48.843          1.0973
49.362          0.70422
49.882          0.61032
50.401          0.61982
50.921          0.76014
51.441          1.2568
51.960          1.7679
52.480          1.3122
52.999          0.78200
