0.0000          0.67724
0.51960         1.0162
1.0392          1.6380
1.5588          1.4904
2.0784          0.87843
2.5980          0.64066
3.1176          0.61007
3.6372          0.71249
4.1568          1.1243
4.6764          1.6769
5.1960          1.3479
5.7156          0.80199
6.2352          0.62471
6.7548          0.62173
7.2744          0.78548
7.7940          1.3107
8.3136          1.6793
8.8332          1.1537
9.3528          0.72304
9.8724          0.61182
10.392          0.64025
10.912          0.87596
11.431          1.4825
11.951          1.6285
12.470          1.0123
12.990          0.67631
13.510          0.60665
14.029          0.66089
14.549          0.95848
15.068          1.5861
15.588          1.5478
16.108          0.92305
16.627          0.65158
17.147          0.60825
17.666          0.69387
18.186          1.0683
18.706          1.6554
19.225          1.4084
19.745          0.83292
20.264          0.63089
20.784          0.61791
21.304          0.76256
21.823          1.2567
22.343          1.6815
22.862          1.1995
23.382          0.74003
23.902          0.61440
24.421          0.63641
24.941          0.85880
25.460          1.4544
25.980          1.6390
26.500          1.0320
27.019          0.68237
27.539          0.60718
28.059          0.65768
28.578          0.94653
29.098          1.5740
29.617          1.5610
30.137          0.93451
30.657          0.65453
31.176          0.60751
31.696          0.68712
32.215          1.0473
32.735          1.6472
33.255          1.4375
33.774          0.84898
34.294          0.63428
34.813          0.61502
35.333          0.74484
35.853          1.2123
36.372          1.6849
36.892          1.2483
37.411          0.75905
37.931          0.61720
38.451          0.62986
38.970          0.82837
39.490          1.4017
40.009          1.6659
40.529          1.0814
41.049          0.69793
41.568          0.60807
42.088          0.64478
42.607          0.89621
43.127          1.5177
43.647          1.6257
44.166          0.99659
44.686          0.67141
45.205          0.60500
45.725          0.65460
46.245          0.93587
46.764          1.5708
47.284          1.5931
47.803          0.95657
48.323          0.66010
48.843          0.60450
49.362          0.66296
49.882          0.96700
50.401          1.6029
50.921          1.5578
51.441          0.92530
51.960          0.65189
52.480          0.60555
52.999          0.67724
