0.0000          1.5816
0.51960         0.93565
1.0392          0.68361
1.5588          0.63765
2.0784          0.63697
2.5980          0.67661
3.1176          0.90434
3.6372          1.5305
4.1568          1.8161
4.6764          1.2000
5.1960          0.76188
5.7156          0.65241
6.2352          0.63963
6.7548          0.64981
7.2744          0.74632
7.7940          1.1541
8.3136          1.7959
8.8332          1.5791
9.3528          0.93329
9.8724          0.68286
10.392          0.63737
10.912          0.63681
11.431          0.67705
11.951          0.90716
12.470          1.5362
12.990          1.8148
13.510          1.1943
14.029          0.75971
14.549          0.65203
15.068          0.63963
15.588          0.65009
16.108          0.74799
16.627          1.1593
17.147          1.7989
17.666          1.5736
18.186          0.92967
18.706          0.68203
19.225          0.63729
19.745          0.63689
20.264          0.67778
20.784          0.91045
21.304          1.5417
21.823          1.8126
22.343          1.1892
22.862          0.75806
23.382          0.65183
23.902          0.63973
24.421          0.65042
24.941          0.74943
25.460          1.1632
25.980          1.8004
26.500          1.5697
27.019          0.92754
27.539          0.68171
28.059          0.63746
28.578          0.63712
29.098          0.67814
29.617          0.91137
30.137          1.5429
30.657          1.8122
31.176          1.1885
31.696          0.75795
32.215          0.65202
32.735          0.63998
33.255          0.65052
33.774          0.74886
34.294          1.1613
34.813          1.7997
35.333          1.5721
35.853          0.92902
36.372          0.68215
36.892          0.63766
37.411          0.63724
37.931          0.67765
38.451          0.90868
38.970          1.5384
39.490          1.8142
40.009          1.1929
40.529          0.75947
41.049          0.65235
41.568          0.64009
42.088          0.65032
42.607          0.74711
43.127          1.1558
43.647          1.7969
44.166          1.5781
44.686          0.93284
45.205          0.68305
45.725          0.63781
46.245          0.63724
46.764          0.67694
47.284          0.90502
47.803          1.5315
48.323          1.8160
48.843          1.1994
49.362          0.76183
49.882          0.65261
50.401          0.63990
50.921          0.64997
51.441          0.74585
51.960          1.1520
52.480          1.7941
52.999          1.5816
