0.0000          1.1991
0.51960         1.7600
1.0392          1.3715
1.5588          0.80753
2.0784          0.62796
2.5980          0.60593
3.1176          0.67907
3.6372          1.0170
4.1568          1.6702
4.6764          1.5633
5.1960          0.91658
5.7156          0.65131
6.2352          0.60274
6.7548          0.64509
7.2744          0.89083
7.7940          1.5265
8.3136          1.6967
8.8332          1.0521
9.3528          0.68989
9.8724          0.60784
10.392          0.62377
10.912          0.78343
11.431          1.3156
11.951          1.7686
12.470          1.2548
12.990          0.75946
13.510          0.61980
14.029          0.61030
14.549          0.70347
15.068          1.0947
15.588          1.7229
16.108          1.4825
16.627          0.86377
17.147          0.63915
17.666          0.60321
18.186          0.65804
18.706          0.94231
19.225          1.5963
19.745          1.6450
20.264          0.98789
20.784          0.67065
21.304          0.60472
21.823          0.63147
22.343          0.82590
22.862          1.4108
23.382          1.7514
23.902          1.1629
24.421          0.72623
24.941          0.61426
25.460          0.61506
25.980          0.73097
26.500          1.1765
27.019          1.7551
27.539          1.3962
28.059          0.81886
28.578          0.63008
29.098          0.60515
29.617          0.67394
30.137          0.99945
30.657          1.6552
31.176          1.5825
31.696          0.93124
32.215          0.65502
32.735          0.60292
33.255          0.64195
33.774          0.87699
34.294          1.5046
34.813          1.7095
35.333          1.0723
35.853          0.69617
36.372          0.60889
36.892          0.62199
37.411          0.77313
37.931          1.2901
38.451          1.7688
38.970          1.2788
39.490          0.76863
40.009          0.62119
40.529          0.60940
41.049          0.69930
41.568          1.0822
42.088          1.7147
42.607          1.4930
43.127          0.87006
43.647          0.64031
44.166          0.60306
44.686          0.65783
45.205          0.94239
45.725          1.5956
46.245          1.6413
46.764          0.98522
47.284          0.66967
47.803          0.60441
48.323          0.63270
48.843          0.83320
49.362          1.4255
49.882          1.7447
50.401          1.1467
50.921          0.72063
51.441          0.61318
51.960          0.61626
52.480          0.73885
52.999          1.1991
