0.0000          1.3210
0.51960         0.78560
1.0392          0.62406
1.5588          0.60770
2.0784          0.68968
2.5980          1.0518
3.1176          1.6959
3.6372          1.5254
4.1568          0.89025
4.6764          0.64488
5.1960          0.60273
5.7156          0.65206
6.2352          0.91996
6.7548          1.5676
7.2744          1.6656
7.7940          1.0119
8.3136          0.67751
8.8332          0.60562
9.3528          0.62873
9.8724          0.81208
10.392          1.3818
10.912          1.7580
11.431          1.1890
11.951          0.73528
12.470          0.61570
12.990          0.61364
13.510          0.72318
14.029          1.1544
14.549          1.7485
15.068          1.4181
15.588          0.82935
16.108          0.63204
16.627          0.60454
17.147          0.67004
17.666          0.98634
18.186          1.6437
18.706          1.5962
19.225          0.94216
19.745          0.65787
20.264          0.60311
20.784          0.63959
21.304          0.86640
21.823          1.4874
22.343          1.7197
22.862          1.0892
23.382          0.70163
23.902          0.60992
24.421          0.62032
24.941          0.76291
25.460          1.2641
25.980          1.7692
26.500          1.3061
27.019          0.77954
27.539          0.62313
28.059          0.60818
28.578          0.69173
29.098          1.0580
29.617          1.7009
30.137          1.5209
30.657          0.88715
31.176          0.64431
31.696          0.60279
32.215          0.65182
32.735          0.91836
33.255          1.5660
33.774          1.6695
34.294          1.0157
34.813          0.67877
35.333          0.60595
35.853          0.62783
36.372          0.80646
36.892          1.3692
37.411          1.7614
37.931          1.2024
38.451          0.74011
38.970          0.61656
39.490          0.61286
40.009          0.71824
40.529          1.1395
41.049          1.7430
41.568          1.4346
42.088          0.83767
42.607          0.63367
43.127          0.60414
43.647          0.66702
44.166          0.97550
44.686          1.6326
45.205          1.6081
45.725          0.95249
46.245          0.66063
46.764          0.60337
47.284          0.63774
47.803          0.85764
48.323          1.4718
48.843          1.7269
49.362          1.1035
49.882          0.70620
50.401          0.61068
50.921          0.61929
51.441          0.75690
51.960          1.2483
52.480          1.7675
52.999          1.3210
