0.0000          1.1643
0.51960         1.7496
1.0392          1.4076
1.5588          0.82466
2.0784          0.63115
2.5980          0.60491
3.1176          0.67255
3.6372          0.99457
4.1568          1.6495
4.6764          1.5877
5.1960          0.93612
5.7156          0.65640
6.2352          0.60308
6.7548          0.64085
7.2744          0.87172
7.7940          1.4956
8.3136          1.7153
8.8332          1.0820
9.3528          0.69943
9.8724          0.60960
10.392          0.62086
10.912          0.76578
11.431          1.2713
11.951          1.7699
12.470          1.2998
12.990          0.77705
13.510          0.62279
14.029          0.60837
14.549          0.69225
15.068          1.0594
15.588          1.7024
16.108          1.5210
16.627          0.88710
17.147          0.64441
17.666          0.60281
18.186          0.65107
18.706          0.91489
19.225          1.5616
19.745          1.6747
20.264          1.0214
20.784          0.68058
21.304          0.60635
21.823          0.62684
22.343          0.80045
22.862          1.3555
23.382          1.7645
23.902          1.2167
24.421          0.74531
24.941          0.61748
25.460          0.61209
25.980          0.71346
26.500          1.1249
27.019          1.7369
27.539          1.4505
28.059          0.84626
28.578          0.63546
29.098          0.60383
29.617          0.66406
30.137          0.96456
30.657          1.6204
31.176          1.6196
31.696          0.96412
32.215          0.66390
32.735          0.60376
33.255          0.63589
33.774          0.84858
34.294          1.4544
34.813          1.7329
35.333          1.1198
35.853          0.71179
36.372          0.61161
36.892          0.61822
37.411          0.75069
37.931          1.2315
38.451          1.7645
38.970          1.3373
39.490          0.79266
40.009          0.62523
40.529          0.60719
41.049          0.68718
41.568          1.0440
42.088          1.6897
42.607          1.5319
43.127          0.89480
43.647          0.64583
44.166          0.60268
44.686          0.65175
45.205          0.91916
45.725          1.5661
46.245          1.6645
46.764          1.0115
47.284          0.67732
47.803          0.60552
48.323          0.62923
48.843          0.81505
49.362          1.3876
49.882          1.7550
50.401          1.1824
50.921          0.73299
51.441          0.61526
51.960          0.61423
52.480          0.72692
52.999          1.1643
