0.0000          1.0988
0.51960         0.71270
1.0392          0.62201
1.5588          0.61640
2.0784          0.67551
2.5980          0.96760
3.1176          1.6399
3.6372          1.7138
4.1568          1.0391
4.6764          0.69557
5.1960          0.62008
5.7156          0.61867
6.2352          0.68602
6.7548          1.0048
7.2744          1.6816
7.7940          1.6782
8.3136          1.0015
8.8332          0.68509
9.3528          0.61849
9.8724          0.62023
10.392          0.69677
10.912          1.0434
11.431          1.7174
11.951          1.6348
12.470          0.96348
12.990          0.67434
13.510          0.61612
14.029          0.62227
14.549          0.71505
15.068          1.1067
15.588          1.7606
16.108          1.5579
16.627          0.90848
17.147          0.65929
17.666          0.61267
18.186          0.62743
18.706          0.75421
19.225          1.2267
19.745          1.8037
20.264          1.4177
20.784          0.83170
21.304          0.64104
21.823          0.61018
22.343          0.63975
22.862          0.82534
23.382          1.4040
23.902          1.8054
24.421          1.2384
24.941          0.75820
25.460          0.62773
25.980          0.61217
26.500          0.65858
27.019          0.90711
27.539          1.5559
28.059          1.7594
28.578          1.1058
29.098          0.71431
29.617          0.62151
30.137          0.61575
30.657          0.67650
31.176          0.97399
31.696          1.6475
32.215          1.7033
32.735          1.0278
33.255          0.69153
33.774          0.61842
34.294          0.61867
34.813          0.69320
35.333          1.0337
35.853          1.7085
36.372          1.6408
36.892          0.96840
37.411          0.67495
37.931          0.61544
38.451          0.62189
38.970          0.71722
39.490          1.1154
40.009          1.7646
40.529          1.5446
41.049          0.89996
41.568          0.65676
42.088          0.61184
42.607          0.62863
43.127          0.76392
43.647          1.2542
44.166          1.8079
44.686          1.3870
45.205          0.81767
45.725          0.63823
46.245          0.61024
46.764          0.64267
47.284          0.83936
47.803          1.4336
48.323          1.8006
48.843          1.2123
49.362          0.74921
49.882          0.62671
50.401          0.61302
50.921          0.66094
51.441          0.91472
51.960          1.5675
52.480          1.7561
52.999          1.0988
