0.0000          0.65363
0.51960         0.92534
1.0392          1.5753
1.5588          1.6629
2.0784          1.0076
2.5980          0.67641
3.1176          0.60561
3.6372          0.62873
4.1568          0.81121
4.6764          1.3796
5.1960          1.7595
5.7156          1.1928
6.2352          0.73672
6.7548          0.61603
7.2744          0.61336
7.7940          0.72091
8.3136          1.1472
8.8332          1.7456
9.3528          1.4269
9.8724          0.83404
10.392          0.63302
10.912          0.60437
11.431          0.66833
11.951          0.97981
12.470          1.6360
12.990          1.6032
13.510          0.94946
14.029          0.65992
14.549          0.60335
15.068          0.63851
15.588          0.86111
16.108          1.4771
16.627          1.7229
17.147          1.0985
17.666          0.70479
18.186          0.61041
18.706          0.61980
19.225          0.76009
19.745          1.2565
20.264          1.7674
20.784          1.3124
21.304          0.78224
21.823          0.62349
22.343          0.60806
22.862          0.69181
23.382          1.0586
23.902          1.7002
24.421          1.5177
24.941          0.88531
25.460          0.64371
25.980          0.60278
26.500          0.65364
27.019          0.92632
27.539          1.5758
28.059          1.6583
28.578          1.0037
29.098          0.67505
29.617          0.60521
30.137          0.63000
30.657          0.81904
31.176          1.3964
31.696          1.7536
32.215          1.1746
32.735          0.73023
33.255          0.61482
33.774          0.61458
34.294          0.72884
34.813          1.1703
35.333          1.7522
35.853          1.4015
36.372          0.82155
36.892          0.63054
37.411          0.60506
37.931          0.67363
38.451          0.99836
38.970          1.6533
39.490          1.5833
40.009          0.93235
40.529          0.65536
41.049          0.60297
41.568          0.64176
42.088          0.87601
42.607          1.5027
43.127          1.7109
43.647          1.0747
44.166          0.69703
44.686          0.60912
45.205          0.62159
45.725          0.77042
46.245          1.2833
46.764          1.7698
47.284          1.2871
47.803          0.77197
48.323          0.62189
48.843          0.60892
49.362          0.69566
49.882          1.0704
50.401          1.7090
50.921          1.5084
51.441          0.87919
51.960          0.64254
52.480          0.60289
52.999          0.65363
