0.0000          0.61462
0.51960         0.72888
1.0392          1.1703
1.5588          1.7523
2.0784          1.4018
2.5980          0.82175
3.1176          0.63060
3.6372          0.60503
4.1568          0.67338
4.6764          0.99753
5.1960          1.6527
5.7156          1.5842
6.2352          0.93306
6.7548          0.65553
7.2744          0.60297
7.7940          0.64166
8.3136          0.87560
8.8332          1.5020
9.3528          1.7109
9.8724          1.0751
10.392          0.69711
10.912          0.60910
11.431          0.62165
11.951          0.77090
12.470          1.2844
12.990          1.7693
13.510          1.2855
14.029          0.77131
14.549          0.62173
15.068          0.60904
15.588          0.69665
16.108          1.0736
16.627          1.7105
17.147          1.5040
17.666          0.87659
18.186          0.64190
18.706          0.60293
19.225          0.65485
19.745          0.93037
20.264          1.5815
20.784          1.6566
21.304          1.0008
21.823          0.67433
22.343          0.60522
22.862          0.62987
23.382          0.81768
23.902          1.3936
24.421          1.7556
24.941          1.1788
25.460          0.73174
25.980          0.61515
26.500          0.61419
27.019          0.72604
27.539          1.1623
28.059          1.7506
28.578          1.4105
29.098          0.82583
29.617          0.63139
30.137          0.60477
30.657          0.67145
31.176          0.99095
31.696          1.6472
32.215          1.5914
32.735          0.93869
33.255          0.65699
33.774          0.60306
34.294          0.64047
34.813          0.87028
35.333          1.4933
35.853          1.7156
36.372          1.0832
36.892          0.69971
37.411          0.60954
37.931          0.62098
38.451          0.76702
38.970          1.2746
39.490          1.7689
40.009          1.2948
40.529          0.77504
41.049          0.62231
41.568          0.60870
42.088          0.69508
42.607          1.0688
43.127          1.7072
43.647          1.5080
44.166          0.87911
44.686          0.64238
45.205          0.60288
45.725          0.65475
46.245          0.93029
46.764          1.5811
47.284          1.6553
47.803          0.99992
48.323          0.67401
48.843          0.60511
49.362          0.63030
49.882          0.82023
50.401          1.3988
50.921          1.7534
51.441          1.1730
51.960          0.72971
52.480          0.61476
52.999          0.61462
