0.0000          0.61833
0.51960         0.68461
1.0392          0.99995
1.5588          1.6766
2.0784          1.6828
2.5980          1.0059
3.1176          0.68629
3.6372          0.61865
4.1568          0.62001
4.6764          0.69544
5.1960          1.0388
5.7156          1.7135
6.2352          1.6399
6.7548          0.96764
7.2744          0.67547
7.7940          0.61634
8.3136          0.62199
8.8332          0.71290
9.3528          1.0996
9.8724          1.7568
10.392          1.5664
10.912          0.91382
11.431          0.66065
11.951          0.61292
12.470          0.62675
12.990          0.74987
13.510          1.2146
14.029          1.8021
14.549          1.4309
15.068          0.83734
15.588          0.64214
16.108          0.61013
16.627          0.63838
17.147          0.81880
17.666          1.3906
18.186          1.8100
18.706          1.2502
19.225          0.76138
19.745          0.62814
20.264          0.61187
20.784          0.65699
21.304          0.90093
21.823          1.5474
22.343          1.7656
22.862          1.1127
23.382          0.71613
23.902          0.62181
24.421          0.61555
24.941          0.67493
25.460          0.96794
25.980          1.6406
26.500          1.7097
27.019          1.0346
27.539          0.69351
28.059          0.61882
28.578          0.61840
29.098          0.69073
29.617          1.0247
30.137          1.7006
30.657          1.6516
31.176          0.97745
31.696          0.67755
32.215          0.61607
32.735          0.62123
33.255          0.71157
33.774          1.0972
34.294          1.7560
34.813          1.5664
35.333          0.91330
35.853          0.66018
36.372          0.61249
36.892          0.62669
37.411          0.75175
37.931          1.2229
38.451          1.8052
38.970          1.4202
39.490          0.83246
40.009          0.64114
40.529          0.61008
41.049          0.63923
41.568          0.82346
42.088          1.4022
42.607          1.8076
43.127          1.2406
43.647          0.75901
44.166          0.62809
44.686          0.61229
45.205          0.65762
45.725          0.90231
46.245          1.5489
46.764          1.7650
47.284          1.1141
47.803          0.71722
48.323          0.62248
48.843          0.61584
49.362          0.67334
49.882          0.96010
50.401          1.6307
50.921          1.7201
51.441          1.0466
51.960          0.69762
52.480          0.62027
52.999          0.61833
