0.0000          1.6416
0.51960         1.0262
1.0392          0.68033
1.5588          0.60615
2.0784          0.65284
2.5980          0.92881
3.1176          1.5596
3.6372          1.5928
4.1568          0.95945
4.6764          0.66093
5.1960          0.60522
5.7156          0.66720
6.2352          0.98187
6.7548          1.6122
7.2744          1.5315
7.7940          0.90709
8.3136          0.64744
8.8332          0.60772
9.3528          0.69400
9.8724          1.0693
10.392          1.6605
10.912          1.4150
11.431          0.83553
11.951          0.63134
12.470          0.61628
12.990          0.75338
13.510          1.2345
14.029          1.6857
14.549          1.2259
15.068          0.74997
15.588          0.61577
16.108          0.63256
16.627          0.84122
17.147          1.4247
17.666          1.6545
18.186          1.0593
18.706          0.69082
19.225          0.60761
19.745          0.65079
20.264          0.92028
20.784          1.5463
21.304          1.5937
21.823          0.96405
22.343          0.66230
22.862          0.60601
23.382          0.67104
23.902          0.99483
24.421          1.6188
24.941          1.5079
25.460          0.89188
25.980          0.64388
26.500          0.60992
27.019          0.70959
27.539          1.1157
28.059          1.6724
28.578          1.3541
29.098          0.80521
29.617          0.62535
30.137          0.62150
30.657          0.78424
31.176          1.3084
31.696          1.6804
32.215          1.1557
32.735          0.72365
33.255          0.61180
33.774          0.63907
34.294          0.87117
34.813          1.4768
35.333          1.6369
35.853          1.0208
36.372          0.67874
36.892          0.60623
37.411          0.65528
37.931          0.93808
38.451          1.5689
38.970          1.5796
39.490          0.94794
40.009          0.65788
40.529          0.60584
41.049          0.67406
41.568          1.0053
42.088          1.6278
42.607          1.4980
43.127          0.88454
43.647          0.64212
44.166          0.61011
44.686          0.71195
45.205          1.1228
45.725          1.6756
46.245          1.3479
46.764          0.80203
47.284          0.62471
47.803          0.62157
48.323          0.78490
48.843          1.3104
49.362          1.6819
49.882          1.1557
50.401          0.72353
50.921          0.61169
51.441          0.63835
51.960          0.86810
52.480          1.4727
52.999          1.6416
