0.0000          1.7375
0.51960         1.0764
1.0392          0.70351
1.5588          0.61748
2.0784          0.61581
2.5980          0.69296
3.1176          1.0408
3.6372          1.7120
4.1568          1.6186
4.6764          0.95142
5.1960          0.66875
5.7156          0.61250
6.2352          0.62353
6.7548          0.73914
7.2744          1.1863
7.7940          1.7912
8.3136          1.4585
8.8332          0.85228
9.3528          0.64566
9.8724          0.61054
10.392          0.63583
10.912          0.80481
11.431          1.3573
11.951          1.8131
12.470          1.2874
12.990          0.77772
13.510          0.63269
14.029          0.61291
14.549          0.65037
15.068          0.86536
15.588          1.4826
16.108          1.7961
16.627          1.1806
17.147          0.74036
17.666          0.62825
18.186          0.61619
18.706          0.65947
19.225          0.89570
19.745          1.5345
20.264          1.7830
20.784          1.1420
21.304          0.72854
21.823          0.62758
22.343          0.61800
22.862          0.66241
23.382          0.90251
23.902          1.5439
24.421          1.7800
24.941          1.1367
25.460          0.72700
25.980          0.62730
26.500          0.61809
27.019          0.66329
27.539          0.90617
28.059          1.5487
28.578          1.7745
29.098          1.1303
29.617          0.72434
30.137          0.62568
30.657          0.61715
31.176          0.66619
31.696          0.92300
32.215          1.5756
32.735          1.7566
33.255          1.1006
33.774          0.71386
34.294          0.62260
34.813          0.61668
35.333          0.67411
35.853          0.96021
36.372          1.6286
36.892          1.7182
37.411          1.0464
37.931          0.69654
38.451          0.61866
38.970          0.61773
39.490          0.69028
40.009          1.0246
40.529          1.6988
41.049          1.6451
41.568          0.97230
42.088          0.67461
42.607          0.61382
43.127          0.62177
43.647          0.72546
44.166          1.1443
44.686          1.7748
45.205          1.5006
45.725          0.87342
46.245          0.64846
46.764          0.60883
47.284          0.63390
47.803          0.80371
48.323          1.3572
48.843          1.8044
49.362          1.2720
49.882          0.76928
50.401          0.62755
50.921          0.60995
51.441          0.65932
51.960          0.91913
52.480          1.5749
52.999          1.7375
