0.0000          1.3660
0.51960         0.80850
1.0392          0.63651
1.5588          0.61040
2.0784          0.64469
2.5980          0.84844
3.1176          1.4519
3.6372          1.7965
4.1568          1.1962
4.6764          0.74365
5.1960          0.62588
5.7156          0.61339
6.2352          0.66291
6.7548          0.92233
7.2744          1.5789
7.7940          1.7502
8.3136          1.0891
8.8332          0.70973
9.3528          0.62155
9.8724          0.61667
10.392          0.67734
10.912          0.97455
11.431          1.6482
11.951          1.7068
12.470          1.0311
12.990          0.69319
13.510          0.61958
14.029          0.61890
14.549          0.68861
15.068          1.0147
15.588          1.6915
16.108          1.6666
16.627          0.99065
17.147          0.68188
17.666          0.61765
18.186          0.62067
18.706          0.70205
19.225          1.0626
19.745          1.7323
20.264          1.6111
20.784          0.94512
21.304          0.66911
21.823          0.61479
22.343          0.62368
22.862          0.72731
23.382          1.1465
23.902          1.7796
24.421          1.5097
24.941          0.87940
25.460          0.65191
25.980          0.61128
26.500          0.63137
27.019          0.77947
27.539          1.2950
28.059          1.8117
28.578          1.3450
29.098          0.79951
29.617          0.63478
30.137          0.61053
30.657          0.64688
31.176          0.85844
31.696          1.4714
32.215          1.7909
32.735          1.1784
33.255          0.73752
33.774          0.62479
34.294          0.61369
34.813          0.66563
35.333          0.93353
35.853          1.5952
36.372          1.7398
36.892          1.0739
37.411          0.70493
37.931          0.62052
38.451          0.61697
38.970          0.68145
39.490          0.99100
40.009          1.6668
40.529          1.6880
41.049          1.0114
41.568          0.68717
42.088          0.61800
42.607          0.61949
43.127          0.69709
43.647          1.0466
44.166          1.7195
44.686          1.6273
45.205          0.95754
45.725          0.67216
46.245          0.61508
46.764          0.62269
47.284          0.72201
47.803          1.1304
48.323          1.7721
48.843          1.5276
49.362          0.88975
49.882          0.65432
50.401          0.61153
50.921          0.62995
51.441          0.77156
51.960          1.2745
52.480          1.8102
52.999          1.3660
