0.0000          0.64973
0.51960         0.60272
1.0392          0.64662
1.5588          0.89722
2.0784          1.5358
2.5980          1.6896
3.1176          1.0431
3.6372          0.68709
4.1568          0.60728
4.6764          0.62492
5.1960          0.79033
5.7156          1.3320
6.2352          1.7660
6.7548          1.2379
7.2744          0.75321
7.7940          0.61870
8.3136          0.61119
8.8332          0.70901
9.3528          1.1119
9.8724          1.7305
10.392          1.4628
10.912          0.85284
11.431          0.63673
11.951          0.60356
12.470          0.66244
12.990          0.95915
13.510          1.6150
14.029          1.6248
14.549          0.96836
15.068          0.66499
15.588          0.60386
16.108          0.63510
16.627          0.84491
17.147          1.4482
17.666          1.7369
18.186          1.1258
18.706          0.71364
19.225          0.61200
19.745          0.61762
20.264          0.74678
20.784          1.2209
21.304          1.7641
21.823          1.3495
22.343          0.79782
22.862          0.62624
23.382          0.60666
23.902          0.68333
24.421          1.0310
24.941          1.6811
25.460          1.5484
25.980          0.90593
26.500          0.64869
27.019          0.60270
27.539          0.64767
28.059          0.90171
28.578          1.5425
29.098          1.6854
29.617          1.0367
30.137          0.68511
30.657          0.60697
31.176          0.62553
31.696          0.79374
32.215          1.3401
32.735          1.7657
33.255          1.2303
33.774          0.75026
34.294          0.61823
34.813          0.61150
35.333          0.71059
35.853          1.1166
36.372          1.7331
36.892          1.4585
37.411          0.85043
37.931          0.63627
38.451          0.60363
38.970          0.66274
39.490          0.96006
40.009          1.6162
40.529          1.6249
41.049          0.96812
41.568          0.66498
42.088          0.60390
42.607          0.63486
43.127          0.84349
43.647          1.4456
44.166          1.7387
44.686          1.1290
45.205          0.71471
45.725          0.61224
46.245          0.61730
46.764          0.74461
47.284          1.2150
47.803          1.7637
48.323          1.3560
48.843          0.80058
49.362          0.62675
49.882          0.60641
50.401          0.68172
50.921          1.0256
51.441          1.6772
51.960          1.5545
52.480          0.91014
52.999          0.64973
