0.0000          1.6587
0.51960         1.0045
1.0392          0.67524
1.5588          0.60519
2.0784          0.63002
2.5980          0.81939
3.1176          1.3974
3.6372          1.7533
4.1568          1.1733
4.6764          0.72979
5.1960          0.61474
5.7156          0.61462
6.2352          0.72911
6.7548          1.1716
7.2744          1.7534
7.7940          1.3999
8.3136          0.82061
8.8332          0.63037
9.3528          0.60506
9.8724          0.67361
10.392          0.99857
10.912          1.6546
11.431          1.5832
11.951          0.93171
12.470          0.65517
12.990          0.60293
13.510          0.64167
14.029          0.87574
14.549          1.5029
15.068          1.7115
15.588          1.0749
16.108          0.69709
16.627          0.60915
17.147          0.62149
17.666          0.76975
18.186          1.2816
18.706          1.7701
19.225          1.2891
19.745          0.77275
20.264          0.62205
20.784          0.60881
21.304          0.69482
21.823          1.0676
22.343          1.7076
22.862          1.5120
23.382          0.88137
23.902          0.64308
24.421          0.60287
24.941          0.65272
25.460          0.92158
25.980          1.5705
26.500          1.6675
27.019          1.0127
27.539          0.67795
28.059          0.60589
28.578          0.62795
29.098          0.80676
29.617          1.3699
30.137          1.7619
30.657          1.2025
31.176          0.74013
31.696          0.61660
32.215          0.61281
32.735          0.71771
33.255          1.1378
33.774          1.7425
34.294          1.4368
34.813          0.83879
35.333          0.63390
35.853          0.60409
36.372          0.66655
36.892          0.97374
37.411          1.6307
37.931          1.6099
38.451          0.95425
38.970          0.66109
39.490          0.60342
40.009          0.63749
40.529          0.85647
41.049          1.4696
41.568          1.7276
42.088          1.1052
42.607          0.70675
43.127          0.61075
43.647          0.61923
44.166          0.75666
44.686          1.2476
45.205          1.7671
45.725          1.3212
46.245          0.78563
46.764          0.62401
47.284          0.60775
47.803          0.69031
48.323          1.0540
48.843          1.6968
49.362          1.5219
49.882          0.88805
50.401          0.64428
50.921          0.60274
51.441          0.65329
51.960          0.92516
52.480          1.5741
52.999          1.6587
