0.0000          0.60794
0.51960         0.69314
1.0392          1.0666
1.5588          1.6573
2.0784          1.4142
2.5980          0.83552
3.1176          0.63136
3.6372          0.61656
4.1568          0.75517
4.6764          1.2395
5.1960          1.6864
5.7156          1.2211
6.2352          0.74807
6.7548          0.61540
7.2744          0.63216
7.7940          0.83962
8.3136          1.4233
8.8332          1.6602
9.3528          1.0646
9.8724          0.69242
10.392          0.60737
10.912          0.64676
11.431          0.90448
11.951          1.5294
12.470          1.6185
12.990          0.98716
13.510          0.66867
14.029          0.60489
14.549          0.65693
15.068          0.94471
15.588          1.5801
16.108          1.5821
16.627          0.94665
17.147          0.65744
17.666          0.60484
18.186          0.66787
18.706          0.98439
19.225          1.6164
19.745          1.5331
20.264          0.90715
20.784          0.64741
21.304          0.60713
21.823          0.69048
22.343          1.0586
22.862          1.6579
23.382          1.4313
23.902          0.84394
24.421          0.63306
24.941          0.61476
25.460          0.74399
25.980          1.2106
26.500          1.6863
27.019          1.2503
27.539          0.75947
28.059          0.61724
28.578          0.63035
29.098          0.83066
29.617          1.4051
30.137          1.6602
30.657          1.0738
31.176          0.69544
31.696          0.60819
32.215          0.64940
32.735          0.91464
33.255          1.5386
33.774          1.5971
34.294          0.96869
34.813          0.66360
35.333          0.60623
35.853          0.67122
36.372          0.99527
36.892          1.6178
37.411          1.5047
37.931          0.89022
38.451          0.64352
38.970          0.61051
39.490          0.71319
40.009          1.1259
40.529          1.6733
41.049          1.3397
41.568          0.79862
42.088          0.62415
42.607          0.62322
43.127          0.79357
43.647          1.3288
44.166          1.6751
44.686          1.1353
45.205          0.71648
45.725          0.61095
46.245          0.64248
46.764          0.88575
47.284          1.4981
47.803          1.6214
48.323          1.0004
48.843          0.67273
49.362          0.60630
49.882          0.66243
50.401          0.96443
50.921          1.5932
51.441          1.5436
51.960          0.91868
52.480          0.65041
52.999          0.60794
