0.0000          0.86447
0.51960         0.63911
1.0392          0.60320
1.5588          0.65937
2.0784          0.94811
2.5980          1.6023
3.1176          1.6355
3.6372          0.97912
4.1568          0.66795
4.6764          0.60418
5.1960          0.63361
5.7156          0.83779
6.2352          1.4346
6.7548          1.7416
7.2744          1.1381
7.7940          0.71774
8.3136          0.61268
8.8332          0.61683
9.3528          0.74221
9.8724          1.2084
10.392          1.7619
10.912          1.3619
11.431          0.80323
11.951          0.62719
12.470          0.60624
12.990          0.68096
13.510          1.0233
14.029          1.6752
14.549          1.5566
15.068          0.91163
15.588          0.65008
16.108          0.60271
16.627          0.64625
17.147          0.89577
17.666          1.5340
18.186          1.6917
18.706          1.0450
19.225          0.68767
19.745          0.60744
20.264          0.62453
20.784          0.78786
21.304          1.3263
21.823          1.7677
22.343          1.2442
22.862          0.75544
23.382          0.61913
23.902          0.61079
24.421          0.70627
24.941          1.1034
25.460          1.7272
25.980          1.4733
26.500          0.85850
27.019          0.63801
27.539          0.60335
28.059          0.65970
28.578          0.94860
29.098          1.6037
29.617          1.6382
30.137          0.98087
30.657          0.66863
31.176          0.60443
31.696          0.63256
32.215          0.83157
32.735          1.4223
33.255          1.7477
33.774          1.1518
34.294          0.72244
34.813          0.61361
35.333          0.61574
35.853          0.73502
36.372          1.1880
36.892          1.7582
37.411          1.3841
37.931          0.81323
38.451          0.62903
38.970          0.60550
39.490          0.67619
40.009          1.0071
40.529          1.6620
41.049          1.5743
41.568          0.92477
42.088          0.65335
42.607          0.60282
43.127          0.64331
43.647          0.88305
44.166          1.5143
44.686          1.7037
45.205          1.0631
45.725          0.69324
46.245          0.60837
46.764          0.62286
47.284          0.77827
47.803          1.3030
48.323          1.7685
48.843          1.2661
49.362          0.76369
49.882          0.62038
50.401          0.60994
50.921          0.70227
51.441          1.0913
51.960          1.7199
52.480          1.4835
52.999          0.86447
