0.0000          1.7664
0.51960         1.3282
1.0392          0.78863
1.5588          0.62456
2.0784          0.60747
2.5980          0.68855
3.1176          1.0482
3.6372          1.6931
4.1568          1.5285
4.6764          0.89235
5.1960          0.64532
5.7156          0.60270
6.2352          0.65188
6.7548          0.91940
7.2744          1.5667
7.7940          1.6654
8.3136          1.0120
8.8332          0.67752
9.3528          0.60559
9.8724          0.62889
10.392          0.81308
10.912          1.3837
11.431          1.7568
11.951          1.1868
12.470          0.73453
12.990          0.61555
13.510          0.61384
14.029          0.72450
14.549          1.1581
15.068          1.7489
15.588          1.4142
16.108          0.82765
16.627          0.63172
17.147          0.60468
17.666          0.67097
18.186          0.98943
18.706          1.6459
19.225          1.5929
19.745          0.93987
20.264          0.65731
20.784          0.60310
21.304          0.64009
21.823          0.86853
22.343          1.4906
22.862          1.7178
23.382          1.0863
23.902          0.70074
24.421          0.60979
24.941          0.62055
25.460          0.76414
25.980          1.2672
26.500          1.7694
27.019          1.3034
27.539          0.77848
28.059          0.62299
28.578          0.60827
29.098          0.69196
29.617          1.0586
30.137          1.7015
30.657          1.5210
31.176          0.88712
31.696          0.64436
32.215          0.60280
32.735          0.65149
33.255          0.91682
33.774          1.5640
34.294          1.6718
34.813          1.0182
35.333          0.67957
35.853          0.60613
36.372          0.62739
36.892          0.80379
37.411          1.3631
37.931          1.7628
38.451          1.2087
38.970          0.74238
39.490          0.61696
40.009          0.61252
40.529          0.71616
41.049          1.1332
41.568          1.7404
42.088          1.4415
42.607          0.84133
43.127          0.63442
43.647          0.60399
44.166          0.66575
44.686          0.97085
45.205          1.6276
45.725          1.6130
46.245          0.95724
46.764          0.66194
47.284          0.60352
47.803          0.63695
48.323          0.85378
48.843          1.4645
49.362          1.7298
49.882          1.1102
50.401          0.70843
50.921          0.61106
51.441          0.61883
51.960          0.75421
52.480          1.2410
52.999          1.7664
