0.0000          0.85994
0.51960         0.63823
1.0392          0.60332
1.5588          0.65996
2.0784          0.94993
2.5980          1.6049
3.1176          1.6352
3.6372          0.97837
4.1568          0.66784
4.6764          0.60425
5.1960          0.63330
5.7156          0.83578
6.2352          1.4306
6.7548          1.7440
7.2744          1.1430
7.7940          0.71941
8.3136          0.61304
8.8332          0.61639
9.3528          0.73923
9.8724          1.2000
10.392          1.7606
10.912          1.3713
11.431          0.80741
11.951          0.62797
12.470          0.60591
12.990          0.67879
13.510          1.0159
14.029          1.6694
14.549          1.5649
15.068          0.91766
15.588          0.65159
16.108          0.60275
16.627          0.64481
17.147          0.88952
17.666          1.5245
18.186          1.6978
18.706          1.0539
19.225          0.69042
19.745          0.60791
20.264          0.62366
20.784          0.78286
21.304          1.3142
21.823          1.7683
22.343          1.2557
22.862          0.75973
23.382          0.61978
23.902          0.61033
24.421          0.70404
24.941          1.0966
25.460          1.7233
25.980          1.4793
26.500          0.86195
27.019          0.63866
27.539          0.60326
28.059          0.65936
28.578          0.94768
29.098          1.6023
29.617          1.6376
30.137          0.98070
30.657          0.66848
31.176          0.60433
31.696          0.63296
32.215          0.83408
32.735          1.4273
33.255          1.7451
33.774          1.1459
34.294          0.72039
34.813          0.61319
35.333          0.61622
35.853          0.73830
36.372          1.1974
36.892          1.7599
37.411          1.3737
37.931          0.80847
38.451          0.62813
38.970          0.60585
39.490          0.67859
40.009          1.0153
40.529          1.6687
41.049          1.5649
41.568          0.91780
42.088          0.65159
42.607          0.60274
43.127          0.64498
43.647          0.89040
44.166          1.5258
44.686          1.6965
45.205          1.0523
45.725          0.68989
46.245          0.60779
46.764          0.62389
47.284          0.78433
47.803          1.3178
48.323          1.7680
48.843          1.2519
49.362          0.75830
49.882          0.61954
50.401          0.61051
50.921          0.70508
51.441          1.0999
51.960          1.7250
52.480          1.4757
52.999          0.85994
