0.0000          0.69221
0.51960         1.0635
1.0392          1.6551
1.5588          1.4170
2.0784          0.83725
2.5980          0.63175
3.1176          0.61671
3.6372          0.75565
4.1568          1.2401
4.6764          1.6844
5.1960          1.2184
5.7156          0.74715
6.2352          0.61536
6.7548          0.63341
7.2744          0.84525
7.7940          1.4322
8.3136          1.6525
8.8332          1.0536
9.3528          0.68901
9.8724          0.60734
10.392          0.65097
10.912          0.92115
11.431          1.5483
11.951          1.5951
12.470          0.96441
12.990          0.66237
13.510          0.60569
14.029          0.66898
14.549          0.98793
15.068          1.6150
15.588          1.5196
16.108          0.89946
16.627          0.64565
17.147          0.60878
17.666          0.70172
18.186          1.0928
18.706          1.6677
19.225          1.3842
19.745          0.81970
20.264          0.62813
20.784          0.61862
21.304          0.76785
21.823          1.2706
22.343          1.6859
22.862          1.1922
23.382          0.73695
23.902          0.61367
24.421          0.63471
24.941          0.85158
25.460          1.4448
25.980          1.6530
26.500          1.0480
27.019          0.68711
27.539          0.60678
28.059          0.64916
28.578          0.91425
29.098          1.5420
29.617          1.6085
30.137          0.97578
30.657          0.66544
31.176          0.60494
31.696          0.66084
32.215          0.95919
32.735          1.5936
33.255          1.5625
33.774          0.93044
34.294          0.65323
34.813          0.60582
35.333          0.67786
35.853          1.0181
36.372          1.6376
36.892          1.4848
37.411          0.87539
37.931          0.63999
38.451          0.61079
38.970          0.71715
39.490          1.1375
40.009          1.6786
40.529          1.3310
41.049          0.79423
41.568          0.62328
42.088          0.62328
42.607          0.79405
43.127          1.3300
43.647          1.6767
44.166          1.1364
44.686          0.71679
45.205          0.61092
45.725          0.64188
46.245          0.88324
46.764          1.4944
47.284          1.6242
47.803          1.0040
48.323          0.67376
48.843          0.60632
49.362          0.66153
49.882          0.96105
50.401          1.5898
50.921          1.5473
51.441          0.92176
51.960          0.65120
52.480          0.60790
52.999          0.69221
