0.0000          0.61497
0.51960         0.74531
1.0392          1.2140
1.5588          1.6862
2.0784          1.2465
2.5980          0.75784
3.1176          0.61699
3.6372          0.63098
4.1568          0.83364
4.6764          1.4105
5.1960          1.6573
5.7156          1.0680
6.2352          0.69351
6.7548          0.60811
7.2744          0.65128
7.7940          0.92194
8.3136          1.5466
8.8332          1.5869
9.3528          0.95902
9.8724          0.66099
10.392          0.60682
10.912          0.67728
11.431          1.0154
11.951          1.6295
12.470          1.4755
12.990          0.87170
13.510          0.63929
14.029          0.61295
14.549          0.73000
15.068          1.1726
15.588          1.6790
16.108          1.2849
16.627          0.77437
17.147          0.61989
17.666          0.62849
18.186          0.82101
18.706          1.3853
19.225          1.6612
19.745          1.0861
20.264          0.69973
20.784          0.60896
21.304          0.64949
21.823          0.91469
22.343          1.5371
22.862          1.5931
23.382          0.96644
23.902          0.66309
24.421          0.60662
24.941          0.67413
25.460          1.0052
25.980          1.6241
26.500          1.4902
27.019          0.88081
27.539          0.64134
28.059          0.61139
28.578          0.71999
29.098          1.1458
29.617          1.6784
30.137          1.3184
30.657          0.78879
31.176          0.62230
31.696          0.62415
32.215          0.79913
32.735          1.3421
33.255          1.6778
33.774          1.1288
34.294          0.71403
34.813          0.61028
35.333          0.64024
35.853          0.87664
36.372          1.4877
36.892          1.6393
37.411          1.0183
37.931          0.67787
38.451          0.60560
38.970          0.65147
39.490          0.92363
40.009          1.5559
40.529          1.6049
41.049          0.96900
41.568          0.66352
42.088          0.60445
42.607          0.65920
43.127          0.95325
43.647          1.5902
44.166          1.5755
44.686          0.93969
45.205          0.65559
45.725          0.60477
46.245          0.66898
46.764          0.98826
47.284          1.6202
47.803          1.5298
48.323          0.90439
48.843          0.64673
49.362          0.60718
49.882          0.69127
50.401          1.0611
50.921          1.6592
51.441          1.4287
51.960          0.84240
52.480          0.63273
52.999          0.61497
