0.0000          0.61324
0.51960         0.72079
1.0392          1.1471
1.5588          1.7453
2.0784          1.4259
2.5980          0.83336
3.1176          0.63280
3.6372          0.60437
4.1568          0.66895
4.6764          0.98238
5.1960          1.6390
5.7156          1.6001
6.2352          0.94596
6.7548          0.65888
7.2744          0.60320
7.7940          0.63910
8.3136          0.86405
8.8332          1.4828
9.3528          1.7213
9.8724          1.0931
10.392          0.70288
10.912          0.61013
11.431          0.62011
11.951          0.76166
12.470          1.2605
12.990          1.7686
13.510          1.3093
14.029          0.78085
14.549          0.62332
15.068          0.60810
15.588          0.69147
16.108          1.0572
16.627          1.6999
17.147          1.5212
17.666          0.88744
18.186          0.64434
18.706          0.60278
19.225          0.65203
19.745          0.91937
20.264          1.5672
20.784          1.6679
21.304          1.0140
21.823          0.67824
22.343          0.60584
22.862          0.62815
23.382          0.80836
23.902          1.3734
24.421          1.7604
24.941          1.1981
25.460          0.73858
25.980          0.61630
26.500          0.61311
27.019          0.71972
27.539          1.1438
28.059          1.7444
28.578          1.4301
29.098          0.83551
29.617          0.63328
30.137          0.60427
30.657          0.66776
31.176          0.97791
31.696          1.6345
32.215          1.6056
32.735          0.95106
33.255          0.66034
33.774          0.60341
34.294          0.63803
34.813          0.85869
35.333          1.4728
35.853          1.7252
36.372          1.1033
36.892          0.70649
37.411          0.61075
37.931          0.61935
38.451          0.75715
38.970          1.2486
39.490          1.7667
40.009          1.3210
40.529          0.78622
41.049          0.62427
41.568          0.60771
42.088          0.68933
42.607          1.0505
43.127          1.6949
43.647          1.5273
44.166          0.89171
44.686          0.64529
45.205          0.60274
45.725          0.65143
46.245          0.91725
46.764          1.5641
47.284          1.6690
47.803          1.0158
48.323          0.67872
48.843          0.60586
49.362          0.62814
49.882          0.80858
50.401          1.3739
50.921          1.7597
51.441          1.1969
51.960          0.73813
52.480          0.61618
52.999          0.61324
