0.0000          0.70319
0.51960         1.0119
1.0392          1.6831
1.5588          1.7273
2.0784          1.0562
2.5980          0.71601
3.1176          0.64430
3.6372          0.63876
4.1568          0.65953
4.6764          0.80707
5.1960          1.3230
5.7156          1.8455
6.2352          1.4024
6.7548          0.84033
7.2744          0.66485
7.7940          0.63782
8.3136          0.64135
8.8332          0.70194
9.3528          1.0068
9.8724          1.6772
10.392          1.7325
10.912          1.0622
11.431          0.71786
11.951          0.64480
12.470          0.63901
12.990          0.65899
13.510          0.80299
14.029          1.3125
14.549          1.8445
15.068          1.4132
15.588          0.84510
16.108          0.66558
16.627          0.63760
17.147          0.64091
17.666          0.70037
18.186          1.0014
18.706          1.6711
19.225          1.7374
19.745          1.0678
20.264          0.71940
20.784          0.64492
21.304          0.63887
21.823          0.65849
22.343          0.80074
22.862          1.3070
23.382          1.8438
23.902          1.4184
24.421          0.84727
24.941          0.66573
25.460          0.63724
25.980          0.64053
26.500          0.70002
27.019          1.0009
27.539          1.6708
28.059          1.7373
28.578          1.0675
29.098          0.71908
29.617          0.64454
30.137          0.63849
30.657          0.65852
31.176          0.80249
31.696          1.3119
32.215          1.8443
32.735          1.4129
33.255          0.84468
33.774          0.66514
34.294          0.63709
34.813          0.64058
35.333          0.70123
35.853          1.0059
36.372          1.6767
36.892          1.7322
37.411          1.0616
37.931          0.71722
38.451          0.64404
38.970          0.63824
39.490          0.65906
40.009          0.80656
40.529          1.3224
41.049          1.8454
41.568          1.4022
42.088          0.83992
42.607          0.66441
43.127          0.63730
43.647          0.64102
44.166          0.70283
44.686          1.0114
45.205          1.6828
45.725          1.7272
46.245          1.0559
46.764          0.71568
47.284          0.64392
47.803          0.63837
48.323          0.65957
48.843          0.80891
49.362          1.3281
49.882          1.8459
50.401          1.3969
50.921          0.83772
51.441          0.66427
51.960          0.63768
52.480          0.64141
52.999          0.70319
