0.0000          0.61296
0.51960         0.71927
1.0392          1.1424
1.5588          1.7431
2.0784          1.4307
2.5980          0.83595
3.1176          0.63333
3.6372          0.60427
4.1568          0.66810
4.6764          0.97925
5.1960          1.6356
5.7156          1.6039
6.2352          0.94940
6.7548          0.65986
7.2744          0.60333
7.7940          0.63830
8.3136          0.86016
8.8332          1.4760
9.3528          1.7251
9.8724          1.1002
10.392          0.70523
10.912          0.61059
11.431          0.61942
11.951          0.75735
12.470          1.2493
12.990          1.7683
13.510          1.3213
14.029          0.78581
14.549          0.62423
15.068          0.60759
15.588          0.68821
16.108          1.0466
16.627          1.6933
17.147          1.5335
17.666          0.89535
18.186          0.64626
18.706          0.60274
19.225          0.64950
19.745          0.90885
20.264          1.5530
20.784          1.6798
21.304          1.0283
21.823          0.68259
22.343          0.60662
22.862          0.62624
23.382          0.79736
23.902          1.3485
24.421          1.7652
24.941          1.2227
25.460          0.74747
25.980          0.61779
26.500          0.61183
27.019          0.71226
27.539          1.1215
28.059          1.7353
28.578          1.4536
29.098          0.84781
29.617          0.63574
30.137          0.60375
30.657          0.66369
31.176          0.96344
31.696          1.6195
32.215          1.6207
32.735          0.96474
33.255          0.66403
33.774          0.60376
34.294          0.63570
34.813          0.84772
35.333          1.4532
35.853          1.7344
36.372          1.1210
36.892          0.71210
37.411          0.61171
37.931          0.61803
38.451          0.74933
38.970          1.2278
39.490          1.7648
40.009          1.3417
40.529          0.79442
41.049          0.62558
41.568          0.60697
42.088          0.68560
42.607          1.0386
43.127          1.6864
43.647          1.5389
44.166          0.89935
44.686          0.64699
45.205          0.60266
45.725          0.64995
46.245          0.91154
46.764          1.5562
47.284          1.6739
47.803          1.0223
48.323          0.68061
48.843          0.60612
49.362          0.62752
49.882          0.80541
50.401          1.3668
50.921          1.7606
51.441          1.2034
51.960          0.74044
52.480          0.61655
52.999          0.61296
