0.0000          0.79173
0.51960         0.62521
1.0392          0.60710
1.5588          0.68565
2.0784          1.0384
2.5980          1.6869
3.1176          1.5412
3.6372          0.90067
4.1568          0.64742
4.6764          0.60270
5.1960          0.64883
5.7156          0.90646
6.2352          1.5493
6.7548          1.6806
7.2744          1.0302
7.7940          0.68305
8.3136          0.60659
8.8332          0.62638
9.3528          0.79869
9.8724          1.3515
10.392          1.7635
10.912          1.2183
11.431          0.74580
11.951          0.61740
12.470          0.61220
12.990          0.71513
13.510          1.1304
14.029          1.7382
14.549          1.4422
15.068          0.84178
15.588          0.63437
16.108          0.60402
16.627          0.66692
17.147          0.97563
17.666          1.6317
18.186          1.6053
18.706          0.95090
19.225          0.66008
19.745          0.60324
20.264          0.63880
20.784          0.86323
21.304          1.4813
21.823          1.7205
22.343          1.0930
22.862          0.70278
23.382          0.61001
23.902          0.62030
24.421          0.76337
24.941          1.2653
25.460          1.7683
25.980          1.3036
26.500          0.77856
27.019          0.62290
27.539          0.60836
28.059          0.69322
28.578          1.0630
29.098          1.7036
29.617          1.5144
30.137          0.88316
30.657          0.64335
31.176          0.60283
31.696          0.65334
32.215          0.92466
32.735          1.5741
33.255          1.6622
33.774          1.0074
34.294          0.67629
34.813          0.60553
35.333          0.62897
35.853          0.81285
36.372          1.3833
36.892          1.7584
37.411          1.1890
37.931          0.73540
38.451          0.61582
38.970          0.61353
39.490          0.72189
40.009          1.1502
40.529          1.7473
41.049          1.4244
41.568          0.83261
42.088          0.63279
42.607          0.60437
43.127          0.66798
43.647          0.97847
44.166          1.6360
44.686          1.6069
45.205          0.95125
45.725          0.66045
46.245          0.60346
46.764          0.63735
47.284          0.85516
47.803          1.4673
48.323          1.7304
48.843          1.1095
49.362          0.70829
49.882          0.61117
50.401          0.61862
50.921          0.75221
51.441          1.2355
51.960          1.7669
52.480          1.3355
52.999          0.79173
