0.0000          1.1625
0.51960         1.6829
1.0392          1.3027
1.5588          0.78150
2.0784          0.62097
2.5980          0.62558
3.1176          0.80653
3.6372          1.3570
4.1568          1.6724
4.6764          1.1136
5.1960          0.70882
5.7156          0.60981
6.2352          0.64419
6.7548          0.89315
7.2744          1.5095
7.7940          1.6170
8.3136          0.99293
8.8332          0.67049
9.3528          0.60611
9.8724          0.66359
10.392          0.96857
10.912          1.5970
11.431          1.5391
11.951          0.91502
12.470          0.64950
12.990          0.60828
13.510          0.69579
14.029          1.0744
14.549          1.6593
15.068          1.4031
15.588          0.82981
16.108          0.63021
16.627          0.61791
17.147          0.76294
17.666          1.2580
18.186          1.6831
18.706          1.2002
19.225          0.74016
19.745          0.61433
20.264          0.63561
20.784          0.85536
21.304          1.4494
21.823          1.6440
22.343          1.0384
22.862          0.68425
23.382          0.60706
23.902          0.65477
24.421          0.93579
24.941          1.5641
25.460          1.5764
25.980          0.94713
26.500          0.65775
27.019          0.60652
27.539          0.67847
28.059          1.0198
28.578          1.6347
29.098          1.4750
29.617          0.87055
30.137          0.63895
30.657          0.61210
31.176          0.72562
31.696          1.1614
32.215          1.6815
32.735          1.3023
33.255          0.78151
33.774          0.62099
34.294          0.62538
34.813          0.80568
35.333          1.3560
35.853          1.6754
36.372          1.1172
36.892          0.70999
37.411          0.60973
37.931          0.64161
38.451          0.88256
38.970          1.4966
39.490          1.6339
40.009          1.0106
40.529          0.67557
41.049          0.60549
41.568          0.65353
42.088          0.93165
42.607          1.5647
43.127          1.5945
43.647          0.95917
44.166          0.66082
44.686          0.60474
45.205          0.66405
45.725          0.97087
46.245          1.6051
46.764          1.5502
47.284          0.92000
47.803          0.65058
48.323          0.60619
48.843          0.68232
49.362          1.0328
49.882          1.6462
50.401          1.4661
50.921          0.86380
51.441          0.63737
51.960          0.61203
52.480          0.72601
52.999          1.1625
