0.0000          0.95786
0.51960         1.5897
1.0392          1.5578
1.5588          0.92839
2.0784          0.65278
2.5980          0.60663
3.1176          0.68331
3.6372          1.0357
4.1568          1.6452
4.6764          1.4575
5.1960          0.85943
5.7156          0.63645
6.2352          0.61309
6.7548          0.73268
7.2744          1.1807
7.7940          1.6840
8.3136          1.2816
8.8332          0.77258
9.3528          0.61944
9.8724          0.62733
10.392          0.81566
10.912          1.3761
11.431          1.6694
11.951          1.0991
12.470          0.70385
12.990          0.60905
13.510          0.64479
14.029          0.89593
14.549          1.5149
15.068          1.6188
15.588          0.99231
16.108          0.67024
16.627          0.60562
17.147          0.66054
17.666          0.95786
18.186          1.5897
18.706          1.5578
19.225          0.92839
19.745          0.65278
20.264          0.60663
20.784          0.68331
21.304          1.0357
21.823          1.6452
22.343          1.4575
22.862          0.85943
23.382          0.63645
23.902          0.61309
24.421          0.73268
24.941          1.1807
25.460          1.6840
25.980          1.2816
26.500          0.77258
27.019          0.61944
27.539          0.62733
28.059          0.81566
28.578          1.3761
29.098          1.6694
29.617          1.0991
30.137          0.70385
30.657          0.60905
31.176          0.64479
31.696          0.89593
32.215          1.5149
32.735          1.6188
33.255          0.99231
33.774          0.67024
34.294          0.60562
34.813          0.66054
35.333          0.95786
35.853          1.5897
36.372          1.5578
36.892          0.92839
37.411          0.65278
37.931          0.60663
38.451          0.68331
38.970          1.0357
39.490          1.6452
40.009          1.4575
40.529          0.85943
41.049          0.63645
41.568          0.61309
42.088          0.73268
42.607          1.1807
43.127          1.6840
43.647          1.2816
44.166          0.77258
44.686          0.61944
45.205          0.62733
45.725          0.81566
46.245          1.3761
46.764          1.6694
47.284          1.0991
47.803          0.70385
48.323          0.60905
48.843          0.64479
49.362          0.89593
49.882          1.5149
50.401          1.6188
50.921          0.99231
51.441          0.67024
51.960          0.60562
52.480          0.66054
52.999          0.95786
