0.0000          0.96063
0.51960         1.5923
1.0392          1.5543
1.5588          0.92559
2.0784          0.65207
2.5980          0.60680
3.1176          0.68498
3.6372          1.0411
4.1568          1.6478
4.6764          1.4504
5.1960          0.85526
5.7156          0.63554
6.2352          0.61364
6.7548          0.73636
7.2744          1.1905
7.7940          1.6848
8.3136          1.2710
8.8332          0.76812
9.3528          0.61869
9.8724          0.62826
10.392          0.82037
10.912          1.3855
11.431          1.6672
11.951          1.0914
12.470          0.70129
12.990          0.60872
13.510          0.64566
14.029          0.89958
14.549          1.5201
15.068          1.6157
15.588          0.98826
16.108          0.66907
16.627          0.60557
17.147          0.66147
17.666          0.96127
18.186          1.5929
18.706          1.5537
19.225          0.92506
19.745          0.65193
20.264          0.60681
20.784          0.68514
21.304          1.0416
21.823          1.6481
22.343          1.4498
22.862          0.85493
23.382          0.63546
23.902          0.61366
24.421          0.73652
24.941          1.1910
25.460          1.6849
25.980          1.2706
26.500          0.76795
27.019          0.61866
27.539          0.62827
28.059          0.82042
28.578          1.3857
29.098          1.6673
29.617          1.0914
30.137          0.70129
30.657          0.60871
31.176          0.64560
31.696          0.89935
32.215          1.5198
32.735          1.6161
33.255          0.98863
33.774          0.66917
34.294          0.60556
34.813          0.66126
35.333          0.96051
35.853          1.5923
36.372          1.5549
36.892          0.92591
37.411          0.65215
37.931          0.60674
38.451          0.68452
38.970          1.0396
39.490          1.6472
40.009          1.4525
40.529          0.85648
41.049          0.63580
41.568          0.61345
42.088          0.73515
42.607          1.1873
43.127          1.6846
43.647          1.2745
44.166          0.76958
44.686          0.61893
45.205          0.62795
45.725          0.81880
46.245          1.3824
46.764          1.6679
47.284          1.0939
47.803          0.70213
48.323          0.60883
48.843          0.64540
49.362          0.89850
49.882          1.5185
50.401          1.6165
50.921          0.98939
51.441          0.66939
51.960          0.60560
52.480          0.66130
52.999          0.96063
