0.0000          0.95933
0.51960         1.5911
1.0392          1.5560
1.5588          0.92693
2.0784          0.65241
2.5980          0.60671
3.1176          0.68412
3.6372          1.0383
4.1568          1.6465
4.6764          1.4541
5.1960          0.85742
5.7156          0.63601
6.2352          0.61333
6.7548          0.73435
7.2744          1.1852
7.7940          1.6845
8.3136          1.2768
8.8332          0.77055
9.3528          0.61910
9.8724          0.62772
10.392          0.81761
10.912          1.3801
11.431          1.6687
11.951          1.0960
12.470          0.70281
12.990          0.60890
13.510          0.64504
14.029          0.89698
14.549          1.5165
15.068          1.6182
15.588          0.99135
16.108          0.66996
16.627          0.60557
17.147          0.66052
17.666          0.95778
18.186          1.5898
18.706          1.5583
19.225          0.92870
19.745          0.65285
20.264          0.60656
20.784          0.68284
21.304          1.0342
21.823          1.6446
22.343          1.4598
22.862          0.86071
23.382          0.63673
23.902          0.61290
24.421          0.73143
24.941          1.1773
25.460          1.6837
25.980          1.2854
26.500          0.77415
27.019          0.61971
27.539          0.62702
28.059          0.81406
28.578          1.3728
29.098          1.6701
29.617          1.1016
30.137          0.70472
30.657          0.60917
31.176          0.64458
31.696          0.89501
32.215          1.5135
32.735          1.6192
33.255          0.99316
33.774          0.67049
34.294          0.60566
34.813          0.66056
35.333          0.95790
35.853          1.5896
36.372          1.5573
36.892          0.92815
37.411          0.65272
37.931          0.60669
38.451          0.68374
38.970          1.0371
39.490          1.6458
40.009          1.4555
40.529          0.85826
41.049          0.63619
41.568          0.61327
42.088          0.73388
42.607          1.1839
43.127          1.6842
43.647          1.2781
44.166          0.77107
44.686          0.61919
45.205          0.62767
45.725          0.81735
46.245          1.3795
46.764          1.6686
47.284          1.0963
47.803          0.70291
48.323          0.60893
48.843          0.64513
49.362          0.89736
49.882          1.5169
50.401          1.6175
50.921          0.99068
51.441          0.66977
51.960          0.60561
52.480          0.66094
52.999          0.95933
