0.0000          0.96086
0.51960         1.5925
1.0392          1.5541
1.5588          0.92539
2.0784          0.65202
2.5980          0.60681
3.1176          0.68505
3.6372          1.0413
4.1568          1.6479
4.6764          1.4501
5.1960          0.85511
5.7156          0.63550
6.2352          0.61365
6.7548          0.73643
7.2744          1.1907
7.7940          1.6848
8.3136          1.2708
8.8332          0.76805
9.3528          0.61868
9.8724          0.62826
10.392          0.82035
10.912          1.3855
11.431          1.6673
11.951          1.0915
12.470          0.70132
12.990          0.60871
13.510          0.64560
14.029          0.89933
14.549          1.5198
15.068          1.6161
15.588          0.98864
16.108          0.66918
16.627          0.60556
17.147          0.66127
17.666          0.96052
18.186          1.5923
18.706          1.5548
19.225          0.92590
19.745          0.65214
20.264          0.60674
20.784          0.68453
21.304          1.0396
21.823          1.6472
22.343          1.4525
22.862          0.85646
23.382          0.63580
23.902          0.61345
24.421          0.73514
24.941          1.1873
25.460          1.6846
25.980          1.2746
26.500          0.76960
27.019          0.61894
27.539          0.62794
28.059          0.81874
28.578          1.3823
29.098          1.6680
29.617          1.0941
30.137          0.70217
30.657          0.60883
31.176          0.64536
31.696          0.89830
32.215          1.5183
32.735          1.6168
33.255          0.98967
33.774          0.66947
34.294          0.60559
34.813          0.66116
35.333          0.96012
35.853          1.5918
36.372          1.5551
36.892          0.92616
37.411          0.65221
37.931          0.60676
38.451          0.68457
38.970          1.0398
39.490          1.6472
40.009          1.4522
40.529          0.85629
41.049          0.63576
41.568          0.61350
42.088          0.73542
42.607          1.1880
43.127          1.6846
43.647          1.2737
44.166          0.76924
44.686          0.61888
45.205          0.62803
45.725          0.81921
46.245          1.3832
46.764          1.6677
47.284          1.0933
47.803          0.70190
48.323          0.60880
48.843          0.64548
49.362          0.89882
49.882          1.5190
50.401          1.6163
50.921          0.98904
51.441          0.66930
51.960          0.60559
52.480          0.66136
52.999          0.96086
