0.0000          0.95873
0.51960         1.5906
1.0392          1.5570
1.5588          0.92766
2.0784          0.65259
2.5980          0.60664
3.1176          0.68357
3.6372          1.0366
4.1568          1.6457
4.6764          1.4565
5.1960          0.85881
5.7156          0.63631
6.2352          0.61317
6.7548          0.73321
7.2744          1.1821
7.7940          1.6841
8.3136          1.2800
8.8332          0.77190
9.3528          0.61933
9.8724          0.62752
10.392          0.81657
10.912          1.3779
11.431          1.6688
11.951          1.0974
12.470          0.70330
12.990          0.60899
13.510          0.64513
14.029          0.89733
14.549          1.5167
15.068          1.6171
15.588          0.99043
16.108          0.66970
16.627          0.60565
17.147          0.66135
17.666          0.96078
18.186          1.5922
18.706          1.5536
19.225          0.92518
19.745          0.65197
20.264          0.60689
20.784          0.68557
21.304          1.0429
21.823          1.6485
22.343          1.4476
22.862          0.85373
23.382          0.63521
23.902          0.61387
24.421          0.73785
24.941          1.1945
25.460          1.6850
25.980          1.2667
26.500          0.76636
27.019          0.61839
27.539          0.62862
28.059          0.82217
28.578          1.3892
29.098          1.6665
29.617          1.0887
30.137          0.70037
30.657          0.60859
31.176          0.64588
31.696          0.90052
32.215          1.5215
32.735          1.6153
33.255          0.98745
33.774          0.66883
34.294          0.60553
34.813          0.66140
35.333          0.96103
35.853          1.5929
36.372          1.5545
36.892          0.92554
37.411          0.65205
37.931          0.60672
38.451          0.68451
38.970          1.0396
39.490          1.6473
40.009          1.4528
40.529          0.85658
41.049          0.63582
41.568          0.61340
42.088          0.73486
42.607          1.1865
43.127          1.6846
43.647          1.2755
44.166          0.76997
44.686          0.61899
45.205          0.62783
45.725          0.81817
46.245          1.3812
46.764          1.6684
47.284          1.0951
47.803          0.70251
48.323          0.60886
48.843          0.64517
49.362          0.89753
49.882          1.5173
50.401          1.6177
50.921          0.99067
51.441          0.66976
51.960          0.60558
52.480          0.66078
52.999          0.95873
