0.0000          0.96014
0.51960         1.5912
1.0392          1.5535
1.5588          0.92534
2.0784          0.65202
2.5980          0.60699
3.1176          0.68616
3.6372          1.0448
4.1568          1.6491
4.6764          1.4446
5.1960          0.85209
5.7156          0.63486
6.2352          0.61416
6.7548          0.73973
7.2744          1.1994
7.7940          1.6851
8.3136          1.2612
8.8332          0.76411
9.3528          0.61803
9.8724          0.62916
10.392          0.82483
10.912          1.3944
11.431          1.6650
11.951          1.0844
12.470          0.69894
12.990          0.60842
13.510          0.64646
14.029          0.90291
14.549          1.5248
15.068          1.6131
15.588          0.98471
16.108          0.66805
16.627          0.60552
17.147          0.66218
17.666          0.96385
18.186          1.5955
18.706          1.5509
19.225          0.92271
19.745          0.65134
20.264          0.60691
20.784          0.68620
21.304          1.0450
21.823          1.6499
22.343          1.4456
22.862          0.85249
23.382          0.63493
23.902          0.61392
24.421          0.73834
24.941          1.1958
25.460          1.6854
25.980          1.2657
26.500          0.76590
27.019          0.61831
27.539          0.62860
28.059          0.82210
28.578          1.3891
29.098          1.6669
29.617          1.0891
30.137          0.70050
30.657          0.60858
31.176          0.64561
31.696          0.89943
32.215          1.5202
32.735          1.6169
33.255          0.98907
33.774          0.66928
34.294          0.60548
34.813          0.66058
35.333          0.95805
35.853          1.5904
36.372          1.5588
36.892          0.92886
37.411          0.65288
37.931          0.60646
38.451          0.68220
38.970          1.0322
39.490          1.6438
40.009          1.4629
40.529          0.86250
41.049          0.63712
41.568          0.61264
42.088          0.72969
42.607          1.1725
43.127          1.6833
43.647          1.2905
44.166          0.77634
44.686          0.62009
45.205          0.62663
45.725          0.81200
46.245          1.3686
46.764          1.6707
47.284          1.1048
47.803          0.70580
48.323          0.60934
48.843          0.64446
49.362          0.89448
49.882          1.5124
50.401          1.6188
50.921          0.99321
51.441          0.67052
51.960          0.60576
52.480          0.66119
52.999          0.96014
