0.0000          0.94616
0.51960         1.5777
1.0392          1.5708
1.5588          0.93978
2.0784          0.65572
2.5980          0.60614
3.1176          0.67785
3.6372          1.0179
4.1568          1.6354
4.6764          1.4809
5.1960          0.87363
5.7156          0.63962
6.2352          0.61141
6.7548          0.72110
7.2744          1.1488
7.7940          1.6800
8.3136          1.3169
8.8332          0.78791
9.3528          0.62213
9.8724          0.62436
10.392          0.80013
10.912          1.3437
11.431          1.6758
11.951          1.1257
12.470          0.71297
12.990          0.61028
13.510          0.64199
14.029          0.88398
14.549          1.4971
15.068          1.6278
15.588          1.0057
16.108          0.67417
16.627          0.60587
17.147          0.65796
17.666          0.94824
18.186          1.5799
18.706          1.5685
19.225          0.93769
19.745          0.65518
20.264          0.60622
20.784          0.67882
21.304          1.0211
21.823          1.6373
22.343          1.4767
22.862          0.87101
23.382          0.63903
23.902          0.61169
24.421          0.72310
24.941          1.1544
25.460          1.6810
25.980          1.3107
26.500          0.78513
27.019          0.62163
27.539          0.62483
28.059          0.80266
28.578          1.3492
29.098          1.6751
29.617          1.1214
30.137          0.71147
30.657          0.61005
31.176          0.64227
31.696          0.88522
32.215          1.4992
32.735          1.6275
33.255          1.0047
33.774          0.67386
34.294          0.60578
34.813          0.65771
35.333          0.94735
35.853          1.5793
36.372          1.5704
36.892          0.93908
37.411          0.65553
37.931          0.60606
38.451          0.67751
38.970          1.0168
39.490          1.6351
40.009          1.4830
40.529          0.87484
41.049          0.63989
41.568          0.61118
42.088          0.71962
42.607          1.1446
43.127          1.6796
43.647          1.3219
44.166          0.79013
44.686          0.62252
45.205          0.62389
45.725          0.79762
46.245          1.3383
46.764          1.6769
47.284          1.1304
47.803          0.71460
48.323          0.61049
48.843          0.64146
49.362          0.88169
49.882          1.4936
50.401          1.6297
50.921          1.0084
51.441          0.67498
51.960          0.60592
52.480          0.65740
52.999          0.94616
