0.0000          0.96790
0.51960         1.5987
1.0392          1.5450
1.5588          0.91827
2.0784          0.65024
2.5980          0.60733
3.1176          0.68960
3.6372          1.0557
4.1568          1.6542
4.6764          1.4310
5.1960          0.84433
5.7156          0.63319
6.2352          0.61512
6.7548          0.74607
7.2744          1.2160
7.7940          1.6860
8.3136          1.2444
8.8332          0.75726
9.3528          0.61690
9.8724          0.63053
10.392          0.83161
10.912          1.4075
11.431          1.6619
11.951          1.0744
12.470          0.69565
12.990          0.60798
13.510          0.64740
14.029          0.90681
14.549          1.5304
15.068          1.6105
15.588          0.98095
16.108          0.66696
16.627          0.60542
17.147          0.66263
17.666          0.96552
18.186          1.5973
18.706          1.5497
19.225          0.92150
19.745          0.65102
20.264          0.60690
20.784          0.68639
21.304          1.0456
21.823          1.6503
22.343          1.4451
22.862          0.85215
23.382          0.63486
23.902          0.61395
24.421          0.73852
24.941          1.1963
25.460          1.6854
25.980          1.2651
26.500          0.76566
27.019          0.61827
27.539          0.62874
28.059          0.82276
28.578          1.3903
29.098          1.6661
29.617          1.0877
30.137          0.70004
30.657          0.60856
31.176          0.64611
31.696          0.90144
32.215          1.5227
32.735          1.6141
33.255          0.98616
33.774          0.66846
34.294          0.60557
34.813          0.66210
35.333          0.96354
35.853          1.5949
36.372          1.5507
36.892          0.92271
37.411          0.65134
37.931          0.60700
38.451          0.68672
38.970          1.0466
39.490          1.6503
40.009          1.4430
40.529          0.85105
41.049          0.63463
41.568          0.61423
42.088          0.74021
42.607          1.2007
43.127          1.6852
43.647          1.2601
44.166          0.76361
44.686          0.61794
45.205          0.62929
45.725          0.82549
46.245          1.3955
46.764          1.6644
47.284          1.0832
47.803          0.69855
48.323          0.60840
48.843          0.64683
49.362          0.90439
49.882          1.5266
50.401          1.6110
50.921          0.98263
51.441          0.66746
51.960          0.60560
52.480          0.66331
52.999          0.96790
