0.0000          0.97654
0.51960         1.6064
1.0392          1.5349
1.5588          0.91039
2.0784          0.64828
2.5980          0.60782
3.1176          0.69403
3.6372          1.0694
4.1568          1.6599
4.6764          1.4136
5.1960          0.83484
5.7156          0.63120
6.2352          0.61642
6.7548          0.75434
7.2744          1.2372
7.7940          1.6864
8.3136          1.2234
8.8332          0.74893
9.3528          0.61556
9.8724          0.63235
10.392          0.84038
10.912          1.4240
11.431          1.6574
11.951          1.0618
12.470          0.69156
12.990          0.60747
13.510          0.64882
14.029          0.91267
14.549          1.5384
15.068          1.6057
15.588          0.97490
16.108          0.66524
16.627          0.60537
17.147          0.66403
17.666          0.97056
18.186          1.6019
18.706          1.5438
19.225          0.91678
19.745          0.64984
20.264          0.60719
20.784          0.68906
21.304          1.0540
21.823          1.6541
22.343          1.4341
22.862          0.84593
23.382          0.63352
23.902          0.61481
24.421          0.74408
24.941          1.2109
25.460          1.6860
25.980          1.2498
26.500          0.75937
27.019          0.61724
27.539          0.63016
28.059          0.82979
28.578          1.4039
29.098          1.6622
29.617          1.0766
30.137          0.69638
30.657          0.60813
31.176          0.64766
31.696          0.90780
32.215          1.5312
32.735          1.6079
33.255          0.97880
33.774          0.66638
34.294          0.60561
34.813          0.66452
35.333          0.97221
35.853          1.6023
36.372          1.5393
36.892          0.91396
37.411          0.64917
37.931          0.60769
38.451          0.69259
38.970          1.0649
39.490          1.6578
40.009          1.4186
40.529          0.83763
41.049          0.63179
41.568          0.61615
42.088          0.75251
42.607          1.2325
43.127          1.6859
43.647          1.2275
44.166          0.75056
44.686          0.61584
45.205          0.63218
45.725          0.83953
46.245          1.4222
46.764          1.6570
47.284          1.0625
47.803          0.69179
48.323          0.60756
48.843          0.64923
49.362          0.91426
49.882          1.5400
50.401          1.6028
50.921          0.97237
51.441          0.66455
51.960          0.60552
52.480          0.66572
52.999          0.97654
