0.0000          0.93202
0.51960         1.5632
1.0392          1.5889
1.5588          0.95576
2.0784          0.65994
2.5980          0.60533
3.1176          0.66892
3.6372          0.98788
4.1568          1.6167
4.6764          1.5232
5.1960          0.90123
5.7156          0.64603
6.2352          0.60825
6.7548          0.69824
7.2744          1.0823
7.7940          1.6652
8.3136          1.3983
8.8332          0.82670
9.3528          0.62952
9.8724          0.61753
10.392          0.76121
10.912          1.2543
11.431          1.6860
11.951          1.2068
12.470          0.74248
12.990          0.61456
13.510          0.63400
14.029          0.84815
14.549          1.4378
15.068          1.6520
15.588          1.0505
16.108          0.68794
16.627          0.60715
17.147          0.65099
17.666          0.92126
18.186          1.5487
18.706          1.5956
19.225          0.96464
19.745          0.66241
20.264          0.60566
20.784          0.66873
21.304          0.98701
21.823          1.6143
22.343          1.5206
22.862          0.90016
23.382          0.64581
23.902          0.60883
24.421          0.70185
24.941          1.0930
25.460          1.6672
25.980          1.3827
26.500          0.81904
27.019          0.62801
27.539          0.61907
28.059          0.77029
28.578          1.2761
29.098          1.6838
29.617          1.1850
30.137          0.73435
30.657          0.61337
31.176          0.63636
31.696          0.85896
32.215          1.4564
32.735          1.6442
33.255          1.0354
33.774          0.68325
34.294          0.60674
34.813          0.65365
35.333          0.93171
35.853          1.5609
36.372          1.5843
36.892          0.95330
37.411          0.65934
37.931          0.60594
38.451          0.67338
38.970          1.0030
39.490          1.6255
40.009          1.4994
40.529          0.88571
41.049          0.64241
41.568          0.61021
42.088          0.71234
42.607          1.1239
43.127          1.6754
43.647          1.3455
44.166          0.80097
44.686          0.62452
45.205          0.62190
45.725          0.78673
46.245          1.3145
46.764          1.6810
47.284          1.1514
47.803          0.72203
48.323          0.61150
48.843          0.63892
49.362          0.87064
49.882          1.4767
50.401          1.6393
50.921          1.0227
51.441          0.67927
51.960          0.60609
52.480          0.65367
52.999          0.93202
