0.0000          0.96431
0.51960         1.5952
1.0392          1.5488
1.5588          0.92143
2.0784          0.65103
2.5980          0.60721
3.1176          0.68823
3.6372          1.0513
4.1568          1.6521
4.6764          1.4362
5.1960          0.84728
5.7156          0.63382
6.2352          0.61481
6.7548          0.74397
7.2744          1.2105
7.7940          1.6855
8.3136          1.2496
8.8332          0.75938
9.3528          0.61725
9.8724          0.63024
10.392          0.83013
10.912          1.4045
11.431          1.6620
11.951          1.0761
12.470          0.69622
12.990          0.60811
13.510          0.64763
14.029          0.90772
14.549          1.5312
15.068          1.6084
15.588          0.97915
16.108          0.66647
16.627          0.60556
17.147          0.66404
17.666          0.97054
18.186          1.6012
18.706          1.5421
19.225          0.91591
19.745          0.64965
20.264          0.60744
20.784          0.69075
21.304          1.0593
21.823          1.6559
22.343          1.4265
22.862          0.84185
23.382          0.63266
23.902          0.61542
24.421          0.74803
24.941          1.2211
25.460          1.6863
25.980          1.2395
26.500          0.75526
27.019          0.61657
27.539          0.63089
28.059          0.83339
28.578          1.4110
29.098          1.6613
29.617          1.0720
30.137          0.69486
30.657          0.60786
31.176          0.64749
31.696          0.90722
32.215          1.5312
32.735          1.6108
33.255          0.98088
33.774          0.66693
34.294          0.60536
34.813          0.66223
35.333          0.96410
35.853          1.5963
36.372          1.5521
36.892          0.92322
37.411          0.65145
37.931          0.60672
38.451          0.68494
38.970          1.0410
39.490          1.6484
40.009          1.4516
40.529          0.85577
41.049          0.63564
41.568          0.61345
42.088          0.73520
42.607          1.1875
43.127          1.6848
43.647          1.2745
44.166          0.76952
44.686          0.61892
45.205          0.62797
45.725          0.81891
46.245          1.3826
46.764          1.6677
47.284          1.0935
47.803          0.70198
48.323          0.60883
48.843          0.64567
49.362          0.89957
49.882          1.5198
50.401          1.6148
50.921          0.98770
51.441          0.66892
51.960          0.60568
52.480          0.66233
52.999          0.96431
