0.0000          0.95686
0.51960         1.5881
1.0392          1.5573
1.5588          0.92842
2.0784          0.65281
2.5980          0.60679
3.1176          0.68429
3.6372          1.0391
4.1568          1.6468
4.6764          1.4522
5.1960          0.85638
5.7156          0.63578
6.2352          0.61348
6.7548          0.73542
7.2744          1.1884
7.7940          1.6850
8.3136          1.2735
8.8332          0.76917
9.3528          0.61885
9.8724          0.62785
10.392          0.81835
10.912          1.3818
11.431          1.6692
11.951          1.0955
12.470          0.70263
12.990          0.60881
13.510          0.64450
14.029          0.89482
14.549          1.5141
15.068          1.6221
15.588          0.99511
16.108          0.67102
16.627          0.60541
17.147          0.65818
17.666          0.94926
18.186          1.5825
18.706          1.5711
19.225          0.93874
19.745          0.65540
20.264          0.60574
20.784          0.67560
21.304          1.0106
21.823          1.6324
22.343          1.4933
22.862          0.88093
23.382          0.64124
23.902          0.61023
24.421          0.71332
24.941          1.1270
25.460          1.6775
25.980          1.3431
26.500          0.79915
27.019          0.62407
27.539          0.62198
28.059          0.78757
28.578          1.3169
29.098          1.6822
29.617          1.1480
30.137          0.71989
30.657          0.61111
31.176          0.63969
31.696          0.87426
32.215          1.4827
32.735          1.6353
33.255          1.0154
33.774          0.67685
34.294          0.60609
34.813          0.65665
35.333          0.94329
35.853          1.5743
36.372          1.5725
36.892          0.94159
37.411          0.65618
37.931          0.60627
38.451          0.67834
38.970          1.0195
39.490          1.6356
40.009          1.4773
40.529          0.87165
41.049          0.63919
41.568          0.61186
42.088          0.72397
42.607          1.1567
43.127          1.6805
43.647          1.3070
44.166          0.78361
44.686          0.62138
45.205          0.62540
45.725          0.80555
46.245          1.3550
46.764          1.6729
47.284          1.1154
47.803          0.70947
48.323          0.60985
48.843          0.64345
49.362          0.89017
49.882          1.5060
50.401          1.6219
50.921          0.99783
51.441          0.67188
51.960          0.60584
52.480          0.66028
52.999          0.95686
