0.0000          0.93943
0.51960         1.5696
1.0392          1.5761
1.5588          0.94539
2.0784          0.65723
2.5980          0.60617
3.1176          0.67673
3.6372          1.0142
4.1568          1.6326
4.6764          1.4846
5.1960          0.87615
5.7156          0.64020
6.2352          0.61124
6.7548          0.71979
7.2744          1.1451
7.7940          1.6794
8.3136          1.3208
8.8332          0.78963
9.3528          0.62243
9.8724          0.62395
10.392          0.79799
10.912          1.3394
11.431          1.6773
11.951          1.1300
12.470          0.71444
12.990          0.61042
13.510          0.64105
14.029          0.87999
14.549          1.4916
15.068          1.6328
15.588          1.0116
16.108          0.67591
16.627          0.60579
17.147          0.65544
17.666          0.93885
18.186          1.5710
18.706          1.5819
19.225          0.94889
19.745          0.65809
20.264          0.60547
20.784          0.67150
21.304          0.99675
21.823          1.6231
22.343          1.5116
22.862          0.89314
23.382          0.64410
23.902          0.60901
24.421          0.70409
24.941          1.0998
25.460          1.6704
25.980          1.3763
26.500          0.81562
27.019          0.62731
27.539          0.61930
28.059          0.77182
28.578          1.2799
29.098          1.6844
29.617          1.1826
30.137          0.73336
30.657          0.61318
31.176          0.63627
31.696          0.85862
32.215          1.4561
32.735          1.6455
33.255          1.0366
33.774          0.68358
34.294          0.60669
34.813          0.65293
35.333          0.92893
35.853          1.5581
36.372          1.5883
36.892          0.95681
37.411          0.66027
37.931          0.60575
38.451          0.67134
38.970          0.99604
39.490          1.6210
40.009          1.5090
40.529          0.89209
41.049          0.64389
41.568          0.60957
42.088          0.70753
42.607          1.1098
43.127          1.6718
43.647          1.3621
44.166          0.80889
44.686          0.62603
45.205          0.62075
45.725          0.78008
46.245          1.2990
46.764          1.6816
47.284          1.1640
47.803          0.72660
48.323          0.61224
48.843          0.63845
49.362          0.86836
49.882          1.4720
50.401          1.6378
50.921          1.0235
51.441          0.67957
51.960          0.60641
52.480          0.65566
52.999          0.93943
