0.0000          0.96691
0.51960         1.5985
1.0392          1.5479
1.5588          0.92010
2.0784          0.65067
2.5980          0.60700
3.1176          0.68727
3.6372          1.0484
4.1568          1.6516
4.6764          1.4414
5.1960          0.85005
5.7156          0.63440
6.2352          0.61423
6.7548          0.74037
7.2744          1.2012
7.7940          1.6857
8.3136          1.2601
8.8332          0.76357
9.3528          0.61792
9.8724          0.62916
10.392          0.82486
10.912          1.3944
11.431          1.6652
11.951          1.0845
12.470          0.69898
12.990          0.60841
13.510          0.64639
14.029          0.90264
14.549          1.5244
15.068          1.6134
15.588          0.98502
16.108          0.66813
16.627          0.60553
17.147          0.66217
17.666          0.96381
18.186          1.5953
18.706          1.5508
19.225          0.92264
19.745          0.65132
20.264          0.60696
20.784          0.68651
21.304          1.0459
21.823          1.6501
22.343          1.4440
22.862          0.85162
23.382          0.63475
23.902          0.61413
24.421          0.73958
24.941          1.1990
25.460          1.6852
25.980          1.2618
26.500          0.76433
27.019          0.61806
27.539          0.62914
28.059          0.82473
28.578          1.3940
29.098          1.6647
29.617          1.0843
30.137          0.69892
30.657          0.60845
31.176          0.64675
31.696          0.90404
32.215          1.5260
32.735          1.6112
33.255          0.98290
33.774          0.66754
34.294          0.60562
34.813          0.66338
35.333          0.96814
35.853          1.5988
36.372          1.5444
36.892          0.91791
37.411          0.65015
37.931          0.60738
38.451          0.69001
38.970          1.0569
39.490          1.6547
40.009          1.4292
40.529          0.84337
41.049          0.63299
41.568          0.61528
42.088          0.74706
42.607          1.2186
43.127          1.6860
43.647          1.2417
44.166          0.75619
44.686          0.61672
45.205          0.63079
45.725          0.83287
46.245          1.4099
46.764          1.6612
47.284          1.0725
47.803          0.69503
48.323          0.60791
48.843          0.64766
49.362          0.90791
49.882          1.5319
50.401          1.6094
50.921          0.97970
51.441          0.66661
51.960          0.60543
52.480          0.66301
52.999          0.96691
