0.0000          1.0137
0.51960         1.6335
1.0392          1.4878
1.5588          0.87773
2.0784          0.64054
2.5980          0.61081
3.1176          0.71702
3.6372          1.1373
4.1568          1.6784
4.6764          1.3304
5.1960          0.79394
5.7156          0.62321
6.2352          0.62322
6.7548          0.79397
7.2744          1.3304
7.7940          1.6779
8.3136          1.1369
8.8332          0.71689
9.3528          0.61083
9.8724          0.64101
10.392          0.87969
10.912          1.4902
11.431          1.6302
11.951          1.0102
12.470          0.67553
12.990          0.60605
13.510          0.65772
14.029          0.94728
14.549          1.5783
15.068          1.5682
15.588          0.93790
16.108          0.65525
16.627          0.60639
17.147          0.67978
17.666          1.0242
18.186          1.6385
18.706          1.4716
19.225          0.86804
19.745          0.63837
20.264          0.61218
20.784          0.72635
21.304          1.1633
21.823          1.6818
22.343          1.3001
22.862          0.78054
23.382          0.62083
23.902          0.62582
24.421          0.80785
24.941          1.3601
25.460          1.6727
25.980          1.1120
26.500          0.70826
27.019          0.60963
27.539          0.64340
28.059          0.89003
28.578          1.5063
29.098          1.6235
29.617          0.99892
30.137          0.67217
30.657          0.60571
31.176          0.65906
31.696          0.95241
32.215          1.5844
32.735          1.5643
33.255          0.93385
33.774          0.65418
34.294          0.60632
34.813          0.68027
35.333          1.0259
35.853          1.6402
36.372          1.4708
36.892          0.86732
37.411          0.63819
37.931          0.61206
38.451          0.72574
38.970          1.1617
39.490          1.6822
40.009          1.3028
40.529          0.78162
41.049          0.62100
41.568          0.62542
42.088          0.80580
42.607          1.3559
43.127          1.6742
43.647          1.1161
44.166          0.70964
44.686          0.60978
45.205          0.64265
45.725          0.88687
46.245          1.5019
46.764          1.6269
47.284          1.0032
47.803          0.67340
48.323          0.60569
48.843          0.65759
49.362          0.94694
49.882          1.5792
50.401          1.5716
50.921          0.93993
51.441          0.65574
51.960          0.60593
52.480          0.67654
52.999          1.0137
