0.0000          1.0058
0.51960         1.6287
1.0392          1.4985
1.5588          0.88465
2.0784          0.64213
2.5980          0.61001
3.1176          0.71134
3.6372          1.1210
4.1568          1.6752
4.6764          1.3499
5.1960          0.80297
5.7156          0.62489
6.2352          0.62154
6.7548          0.78463
7.2744          1.3096
7.7940          1.6811
8.3136          1.1554
8.8332          0.72346
9.3528          0.61174
9.8724          0.63897
10.392          0.87076
10.912          1.4762
11.431          1.6373
11.951          1.0213
12.470          0.67887
12.990          0.60625
13.510          0.65536
14.029          0.93837
14.549          1.5690
15.068          1.5786
15.588          0.94725
16.108          0.65770
16.627          0.60596
17.147          0.67501
17.666          1.0085
18.186          1.6294
18.706          1.4929
19.225          0.88136
19.745          0.64139
20.264          0.61063
20.784          0.71541
21.304          1.1326
21.823          1.6770
22.343          1.3352
22.862          0.79623
23.382          0.62364
23.902          0.62289
24.421          0.79213
24.941          1.3263
25.460          1.6784
25.980          1.1404
26.500          0.71812
27.019          0.61100
27.539          0.64059
28.059          0.87788
28.578          1.4875
29.098          1.6320
29.617          1.0126
30.137          0.67624
30.657          0.60605
31.176          0.65694
31.696          0.94438
32.215          1.5756
32.735          1.5722
33.255          0.94124
33.774          0.65611
34.294          0.60614
34.813          0.67754
35.333          1.0169
35.853          1.6347
36.372          1.4820
36.892          0.87436
37.411          0.63979
37.931          0.61133
38.451          0.72057
38.970          1.1473
39.490          1.6799
40.009          1.3187
40.529          0.78871
41.049          0.62227
41.568          0.62412
42.088          0.79888
42.607          1.3412
43.127          1.6768
43.647          1.1284
44.166          0.71390
44.686          0.61037
45.205          0.64137
45.725          0.88138
46.245          1.4935
46.764          1.6311
47.284          1.0095
47.803          0.67530
48.323          0.60582
48.843          0.65634
49.362          0.94221
49.882          1.5743
50.401          1.5770
50.921          0.94479
51.441          0.65702
51.960          0.60574
52.480          0.67417
52.999          1.0058
