0.0000          1.2655
0.51960         1.6851
1.0392          1.1956
1.5588          0.73828
2.0784          0.61392
2.5980          0.63498
3.1176          0.85274
3.6372          1.4461
4.1568          1.6498
4.6764          1.0447
5.1960          0.68611
5.7156          0.60688
6.2352          0.65120
6.7548          0.92222
7.2744          1.5506
7.7940          1.5966
8.3136          0.96472
8.8332          0.66241
9.3528          0.60543
9.8724          0.66724
10.392          0.98193
10.912          1.6113
11.431          1.5292
11.951          0.90591
12.470          0.64718
12.990          0.60804
13.510          0.69616
14.029          1.0760
14.549          1.6626
15.068          1.4057
15.588          0.83062
16.108          0.63032
16.627          0.61699
17.147          0.75790
17.666          1.2461
18.186          1.6863
18.706          1.2148
19.225          0.74556
19.745          0.61503
20.264          0.63315
20.784          0.84420
21.304          1.4309
21.823          1.6550
22.343          1.0563
22.862          0.68980
23.382          0.60729
23.902          0.64971
24.421          0.91620
24.941          1.5428
25.460          1.6019
25.980          0.97082
26.500          0.66410
27.019          0.60544
27.539          0.66565
28.059          0.97632
28.578          1.6065
29.098          1.5358
29.617          0.91092
30.137          0.64840
30.657          0.60772
31.176          0.69334
31.696          1.0673
32.215          1.6591
32.735          1.4163
33.255          0.83631
33.774          0.63150
34.294          0.61626
34.813          0.75327
35.333          1.2344
35.853          1.6860
36.372          1.2257
36.892          0.74982
37.411          0.61572
37.931          0.63242
38.451          0.84066
38.970          1.4241
39.490          1.6559
40.009          1.0605
40.529          0.69116
41.049          0.60754
41.568          0.64988
42.088          0.91678
42.607          1.5428
43.127          1.5993
43.647          0.96900
44.166          0.66363
44.686          0.60568
45.205          0.66767
45.725          0.98333
46.245          1.6113
46.764          1.5250
47.284          0.90338
47.803          0.64659
48.323          0.60856
48.843          0.69970
49.362          1.0866
49.882          1.6653
50.401          1.3909
50.921          0.82316
51.441          0.62883
51.960          0.61831
52.480          0.76584
52.999          1.2655
