0.0000          1.0035
0.51960         1.6266
1.0392          1.5004
1.5588          0.88605
2.0784          0.64247
2.5980          0.61002
3.1176          0.71114
3.6372          1.1204
4.1568          1.6747
4.6764          1.3501
5.1960          0.80310
5.7156          0.62492
6.2352          0.62161
6.7548          0.78504
7.2744          1.3104
7.7940          1.6807
8.3136          1.1543
8.8332          0.72308
9.3528          0.61170
9.8724          0.63918
10.392          0.87168
10.912          1.4776
11.431          1.6363
11.951          1.0200
12.470          0.67847
12.990          0.60624
13.510          0.65575
14.029          0.93983
14.549          1.5705
15.068          1.5768
15.588          0.94563
16.108          0.65727
16.627          0.60604
17.147          0.67586
17.666          1.0113
18.186          1.6312
18.706          1.4891
19.225          0.87889
19.745          0.64082
20.264          0.61088
20.784          0.71727
21.304          1.1380
21.823          1.6781
22.343          1.3292
22.862          0.79343
23.382          0.62313
23.902          0.62331
24.421          0.79449
24.941          1.3316
25.460          1.6781
25.980          1.1362
26.500          0.71666
27.019          0.61077
27.539          0.64073
28.059          0.87852
28.578          1.4889
29.098          1.6326
29.617          1.0125
30.137          0.67620
30.657          0.60594
31.176          0.65617
31.696          0.94156
32.215          1.5732
32.735          1.5769
33.255          0.94500
33.774          0.65708
34.294          0.60582
34.813          0.67464
35.333          1.0073
35.853          1.6294
36.372          1.4960
36.892          0.88306
37.411          0.64177
37.931          0.61024
38.451          0.71289
38.970          1.1255
39.490          1.6761
40.009          1.3445
40.529          0.80043
41.049          0.62441
41.568          0.62197
42.088          0.78707
42.607          1.3151
43.127          1.6806
43.647          1.1507
44.166          0.72177
44.686          0.61149
45.205          0.63929
45.725          0.87220
46.245          1.4788
46.764          1.6369
47.284          1.0200
47.803          0.67845
48.323          0.60615
48.843          0.65511
49.362          0.93748
49.882          1.5685
50.401          1.5807
50.921          0.94879
51.441          0.65809
51.960          0.60578
52.480          0.67353
52.999          1.0035
