0.0000          0.95754
0.51960         1.5914
1.0392          1.5631
1.5588          0.93133
2.0784          0.65347
2.5980          0.60590
3.1176          0.67821
3.6372          1.0193
4.1568          1.6380
4.6764          1.4826
5.1960          0.87407
5.7156          0.63968
6.2352          0.61094
6.7548          0.71830
7.2744          1.1410
7.7940          1.6797
8.3136          1.3271
8.8332          0.79232
9.3528          0.62290
9.8724          0.62340
10.392          0.79496
10.912          1.3325
11.431          1.6777
11.951          1.1352
12.470          0.71625
12.990          0.61075
13.510          0.64125
14.029          0.88071
14.549          1.4917
15.068          1.6291
15.588          1.0087
16.108          0.67508
16.627          0.60608
17.147          0.65844
17.666          0.94991
18.186          1.5806
18.706          1.5642
19.225          0.93474
19.745          0.65445
20.264          0.60668
20.784          0.68223
21.304          1.0321
21.823          1.6422
22.343          1.4602
22.862          0.86131
23.382          0.63688
23.902          0.61319
24.421          0.73299
24.941          1.1813
25.460          1.6830
25.980          1.2796
26.500          0.77180
27.019          0.61935
27.539          0.62789
28.059          0.81837
28.578          1.3812
29.098          1.6667
29.617          1.0935
30.137          0.70203
30.657          0.60892
31.176          0.64626
31.696          0.90193
32.215          1.5225
32.735          1.6112
33.255          0.98410
33.774          0.66792
34.294          0.60582
34.813          0.66429
35.333          0.97130
35.853          1.6008
36.372          1.5388
36.892          0.91399
37.411          0.64920
37.931          0.60785
38.451          0.69357
38.970          1.0680
39.490          1.6587
40.009          1.4143
40.529          0.83536
41.049          0.63132
41.568          0.61644
42.088          0.75442
42.607          1.2375
43.127          1.6865
43.647          1.2232
44.166          0.74884
44.686          0.61553
45.205          0.63216
45.725          0.83958
46.245          1.4229
46.764          1.6590
47.284          1.0638
47.803          0.69217
48.323          0.60744
48.843          0.64773
49.362          0.90835
49.882          1.5336
50.401          1.6122
50.921          0.98116
51.441          0.66698
51.960          0.60511
52.480          0.66040
52.999          0.95754
