0.0000          0.94486
0.51960         1.5780
1.0392          1.5763
1.5588          0.94331
2.0784          0.65660
2.5980          0.60555
3.1176          0.67332
3.6372          1.0029
4.1568          1.6275
4.6764          1.5038
5.1960          0.88786
5.7156          0.64286
6.2352          0.60951
6.7548          0.70788
7.2744          1.1110
7.7940          1.6732
8.3136          1.3626
8.8332          0.80896
9.3528          0.62602
9.8724          0.62049
10.392          0.77863
10.912          1.2957
11.431          1.6825
11.951          1.1677
12.470          0.72790
12.990          0.61241
13.510          0.63798
14.029          0.86628
14.549          1.4686
15.068          1.6393
15.588          1.0261
16.108          0.68037
16.627          0.60649
17.147          0.65533
17.666          0.93815
18.186          1.5680
18.706          1.5770
19.225          0.94642
19.745          0.65751
20.264          0.60623
20.784          0.67684
21.304          1.0145
21.823          1.6323
22.343          1.4834
22.862          0.87555
23.382          0.64008
23.902          0.61148
24.421          0.72120
24.941          1.1489
25.460          1.6793
25.980          1.3156
26.500          0.78742
27.019          0.62206
27.539          0.62468
28.059          0.80176
28.578          1.3471
29.098          1.6744
29.617          1.1221
30.137          0.71177
30.657          0.61015
31.176          0.64269
31.696          0.88691
32.215          1.5012
32.735          1.6246
33.255          1.0017
33.774          0.67301
34.294          0.60588
34.813          0.65935
35.333          0.95340
35.853          1.5847
36.372          1.5615
36.892          0.93201
37.411          0.65372
37.931          0.60659
38.451          0.68232
38.970          1.0325
39.490          1.6433
40.009          1.4612
40.529          0.86168
41.049          0.63695
41.568          0.61283
42.088          0.73094
42.607          1.1760
43.127          1.6838
43.647          1.2870
44.166          0.77486
44.686          0.61982
45.205          0.62668
45.725          0.81238
46.245          1.3697
46.764          1.6720
47.284          1.1054
47.803          0.70596
48.323          0.60924
48.843          0.64338
49.362          0.89010
49.882          1.5072
50.401          1.6260
50.921          1.0005
51.441          0.67259
51.960          0.60549
52.480          0.65701
52.999          0.94486
