0.0000          1.2330
0.51960         1.6862
1.0392          1.2279
1.5588          0.75075
2.0784          0.61588
2.5980          0.63233
3.1176          0.84004
3.6372          1.4224
4.1568          1.6551
4.6764          1.0610
5.1960          0.69138
5.7156          0.60770
6.2352          0.65080
6.7548          0.92024
7.2744          1.5459
7.7940          1.5928
8.3136          0.96364
8.8332          0.66221
9.3528          0.60616
9.8724          0.67206
10.392          0.99821
10.912          1.6205
11.431          1.5022
11.951          0.88828
12.470          0.64305
12.990          0.61052
13.510          0.71358
14.029          1.1271
14.549          1.6741
15.068          1.3391
15.588          0.79826
16.108          0.62407
16.627          0.62311
17.147          0.79307
17.666          1.3278
18.186          1.6759
18.706          1.1368
19.225          0.71696
19.745          0.61098
20.264          0.64204
20.784          0.88391
21.304          1.4956
21.823          1.6238
22.343          1.0031
22.862          0.67352
23.382          0.60625
23.902          0.66124
24.421          0.96008
24.941          1.5894
25.460          1.5498
25.980          0.92349
26.500          0.65162
27.019          0.60753
27.539          0.68972
28.059          1.0558
28.578          1.6529
29.098          1.4288
29.617          0.84353
30.137          0.63306
30.657          0.61542
31.176          0.74779
31.696          1.2204
32.215          1.6861
32.735          1.2404
33.255          0.75576
33.774          0.61665
34.294          0.63054
34.813          0.83170
35.333          1.4081
35.853          1.6639
36.372          1.0760
36.892          0.69614
37.411          0.60788
37.931          0.64579
38.451          0.90040
38.970          1.5232
39.490          1.6207
40.009          0.99092
40.529          0.66977
41.049          0.60505
41.568          0.65689
42.088          0.94455
42.607          1.5793
43.127          1.5808
43.647          0.94597
44.166          0.65727
44.686          0.60501
45.205          0.66917
45.725          0.98886
46.245          1.6192
46.764          1.5260
47.284          0.90235
47.803          0.64626
48.323          0.60769
48.843          0.69469
49.362          1.0716
49.882          1.6623
50.401          1.4139
50.921          0.83476
51.441          0.63116
51.960          0.61617
52.480          0.75280
52.999          1.2330
