0.0000          0.97778
0.51960         1.6087
1.0392          1.5361
1.5588          0.91059
2.0784          0.64830
2.5980          0.60749
3.1176          0.69202
3.6372          1.0633
4.1568          1.6583
4.6764          1.4227
5.1960          0.83961
5.7156          0.63218
6.2352          0.61563
6.7548          0.74936
7.2744          1.2245
7.7940          1.6863
8.3136          1.2361
8.8332          0.75389
9.3528          0.61636
9.8724          0.63140
10.392          0.83575
10.912          1.4151
11.431          1.6588
11.951          1.0677
12.470          0.69348
12.990          0.60781
13.510          0.64892
14.029          0.91290
14.549          1.5377
15.068          1.6028
15.588          0.97307
16.108          0.66477
16.627          0.60568
17.147          0.66656
17.666          0.97941
18.186          1.6080
18.706          1.5296
19.225          0.90686
19.745          0.64744
20.264          0.60833
20.784          0.69771
21.304          1.0806
21.823          1.6631
22.343          1.3982
22.862          0.82692
23.382          0.62959
23.902          0.61784
24.421          0.76288
24.941          1.2582
25.460          1.6849
25.980          1.2020
26.500          0.74073
27.019          0.61433
27.539          0.63466
28.059          0.85118
28.578          1.4430
29.098          1.6496
29.617          1.0460
30.137          0.68655
30.657          0.60703
31.176          0.65178
31.696          0.92440
32.215          1.5525
32.735          1.5924
33.255          0.96127
33.774          0.66149
34.294          0.60570
34.813          0.66986
35.333          0.99097
35.853          1.6174
36.372          1.5157
36.892          0.89670
37.411          0.64499
37.931          0.60906
38.451          0.70382
38.970          1.0990
39.490          1.6693
40.009          1.3761
40.529          0.81567
41.049          0.62734
41.568          0.61939
42.088          0.77233
42.607          1.2812
43.127          1.6845
43.647          1.1816
44.166          0.73301
44.686          0.61311
45.205          0.63606
45.725          0.85773
46.245          1.4551
46.764          1.6477
47.284          1.0389
47.803          0.68425
48.323          0.60660
48.843          0.65140
49.362          0.92308
49.882          1.5523
50.401          1.5974
50.921          0.96480
51.441          0.66241
51.960          0.60525
52.480          0.66604
52.999          0.97778
