0.0000          1.4672
0.51960         1.6466
1.0392          1.0326
1.5588          0.68228
2.0784          0.60612
2.5980          0.65005
3.1176          0.91796
3.6372          1.5481
4.1568          1.6087
4.6764          0.97402
5.1960          0.66492
5.7156          0.60460
6.2352          0.65881
6.7548          0.95182
7.2744          1.5882
7.7940          1.5758
8.3136          0.94036
8.8332          0.65577
9.3528          0.60487
9.8724          0.66958
10.392          0.99031
10.912          1.6213
11.431          1.5261
11.951          0.90200
12.470          0.64616
12.990          0.60749
13.510          0.69356
14.029          1.0681
14.549          1.6616
15.068          1.4191
15.588          0.83734
16.108          0.63168
16.627          0.61572
17.147          0.75005
17.666          1.2261
18.186          1.6863
18.706          1.2345
19.225          0.75324
19.745          0.61627
20.264          0.63193
20.784          0.83814
21.304          1.4188
21.823          1.6551
22.343          1.0626
22.862          0.69190
23.382          0.60787
23.902          0.65144
24.421          0.92264
24.941          1.5479
25.460          1.5879
25.980          0.95957
26.500          0.66114
27.019          0.60658
27.539          0.67564
28.059          1.0101
28.578          1.6270
29.098          1.4842
29.617          0.87691
30.137          0.64045
30.657          0.61210
31.176          0.72444
31.696          1.1575
32.215          1.6780
32.735          1.3026
33.255          0.78193
33.774          0.62117
34.294          0.62666
34.813          0.81180
35.333          1.3671
35.853          1.6666
36.372          1.1019
36.892          0.70501
37.411          0.60953
37.931          0.64695
38.451          0.90443
38.970          1.5240
39.490          1.6039
40.009          0.97833
40.529          0.66639
41.049          0.60639
41.568          0.66945
42.088          0.98917
42.607          1.6130
43.127          1.5117
43.647          0.89526
44.166          0.64473
44.686          0.60993
45.205          0.70912
45.725          1.1144
46.245          1.6718
46.764          1.3551
47.284          0.80578
47.803          0.62546
48.323          0.62120
48.843          0.78277
49.362          1.3056
49.882          1.6825
50.401          1.1599
50.921          0.72512
51.441          0.61190
51.960          0.63748
52.480          0.86433
52.999          1.4672
