0.0000          0.85907
0.51960         1.4576
1.0392          1.6475
1.5588          1.0376
2.0784          0.68385
2.5980          0.60650
3.1176          0.65112
3.6372          0.92203
4.1568          1.5514
4.6764          1.5997
5.1960          0.96664
5.7156          0.66290
6.2352          0.60511
6.7548          0.66458
7.2744          0.97264
7.7940          1.6049
8.3136          1.5439
8.8332          0.91616
9.3528          0.64966
9.8724          0.60692
10.392          0.68758
10.912          1.0494
11.431          1.6528
11.951          1.4415
12.470          0.84992
12.990          0.63436
13.510          0.61412
14.029          0.73973
14.549          1.1994
15.068          1.6856
15.588          1.2619
16.108          0.76430
16.627          0.61805
17.147          0.62916
17.666          0.82481
18.186          1.3940
18.706          1.6642
19.225          1.0838
19.745          0.69875
20.264          0.60848
20.784          0.64727
21.304          0.90612
21.823          1.5283
22.343          1.6077
22.862          0.97960
23.382          0.66663
23.902          0.60582
24.421          0.66562
24.941          0.97599
25.460          1.6045
25.980          1.5325
26.500          0.90934
27.019          0.64807
27.539          0.60832
28.059          0.69717
28.578          1.0789
29.098          1.6620
29.617          1.3995
30.137          0.82769
30.657          0.62976
31.176          0.61784
31.696          0.76283
32.215          1.2580
32.735          1.6846
33.255          1.2018
33.774          0.74067
34.294          0.61433
34.813          0.63478
35.333          0.85172
35.853          1.4439
36.372          1.6490
36.892          1.0450
37.411          0.68626
37.931          0.60702
38.451          0.65205
38.970          0.92547
39.490          1.5537
40.009          1.5910
40.529          0.95999
41.049          0.66115
41.568          0.60575
42.088          0.67048
42.607          0.99310
43.127          1.6188
43.647          1.5128
44.166          0.89471
44.686          0.64451
45.205          0.60925
45.725          0.70528
46.245          1.1033
46.764          1.6706
47.284          1.3708
47.803          0.81308
48.323          0.62683
48.843          0.61977
49.362          0.77461
49.882          1.2866
50.401          1.6843
50.921          1.1769
51.441          0.73126
51.960          0.61283
52.480          0.63635
52.999          0.85907
