0.0000          1.7193
0.51960         1.0889
1.0392          0.70152
1.5588          0.60989
2.0784          0.62040
2.5980          0.76342
3.1176          1.2653
3.6372          1.7690
4.1568          1.3044
4.6764          0.77883
5.1960          0.62297
5.7156          0.60829
6.2352          0.69262
6.7548          1.0610
7.2744          1.7025
7.7940          1.5168
8.3136          0.88453
8.8332          0.64363
9.3528          0.60280
9.8724          0.65303
10.392          0.92350
10.912          1.5725
11.431          1.6630
11.951          1.0083
12.470          0.67651
12.990          0.60552
13.510          0.62902
14.029          0.81333
14.549          1.3843
15.068          1.7576
15.588          1.1871
16.108          0.73464
16.627          0.61560
17.147          0.61376
17.666          0.72375
18.186          1.1558
18.706          1.7484
19.225          1.4169
19.745          0.82890
20.264          0.63194
20.784          0.60460
21.304          0.67052
21.823          0.98786
22.343          1.6443
22.862          1.5943
23.382          0.94100
23.902          0.65756
24.421          0.60309
24.941          0.64006
25.460          0.86854
25.980          1.4906
26.500          1.7173
27.019          1.0856
27.539          0.70045
28.059          0.60967
28.578          0.62072
29.098          0.76550
29.617          1.2709
30.137          1.7692
30.657          1.2987
31.176          0.77652
31.696          0.62258
32.215          0.60851
32.735          0.69384
33.255          1.0650
33.774          1.7053
34.294          1.5126
34.813          0.88180
35.333          0.64301
35.853          0.60283
36.372          0.65367
36.892          0.92601
37.411          1.5760
37.931          1.6605
38.451          1.0054
38.970          0.67564
39.490          0.60539
40.009          0.62935
40.529          0.81507
41.049          1.3881
41.568          1.7569
42.088          1.1837
42.607          0.73347
43.127          0.61543
43.647          0.61391
44.166          0.72448
44.686          1.1578
45.205          1.7493
45.725          1.4152
46.245          0.82806
46.764          0.63182
47.284          0.60463
47.803          0.67049
48.323          0.98763
48.843          1.6443
49.362          1.5952
49.882          0.94165
50.401          0.65777
50.921          0.60313
51.441          0.63971
51.960          0.86677
52.480          1.4876
52.999          1.7193
