0.0000          1.1600
0.51960         1.6825
1.0392          1.3058
1.5588          0.78293
2.0784          0.62124
2.5980          0.62534
3.1176          0.80512
3.6372          1.3537
4.1568          1.6726
4.6764          1.1164
5.1960          0.70981
5.7156          0.60997
6.2352          0.64407
6.7548          0.89255
7.2744          1.5082
7.7940          1.6168
8.3136          0.99330
8.8332          0.67063
9.3528          0.60622
9.8724          0.66410
10.392          0.97031
10.912          1.5980
11.431          1.5359
11.951          0.91288
12.470          0.64899
12.990          0.60859
13.510          0.69796
14.029          1.0810
14.549          1.6611
15.068          1.3942
15.588          0.82526
16.108          0.62930
16.627          0.61874
17.147          0.76787
17.666          1.2698
18.186          1.6820
18.706          1.1884
19.225          0.73577
19.745          0.61369
20.264          0.63694
20.784          0.86138
21.304          1.4594
21.823          1.6393
22.343          1.0301
22.862          0.68170
23.382          0.60690
23.902          0.65658
24.421          0.94266
24.941          1.5713
25.460          1.5682
25.980          0.93982
26.500          0.65584
27.019          0.60689
27.539          0.68233
28.059          1.0323
28.578          1.6412
29.098          1.4583
29.617          0.86060
30.137          0.63676
30.657          0.61332
31.176          0.73389
31.696          1.1838
32.215          1.6838
32.735          1.2781
33.255          0.77124
33.774          0.61922
34.294          0.62735
34.813          0.81582
35.333          1.3769
35.853          1.6714
36.372          1.1006
36.892          0.70433
37.411          0.60895
37.931          0.64311
38.451          0.88908
38.970          1.5067
39.490          1.6298
40.009          1.0036
40.529          0.67349
41.049          0.60527
41.568          0.65427
42.088          0.93455
42.607          1.5685
43.127          1.5924
43.647          0.95672
44.166          0.66015
44.686          0.60469
45.205          0.66429
45.725          0.97175
46.245          1.6062
46.764          1.5498
47.284          0.91952
47.803          0.65045
48.323          0.60614
48.843          0.68212
49.362          1.0321
49.882          1.6460
50.401          1.4674
50.921          0.86455
51.441          0.63754
51.960          0.61190
52.480          0.72513
52.999          1.1600
