0.0000          0.88226
0.51960         1.5131
1.0392          1.7043
1.5588          1.0642
2.0784          0.69361
2.5980          0.60844
3.1176          0.62273
3.6372          0.77753
4.1568          1.3012
4.6764          1.7688
5.1960          1.2682
5.7156          0.76453
6.2352          0.62055
6.7548          0.60981
7.2744          0.70128
7.7940          1.0882
8.3136          1.7186
8.8332          1.4877
9.3528          0.86686
9.8724          0.63969
10.392          0.60313
10.912          0.65812
11.431          0.94317
11.951          1.5969
12.470          1.6420
12.990          0.98537
13.510          0.66980
14.029          0.60449
14.549          0.63231
15.068          0.83084
15.588          1.4209
16.108          1.7473
16.627          1.1520
17.147          0.72246
17.666          0.61355
18.186          0.61581
18.706          0.73581
19.225          1.1905
19.745          1.7587
20.264          1.3809
20.784          0.81172
21.304          0.62874
21.823          0.60560
22.343          0.67695
22.862          1.0098
23.382          1.6644
23.902          1.5713
24.421          0.92247
24.941          0.65279
25.460          0.60279
25.980          0.64371
26.500          0.88480
27.019          1.5172
27.539          1.7025
28.059          1.0609
28.578          0.69260
29.098          0.60830
29.617          0.62294
30.137          0.77858
30.657          1.3037
31.176          1.7691
31.696          1.2662
32.215          0.76377
32.735          0.62047
33.255          0.60985
33.774          0.70122
34.294          1.0879
34.813          1.7187
35.333          1.4888
35.853          0.86745
36.372          0.63987
36.892          0.60311
37.411          0.65752
37.931          0.94069
38.451          1.5942
38.970          1.6454
39.490          0.98870
40.009          0.67080
40.529          0.60467
41.049          0.63164
41.568          0.82713
42.088          1.4134
42.607          1.7500
43.127          1.1595
43.647          0.72504
44.166          0.61400
44.686          0.61533
45.205          0.73288
45.725          1.1821
46.245          1.7564
46.764          1.3897
47.284          0.81579
47.803          0.62947
48.323          0.60535
48.843          0.67548
49.362          1.0049
49.882          1.6599
50.401          1.5762
50.921          0.92634
51.441          0.65374
51.960          0.60283
52.480          0.64311
52.999          0.88226
