0.0000          1.5220
0.51960         1.6066
1.0392          0.98097
1.5588          0.66712
2.0784          0.60625
2.5980          0.66789
3.1176          0.98377
3.6372          1.6092
4.1568          1.5195
4.6764          0.90061
5.1960          0.64599
5.7156          0.60936
6.2352          0.70487
6.7548          1.1019
7.2744          1.6688
7.7940          1.3704
8.3136          0.81310
8.8332          0.62685
9.3528          0.61997
9.8724          0.77576
10.392          1.2894
10.912          1.6841
11.431          1.1743
11.951          0.73035
12.470          0.61268
12.990          0.63624
13.510          0.85867
14.029          1.4575
14.549          1.6497
15.068          1.0395
15.588          0.68441
16.108          0.60638
16.627          0.64942
17.147          0.91538
17.666          1.5445
18.186          1.6103
18.706          0.97628
19.225          0.66556
19.745          0.60468
20.264          0.65872
20.784          0.95145
21.304          1.5875
21.823          1.5754
22.343          0.94029
22.862          0.65576
23.382          0.60496
23.902          0.67015
24.421          0.99227
24.941          1.6224
25.460          1.5228
25.980          0.89984
26.500          0.64565
27.019          0.60777
27.539          0.69560
28.059          1.0744
28.578          1.6637
29.098          1.4106
29.617          0.83282
30.137          0.63075
30.657          0.61645
31.176          0.75458
31.696          1.2376
32.215          1.6861
32.735          1.2227
33.255          0.74860
33.774          0.61554
34.294          0.63302
34.813          0.84342
35.333          1.4285
35.853          1.6521
36.372          1.0552
36.892          0.68952
37.411          0.60759
37.931          0.65237
38.451          0.92635
38.970          1.5526
39.490          1.5848
40.009          0.95609
40.529          0.66019
41.049          0.60656
41.568          0.67644
42.088          1.0128
42.607          1.6291
43.127          1.4814
43.647          0.87503
44.166          0.64001
44.686          0.61218
45.205          0.72521
45.725          1.1597
46.245          1.6787
46.764          1.3007
47.284          0.78108
47.803          0.62100
48.323          0.62666
48.843          0.81185
49.362          1.3674
49.882          1.6673
50.401          1.1024
50.921          0.70513
51.441          0.60949
51.960          0.64650
52.480          0.90265
52.999          1.5220
