0.0000          0.75359
0.51960         1.2349
1.0392          1.6857
1.5588          1.2258
2.0784          0.75002
2.5980          0.61581
3.1176          0.63284
3.6372          0.84231
4.1568          1.4258
4.6764          1.6520
5.1960          1.0570
5.7156          0.69017
6.2352          0.60775
6.7548          0.65261
7.2744          0.92711
7.7940          1.5528
8.3136          1.5826
8.8332          0.95464
9.3528          0.65983
9.8724          0.60681
10.392          0.67820
10.912          1.0185
11.431          1.6318
11.951          1.4727
12.470          0.86978
12.990          0.63885
13.510          0.61299
14.029          0.73053
14.549          1.1742
15.068          1.6798
15.588          1.2840
16.108          0.77392
16.627          0.61979
17.147          0.62837
17.666          0.82047
18.186          1.3844
18.706          1.6622
19.225          1.0875
19.745          0.70020
20.264          0.60896
20.784          0.64889
21.304          0.91228
21.823          1.5343
22.343          1.5965
22.862          0.96978
23.382          0.66401
23.902          0.60648
24.421          0.67233
24.941          0.99895
25.460          1.6197
25.980          1.4993
26.500          0.88700
27.019          0.64280
27.539          0.61073
28.059          0.71505
28.578          1.1312
29.098          1.6751
29.617          1.3361
30.137          0.79700
30.657          0.62384
31.176          0.62271
31.696          0.79108
32.215          1.3240
32.735          1.6802
33.255          1.1443
33.774          0.71952
34.294          0.61108
34.813          0.63887
35.333          0.87052
35.853          1.4775
36.372          1.6429
36.892          1.0253
37.411          0.68002
37.931          0.60586
38.451          0.65086
38.970          0.92118
39.490          1.5524
40.009          1.6062
40.529          0.97093
41.049          0.66406
41.568          0.60455
42.088          0.65936
42.607          0.95385
43.127          1.5903
43.647          1.5737
44.166          0.93844
44.686          0.65527
45.205          0.60492
45.725          0.67032
46.245          0.99287
46.764          1.6231
47.284          1.5227
47.803          0.89964
48.323          0.64560
48.843          0.60772
49.362          0.69529
49.882          1.0734
50.401          1.6634
50.921          1.4122
51.441          0.83376
51.960          0.63096
52.480          0.61630
52.999          0.75359
