0.0000          0.87266
0.51960         0.64101
1.0392          0.60300
1.5588          0.65599
2.0784          0.93481
2.5980          1.5870
3.1176          1.6518
3.6372          0.99553
4.1568          0.67279
4.6764          0.60498
5.1960          0.63062
5.7156          0.82173
6.2352          1.4022
6.7548          1.7533
7.2744          1.1704
7.7940          0.72881
8.3136          0.61465
8.8332          0.61467
9.3528          0.72889
9.8724          1.1706
10.392          1.7533
10.912          1.4018
11.431          0.82148
11.951          0.63054
12.470          0.60499
12.990          0.67310
13.510          0.99674
14.029          1.6528
14.549          1.5851
15.068          0.93326
15.588          0.65552
16.108          0.60293
16.627          0.64152
17.147          0.87517
17.666          1.5018
18.186          1.7114
18.706          1.0751
19.225          0.69704
19.745          0.60907
20.264          0.62166
20.784          0.77108
21.304          1.2850
21.823          1.7693
22.343          1.2844
22.862          0.77080
23.382          0.62159
23.902          0.60912
24.421          0.69741
24.941          1.0761
25.460          1.7117
25.980          1.5004
26.500          0.87441
27.019          0.64133
27.539          0.60296
28.059          0.65599
28.578          0.93510
29.098          1.5871
29.617          1.6504
30.137          0.99438
30.657          0.67239
31.176          0.60486
31.696          0.63097
32.215          0.82396
32.735          1.4071
33.255          1.7517
33.774          1.1652
34.294          0.72699
34.813          0.61431
35.333          0.61495
35.853          0.73082
36.372          1.1767
36.892          1.7556
37.411          1.3951
37.931          0.81820
38.451          0.62991
38.970          0.60515
39.490          0.67424
40.009          1.0009
40.529          1.6572
41.049          1.5805
41.568          0.92934
42.088          0.65448
42.607          0.60284
43.127          0.64230
43.647          0.87880
44.166          1.5079
44.686          1.7080
45.205          1.0694
45.725          0.69525
46.245          0.60875
46.764          0.62215
47.284          0.77399
47.803          1.2924
48.323          1.7694
48.843          1.2773
49.362          0.76808
49.882          0.62118
50.401          0.60937
50.921          0.69856
51.441          1.0796
51.960          1.7141
52.480          1.4976
52.999          0.87266
