0.0000          1.5802
0.51960         1.5594
1.0392          0.93179
1.5588          0.65376
2.0784          0.60719
2.5980          0.68588
3.1176          1.0438
3.6372          1.6473
4.1568          1.4437
4.6764          0.85195
5.1960          0.63486
5.7156          0.61434
6.2352          0.74078
6.7548          1.2023
7.2744          1.6855
7.7940          1.2586
8.3136          0.76308
8.8332          0.61785
9.3528          0.62896
9.8724          0.82398
10.392          1.3933
10.912          1.6678
11.431          1.0876
11.951          0.69997
12.470          0.60836
12.990          0.64443
13.510          0.89467
14.029          1.5151
14.549          1.6257
15.068          0.99745
15.588          0.67166
16.108          0.60513
16.627          0.65532
17.147          0.93859
17.666          1.5731
18.186          1.5882
18.706          0.95255
19.225          0.65902
19.745          0.60476
20.264          0.66588
20.784          0.97738
21.304          1.6108
21.823          1.5422
22.343          0.91384
22.862          0.64905
23.382          0.60659
23.902          0.68597
24.421          1.0444
24.941          1.6518
25.460          1.4505
25.980          0.85470
26.500          0.63538
27.019          0.61322
27.539          0.73397
28.059          1.1841
28.578          1.6850
29.098          1.2789
29.617          0.77134
30.137          0.61923
30.657          0.62771
31.176          0.81740
31.696          1.3791
32.215          1.6672
32.735          1.0952
33.255          0.70259
33.774          0.60905
34.294          0.64656
34.813          0.90293
35.333          1.5229
35.853          1.6080
36.372          0.98165
36.892          0.66727
37.411          0.60616
37.931          0.66712
38.451          0.98104
38.970          1.6071
39.490          1.5228
40.009          0.90301
40.529          0.64658
41.049          0.60934
41.568          0.70419
42.088          1.0997
42.607          1.6669
43.127          1.3712
43.647          0.81368
44.166          0.62701
44.686          0.62058
45.205          0.77871
45.725          1.2954
46.245          1.6798
46.764          1.1650
47.284          0.72710
47.803          0.61243
48.323          0.63926
48.843          0.87175
49.362          1.4765
49.882          1.6322
50.401          1.0172
50.921          0.67776
51.441          0.60657
51.960          0.65879
52.480          0.95099
52.999          1.5802
