0.0000          1.0969
0.51960         1.6690
1.0392          1.3790
1.5588          0.81705
2.0784          0.62760
2.5980          0.61918
3.1176          0.77106
3.6372          1.2781
4.1568          1.6844
4.6764          1.1841
5.1960          0.73394
5.7156          0.61327
6.2352          0.63610
6.7548          0.85787
7.2744          1.4549
7.7940          1.6463
8.3136          1.0378
8.8332          0.68394
9.3528          0.60669
9.8724          0.65247
10.392          0.92719
10.912          1.5563
11.431          1.5909
11.951          0.95909
12.470          0.66088
12.990          0.60560
13.510          0.66983
14.029          0.99088
14.549          1.6177
15.068          1.5167
15.588          0.89720
16.108          0.64509
16.627          0.60894
17.147          0.70301
17.666          1.0966
18.186          1.6687
18.706          1.3791
19.225          0.81716
19.745          0.62763
20.264          0.61922
20.784          0.77126
21.304          1.2785
21.823          1.6842
22.343          1.1834
22.862          0.73372
23.382          0.61325
23.902          0.63625
24.421          0.85851
24.941          1.4559
25.460          1.6456
25.980          1.0367
26.500          0.68363
27.019          0.60668
27.539          0.65281
28.059          0.92850
28.578          1.5577
29.098          1.5891
29.617          0.95748
30.137          0.66045
30.657          0.60568
31.176          0.67071
31.696          0.99392
32.215          1.6197
32.735          1.5124
33.255          0.89429
33.774          0.64441
34.294          0.60925
34.813          0.70531
35.333          1.1034
35.853          1.6705
36.372          1.3707
36.892          0.81300
37.411          0.62682
37.931          0.61989
38.451          0.77518
38.970          1.2878
39.490          1.6835
40.009          1.1750
40.529          0.73061
41.049          0.61278
41.568          0.63694
42.088          0.86166
42.607          1.4614
43.127          1.6440
43.647          1.0330
44.166          0.68247
44.686          0.60652
45.205          0.65301
45.725          0.92931
46.245          1.5591
46.764          1.5892
47.284          0.95719
47.803          0.66035
48.323          0.60558
48.843          0.67012
49.362          0.99194
49.882          1.6187
50.401          1.5158
50.921          0.89648
51.441          0.64492
51.960          0.60894
52.480          0.70313
52.999          1.0969
