0.0000          1.2499
0.51960         1.6859
1.0392          1.2107
1.5588          0.74403
2.0784          0.61480
2.5980          0.63356
3.1176          0.84609
3.6372          1.4344
4.1568          1.6539
4.6764          1.0538
5.1960          0.68898
5.7156          0.60719
6.2352          0.64993
6.7548          0.91713
7.2744          1.5442
7.7940          1.6015
8.3136          0.97011
8.8332          0.66390
9.3528          0.60539
9.8724          0.66548
10.392          0.97574
10.912          1.6063
11.431          1.5372
11.951          0.91179
12.470          0.64861
12.990          0.60756
13.510          0.69223
14.029          1.0639
14.549          1.6581
15.068          1.4213
15.588          0.83891
16.108          0.63204
16.627          0.61578
17.147          0.75030
17.666          1.2269
18.186          1.6864
18.706          1.2336
19.225          0.75294
19.745          0.61620
20.264          0.63150
20.784          0.83631
21.304          1.4163
21.823          1.6592
22.343          1.0674
22.862          0.69335
23.382          0.60773
23.902          0.64848
24.421          0.91122
24.941          1.5361
25.460          1.6058
25.980          0.97576
26.500          0.66550
27.019          0.60550
27.539          0.66463
28.059          0.97266
28.578          1.6032
29.098          1.5398
29.617          0.91409
30.137          0.64919
30.657          0.60755
31.176          0.69173
31.696          1.0623
32.215          1.6570
32.735          1.4225
33.255          0.83969
33.774          0.63221
34.294          0.61580
34.813          0.75033
35.333          1.2269
35.853          1.6860
36.372          1.2331
36.892          0.75275
37.411          0.61619
37.931          0.63172
38.451          0.83733
38.970          1.4180
39.490          1.6579
40.009          1.0654
40.529          0.69273
41.049          0.60771
41.568          0.64912
42.088          0.91376
42.607          1.5390
43.127          1.6024
43.647          0.97241
44.166          0.66458
44.686          0.60562
45.205          0.66635
45.725          0.97870
46.245          1.6077
46.764          1.5312
47.284          0.90788
47.803          0.64768
48.323          0.60814
48.843          0.69638
49.362          1.0766
49.882          1.6622
50.401          1.4038
50.921          0.82979
51.441          0.63017
51.960          0.61725
52.480          0.75944
52.999          1.2499
