0.0000          0.60815
0.51960         0.69135
1.0392          1.0567
1.5588          1.7003
2.0784          1.5230
2.5980          0.88842
3.1176          0.64465
3.6372          0.60278
4.1568          0.65114
4.6764          0.91542
5.1960          1.5622
5.7156          1.6733
6.2352          1.0200
6.7548          0.68010
7.2744          0.60622
7.7940          0.62716
8.3136          0.80250
8.8332          1.3603
9.3528          1.7635
9.8724          1.2114
10.392          0.74333
10.912          0.61712
11.431          0.61237
11.951          0.71527
12.470          1.1306
12.990          1.7396
13.510          1.4441
14.029          0.84254
14.549          0.63463
15.068          0.60390
15.588          0.66524
16.108          0.96921
16.627          1.6264
17.147          1.6149
17.666          0.95833
18.186          0.66218
18.706          0.60352
19.225          0.63661
19.745          0.85234
20.264          1.4626
20.784          1.7316
21.304          1.1120
21.823          0.70892
22.343          0.61117
22.862          0.61862
23.382          0.75282
23.902          1.2374
24.421          1.7666
24.941          1.3319
25.460          0.79000
25.980          0.62478
26.500          0.60732
27.019          0.68769
27.539          1.0455
28.059          1.6913
28.578          1.5315
29.098          0.89427
29.617          0.64577
30.137          0.60268
30.657          0.65134
31.176          0.91728
31.696          1.5639
32.215          1.6676
32.735          1.0147
33.255          0.67831
33.774          0.60571
34.294          0.62850
34.813          0.81099
35.333          1.3795
35.853          1.7582
36.372          1.1909
36.892          0.73596
37.411          0.61580
37.931          0.61357
38.451          0.72285
38.970          1.1535
39.490          1.7481
40.009          1.4188
40.529          0.82967
41.049          0.63208
41.568          0.60453
42.088          0.67009
42.607          0.98658
43.127          1.6438
43.647          1.5958
44.166          0.94188
44.686          0.65779
45.205          0.60310
45.725          0.63968
46.245          0.86683
46.764          1.4881
47.284          1.7194
47.803          1.0885
48.323          0.70143
48.843          0.60990
49.362          0.62034
49.882          0.76298
50.401          1.2643
50.921          1.7695
51.441          1.3061
51.960          0.77955
52.480          0.62317
52.999          0.60815
