0.0000          0.68411
0.51960         1.0385
1.0392          1.6491
1.5588          1.4588
2.0784          0.85946
2.5980          0.63642
3.1176          0.61259
3.6372          0.72971
4.1568          1.1725
4.6764          1.6837
5.1960          1.2917
5.7156          0.77684
6.2352          0.62019
6.7548          0.62666
7.2744          0.81197
7.7940          1.3678
8.3136          1.6691
8.8332          1.1043
9.3528          0.70572
9.8724          0.60948
10.392          0.64576
10.912          0.89956
11.431          1.5178
11.951          1.6099
12.470          0.98492
12.990          0.66823
13.510          0.60628
14.029          0.66695
14.549          0.98035
15.068          1.6060
15.588          1.5226
16.108          0.90311
16.627          0.64662
17.147          0.60948
17.666          0.70497
18.186          1.1019
18.706          1.6671
19.225          1.3679
19.745          0.81212
20.264          0.62671
20.784          0.62094
21.304          0.78075
21.823          1.3000
22.343          1.6790
22.862          1.1605
23.382          0.72549
23.902          0.61221
24.421          0.63983
24.941          0.87423
25.460          1.4803
25.980          1.6301
26.500          1.0140
27.019          0.67680
27.539          0.60653
28.059          0.65959
28.578          0.95393
29.098          1.5830
29.617          1.5558
30.137          0.92880
30.657          0.65299
31.176          0.60737
31.696          0.68763
32.215          1.0493
32.735          1.6497
33.255          1.4366
33.774          0.84797
34.294          0.63401
34.813          0.61487
35.333          0.74425
35.853          1.2113
36.372          1.6858
36.892          1.2495
37.411          0.75938
37.931          0.61723
38.451          0.62970
38.970          0.82767
39.490          1.4006
40.009          1.6662
40.529          1.0822
41.049          0.69816
41.568          0.60811
42.088          0.64487
42.607          0.89657
43.127          1.5180
43.647          1.6247
44.166          0.99566
44.686          0.67114
45.205          0.60505
45.725          0.65533
46.245          0.93865
46.764          1.5734
47.284          1.5888
47.803          0.95288
48.323          0.65911
48.843          0.60469
49.362          0.66530
49.882          0.97535
50.401          1.6094
50.921          1.5454
51.441          0.91614
51.960          0.64961
52.480          0.60636
52.999          0.68411
