0.0000          0.78281
0.51960         1.3046
1.0392          1.6778
1.5588          1.1557
2.0784          0.72380
2.5980          0.61201
3.1176          0.64066
3.6372          0.87779
4.1568          1.4855
4.6764          1.6263
5.1960          1.0090
5.7156          0.67531
6.2352          0.60657
6.7548          0.66143
7.2744          0.96065
7.7940          1.5889
8.3136          1.5465
8.8332          0.92153
9.3528          0.65116
9.8724          0.60795
10.392          0.69260
10.912          1.0648
11.431          1.6561
11.951          1.4158
12.470          0.83655
12.990          0.63160
13.510          0.61650
14.029          0.75467
14.549          1.2381
15.068          1.6863
15.588          1.2225
16.108          0.74864
16.627          0.61550
17.147          0.63200
17.666          0.83884
18.186          1.4219
18.706          1.6609
19.225          1.0660
19.745          0.69287
20.264          0.60741
20.784          0.64640
21.304          0.90298
21.823          1.5275
22.343          1.6205
22.862          0.98925
23.382          0.66927
23.902          0.60486
24.421          0.65599
24.941          0.94120
25.460          1.5767
25.980          1.5872
26.500          0.95092
27.019          0.65857
27.539          0.60462
28.059          0.66531
28.578          0.97538
29.098          1.6098
29.617          1.5463
30.137          0.91656
30.657          0.64971
31.176          0.60623
31.696          0.68323
32.215          1.0357
32.735          1.6480
33.255          1.4630
33.774          0.86186
34.294          0.63694
34.813          0.61222
35.333          0.72727
35.853          1.1658
36.372          1.6833
36.892          1.2991
37.411          0.77990
37.931          0.62070
38.451          0.62601
38.970          0.80868
39.490          1.3612
40.009          1.6707
40.529          1.1094
41.049          0.70737
41.568          0.60970
42.088          0.64525
42.607          0.89746
43.127          1.5149
43.647          1.6114
44.166          0.98680
44.686          0.66876
45.205          0.60634
45.725          0.66682
46.245          0.97987
46.764          1.6053
47.284          1.5225
47.803          0.90317
48.323          0.64664
48.843          0.60959
49.362          0.70560
49.882          1.1037
50.401          1.6672
50.921          1.3651
51.441          0.81080
51.960          0.62647
52.480          0.62132
52.999          0.78281
