0.0000          0.83385
0.51960         1.4121
1.0392          1.6625
1.5588          1.0728
2.0784          0.69510
2.5980          0.60776
3.1176          0.64630
3.6372          0.90248
4.1568          1.5260
4.6764          1.6185
5.1960          0.98834
5.7156          0.66903
6.2352          0.60506
6.7548          0.65780
7.2744          0.94793
7.7940          1.5826
8.3136          1.5762
8.8332          0.94207
9.3528          0.65624
9.8724          0.60522
10.392          0.67151
10.912          0.99688
11.431          1.6246
11.951          1.5144
12.470          0.89449
12.990          0.64440
13.510          0.60854
14.029          0.70111
14.549          1.0910
15.068          1.6684
15.588          1.3885
16.108          0.82164
16.627          0.62850
17.147          0.61827
17.666          0.76566
18.186          1.2649
18.706          1.6850
19.225          1.1966
19.745          0.73872
20.264          0.61403
20.784          0.63527
21.304          0.85385
21.823          1.4471
22.343          1.6467
22.862          1.0421
23.382          0.68540
23.902          0.60706
24.421          0.65340
24.941          0.93050
25.460          1.5585
25.980          1.5832
26.500          0.95338
27.019          0.65941
27.539          0.60628
28.059          0.67538
28.578          1.0095
29.098          1.6283
29.617          1.4883
30.137          0.87899
30.657          0.64089
31.176          0.61137
31.696          0.71999
32.215          1.1454
32.735          1.6778
33.255          1.3185
33.774          0.78880
34.294          0.62233
34.813          0.62476
35.333          0.80201
35.853          1.3472
36.372          1.6730
36.892          1.1206
37.411          0.71132
37.931          0.61020
38.451          0.64364
38.970          0.89074
39.490          1.5058
40.009          1.6189
40.529          0.99576
41.049          0.67135
41.568          0.60612
42.088          0.66265
42.607          0.96497
43.127          1.5935
43.647          1.5448
44.166          0.91970
44.686          0.65070
45.205          0.60777
45.725          0.69171
46.245          1.0612
46.764          1.6540
47.284          1.4233
47.803          0.84085
48.323          0.63254
48.843          0.61584
49.362          0.75012
49.882          1.2256
50.401          1.6857
50.921          1.2357
51.441          0.75390
51.960          0.61635
52.480          0.63099
52.999          0.83385
