0.0000          0.84877
0.51960         0.63599
1.0392          0.60374
1.5588          0.66314
2.0784          0.96114
2.5980          1.6169
3.1176          1.6236
3.6372          0.96762
4.1568          0.66488
4.6764          0.60390
5.1960          0.63522
5.7156          0.84516
6.2352          1.4481
6.7548          1.7359
7.2744          1.1260
7.7940          0.71381
8.3136          0.61199
8.8332          0.61775
9.3528          0.74774
9.8724          1.2234
10.392          1.7636
10.912          1.3457
11.431          0.79626
11.951          0.62589
12.470          0.60687
12.990          0.68516
13.510          1.0373
14.029          1.6851
14.549          1.5396
15.068          0.89993
15.588          0.64709
16.108          0.60266
16.627          0.65012
17.147          0.91241
17.666          1.5572
18.186          1.6723
18.706          1.0206
19.225          0.68008
19.745          0.60600
20.264          0.62786
20.784          0.80745
21.304          1.3713
21.823          1.7593
22.343          1.1985
22.862          0.73870
23.382          0.61623
23.902          0.61325
24.421          0.72112
24.941          1.1479
25.460          1.7449
25.980          1.4247
26.500          0.83293
27.019          0.63274
27.539          0.60443
28.059          0.66928
28.578          0.98343
29.098          1.6397
29.617          1.5993
30.137          0.94548
30.657          0.65883
31.176          0.60325
31.696          0.63905
32.215          0.86360
32.735          1.4820
33.255          1.7222
33.774          1.0946
34.294          0.70344
34.813          0.61028
35.333          0.61986
35.853          0.75990
36.372          1.2560
36.892          1.7688
37.411          1.3147
37.931          0.78313
38.451          0.62379
38.970          0.60782
39.490          0.68941
40.009          1.0504
40.529          1.6961
41.049          1.5298
41.568          0.89290
42.088          0.64571
42.607          0.60276
43.127          0.64992
43.647          0.91045
44.166          1.5554
44.686          1.6786
45.205          1.0266
45.725          0.68210
46.245          0.60657
46.764          0.62634
47.284          0.79778
47.803          1.3495
48.323          1.7653
48.843          1.2223
49.362          0.74734
49.882          0.61781
50.401          0.61183
50.921          0.71196
51.441          1.1205
51.960          1.7350
52.480          1.4553
52.999          0.84877
