0.0000          0.60806
0.51960         0.65208
1.0392          0.92494
1.5588          1.5497
2.0784          1.5833
2.5980          0.95603
3.1176          0.66024
3.6372          0.60698
4.1568          0.67886
4.6764          1.0205
5.1960          1.6323
5.7156          1.4686
6.2352          0.86749
6.7548          0.63835
7.2744          0.61348
7.7940          0.73358
8.3136          1.1823
8.8332          1.6798
9.3528          1.2743
9.8724          0.76991
10.392          0.61915
10.912          0.62949
11.431          0.82598
11.951          1.3949
12.470          1.6584
12.990          1.0781
13.510          0.69712
14.029          0.60870
14.549          0.65078
15.068          0.91975
15.588          1.5431
16.108          1.5877
16.627          0.96097
17.147          0.66161
17.666          0.60681
18.186          0.67662
18.706          1.0132
19.225          1.6283
19.745          1.4800
20.264          0.87459
20.784          0.63995
21.304          0.61215
21.823          0.72507
22.343          1.1593
22.862          1.6799
23.382          1.3037
23.902          0.78236
24.421          0.62118
24.941          0.62536
25.460          0.80544
25.980          1.3554
26.500          1.6755
27.019          1.1180
27.539          0.71029
28.059          0.60976
28.578          0.64122
29.098          0.88093
29.617          1.4945
30.137          1.6366
30.657          1.0135
31.176          0.67643
31.696          0.60544
32.215          0.65202
32.735          0.92582
33.255          1.5588
33.774          1.6032
34.294          0.96693
34.813          0.66294
35.333          0.60443
35.853          0.65958
36.372          0.95468
36.892          1.5917
37.411          1.5740
37.931          0.93832
38.451          0.65523
38.970          0.60480
39.490          0.66953
40.009          0.99017
40.529          1.6216
41.049          1.5272
41.568          0.90260
42.088          0.64630
42.607          0.60735
43.127          0.69256
43.647          1.0650
44.166          1.6606
44.686          1.4234
45.205          0.83963
45.725          0.63217
46.245          0.61541
46.764          0.74800
47.284          1.2207
47.803          1.6858
48.323          1.2396
48.843          0.75538
49.362          0.61665
49.882          0.63168
50.401          0.83684
50.921          1.4159
51.441          1.6546
51.960          1.0640
52.480          0.69246
52.999          0.60806
