0.0000          1.2119
0.51960         1.6864
1.0392          1.2492
1.5588          0.75909
2.0784          0.61719
2.5980          0.63027
3.1176          0.83028
3.6372          1.4046
4.1568          1.6613
4.6764          1.0754
5.1960          0.69598
5.7156          0.60816
6.2352          0.64842
6.7548          0.91079
7.2744          1.5344
7.7940          1.6031
8.3136          0.97433
8.8332          0.66514
9.3528          0.60588
9.8724          0.66750
10.392          0.98257
10.912          1.6096
11.431          1.5236
11.951          0.90293
12.470          0.64652
12.990          0.60895
13.510          0.70202
14.029          1.0934
14.549          1.6663
15.068          1.3807
15.588          0.81819
16.108          0.62786
16.627          0.61950
17.147          0.77264
17.666          1.2814
18.186          1.6823
18.706          1.1790
19.225          0.73217
19.745          0.61310
20.264          0.63734
20.784          0.86332
21.304          1.4633
21.823          1.6400
22.343          1.0289
22.862          0.68128
23.382          0.60668
23.902          0.65555
24.421          0.93890
24.941          1.5683
25.460          1.5749
25.980          0.94497
26.500          0.65715
27.019          0.60638
27.539          0.67811
28.059          1.0187
28.578          1.6347
29.098          1.4775
29.617          0.87191
30.137          0.63925
30.657          0.61181
31.176          0.72375
31.696          1.1562
32.215          1.6810
32.735          1.3083
33.255          0.78411
33.774          0.62145
34.294          0.62490
34.813          0.80310
35.333          1.3505
35.853          1.6761
36.372          1.1215
36.892          0.71148
37.411          0.60996
37.931          0.64143
38.451          0.88175
38.970          1.4950
39.490          1.6334
40.009          1.0108
40.529          0.67565
41.049          0.60560
41.568          0.65424
42.088          0.93437
42.607          1.5672
43.127          1.5898
43.647          0.95527
44.166          0.65977
44.686          0.60499
45.205          0.66676
45.725          0.98044
46.245          1.6122
46.764          1.5358
47.284          0.90969
47.803          0.64805
48.323          0.60718
48.843          0.69036
49.362          1.0582
49.882          1.6571
50.401          1.4309
50.921          0.84387
51.441          0.63306
51.960          0.61484
52.480          0.74449
52.999          1.2119
