0.0000          0.97285
0.51960         1.5497
1.0392          1.4381
1.5588          0.86879
2.0784          0.64257
2.5980          0.63270
3.1176          0.82046
3.6372          1.3607
4.1568          1.5946
4.6764          1.0440
5.1960          0.69126
5.7156          0.62010
6.2352          0.71371
6.7548          1.1113
7.2744          1.6185
7.7940          1.2881
8.3136          0.78400
8.8332          0.62688
9.3528          0.65394
9.8724          0.91537
10.392          1.4957
10.912          1.5000
11.431          0.91937
11.951          0.65498
12.470          0.62648
12.990          0.78116
13.510          1.2819
14.029          1.6199
14.549          1.1172
15.068          0.71575
15.588          0.62017
16.108          0.68961
16.627          1.0388
17.147          1.5921
17.666          1.3664
18.186          0.82360
18.706          0.63326
19.225          0.64176
19.745          0.86518
20.264          1.4330
20.784          1.5534
21.304          0.97757
21.823          0.67102
22.343          0.62218
22.862          0.74458
23.382          1.1951
23.902          1.6289
24.421          1.2017
24.941          0.74720
25.460          0.62243
25.980          0.66966
26.500          0.97285
27.019          1.5497
27.539          1.4381
28.059          0.86879
28.578          0.64257
29.098          0.63270
29.617          0.82046
30.137          1.3607
30.657          1.5946
31.176          1.0440
31.696          0.69126
32.215          0.62010
32.735          0.71371
33.255          1.1113
33.774          1.6185
34.294          1.2881
34.813          0.78400
35.333          0.62688
35.853          0.65394
36.372          0.91537
36.892          1.4957
37.411          1.5000
37.931          0.91937
38.451          0.65498
38.970          0.62648
39.490          0.78116
40.009          1.2819
40.529          1.6199
41.049          1.1172
41.568          0.71575
42.088          0.62017
42.607          0.68961
43.127          1.0388
43.647          1.5921
44.166          1.3664
44.686          0.82360
45.205          0.63326
45.725          0.64176
46.245          0.86518
46.764          1.4330
47.284          1.5534
47.803          0.97757
48.323          0.67102
48.843          0.62218
49.362          0.74458
49.882          1.1951
50.401          1.6289
50.921          1.2017
51.441          0.74720
51.960          0.62243
52.480          0.66966
52.999          0.97285
