0.0000          0.98178
0.51960         1.5566
1.0392          1.4284
1.5588          0.86200
2.0784          0.64105
2.5980          0.63379
3.1176          0.82644
3.6372          1.3714
4.1568          1.5898
4.6764          1.0342
5.1960          0.68815
5.7156          0.62023
6.2352          0.71754
6.7548          1.1223
7.2744          1.6211
7.7940          1.2766
8.3136          0.77874
8.8332          0.62613
9.3528          0.65579
9.8724          0.92251
10.392          1.5035
10.912          1.4925
11.431          0.91240
11.951          0.65316
12.470          0.62711
12.990          0.78585
13.510          1.2922
14.029          1.6178
14.549          1.1077
15.068          0.71242
15.588          0.62001
16.108          0.69214
16.627          1.0468
17.147          1.5961
17.666          1.3579
18.186          0.81885
18.706          0.63238
19.225          0.64288
19.745          0.87025
20.264          1.4403
20.784          1.5485
21.304          0.97108
21.823          0.66913
22.343          0.62249
22.862          0.74801
23.382          1.2038
23.902          1.6289
24.421          1.1931
24.941          0.74379
25.460          0.62209
25.980          0.67138
26.500          0.97884
27.019          1.5545
27.539          1.4317
28.059          0.86424
28.578          0.64155
29.098          0.63341
29.617          0.82442
30.137          1.3678
30.657          1.5914
31.176          1.0375
31.696          0.68918
32.215          0.62021
32.735          0.71636
33.255          1.1189
33.774          1.6202
34.294          1.2800
34.813          0.78031
35.333          0.62639
35.853          0.65540
36.372          0.92089
36.892          1.5015
37.411          1.4938
37.931          0.91376
38.451          0.65355
38.970          0.62711
39.490          0.78544
40.009          1.2911
40.529          1.6176
41.049          1.1083
41.568          0.71267
42.088          0.62011
42.607          0.69230
43.127          1.0472
43.647          1.5959
44.166          1.3570
44.686          0.81847
45.205          0.63237
45.725          0.64322
46.245          0.87150
46.764          1.4418
47.284          1.5467
47.803          0.96923
48.323          0.66864
48.843          0.62269
49.362          0.74945
49.882          1.2074
50.401          1.6287
50.921          1.1894
51.441          0.74237
51.960          0.62199
52.480          0.67225
52.999          0.98178
