0.0000          0.97978
0.51960         1.5552
1.0392          1.4307
1.5588          0.86356
2.0784          0.64139
2.5980          0.63352
3.1176          0.82498
3.6372          1.3688
4.1568          1.5909
4.6764          1.0366
5.1960          0.68889
5.7156          0.62023
6.2352          0.71676
6.7548          1.1200
7.2744          1.6204
7.7940          1.2788
8.3136          0.77977
8.8332          0.62633
9.3528          0.65566
9.8724          0.92184
10.392          1.5024
10.912          1.4926
11.431          0.91276
11.951          0.65330
12.470          0.62726
12.990          0.78633
13.510          1.2930
14.029          1.6170
14.549          1.1064
15.068          0.71204
15.588          0.62011
16.108          0.69295
16.627          1.0492
17.147          1.5967
17.666          1.3547
18.186          0.81725
18.706          0.63218
19.225          0.64362
19.745          0.87321
20.264          1.4440
20.784          1.5447
21.304          0.96697
21.823          0.66801
22.343          0.62285
22.862          0.75089
23.382          1.2109
23.902          1.6285
24.421          1.1858
24.941          0.74098
25.460          0.62187
25.980          0.67305
26.500          0.98452
27.019          1.5586
27.539          1.4254
28.059          0.85995
28.578          0.64060
29.098          0.63414
29.617          0.82833
30.137          1.3748
30.657          1.5882
31.176          1.0312
31.696          0.68720
32.215          0.62028
32.735          0.71876
33.255          1.1258
33.774          1.6219
34.294          1.2730
34.813          0.77711
35.333          0.62590
35.853          0.65635
36.372          0.92468
36.892          1.5058
37.411          1.4903
37.931          0.91036
38.451          0.65262
38.970          0.62728
39.490          0.78715
40.009          1.2950
40.529          1.6172
41.049          1.1051
41.568          0.71152
42.088          0.61996
42.607          0.69277
43.127          1.0489
43.647          1.5972
44.166          1.3558
44.686          0.81769
45.205          0.63216
45.725          0.64312
46.245          0.87133
46.764          1.4418
47.284          1.5475
47.803          0.96978
48.323          0.66875
48.843          0.62253
49.362          0.74861
49.882          1.2054
50.401          1.6290
50.921          1.1916
51.441          0.74321
51.960          0.62203
52.480          0.67165
52.999          0.97978
