0.0000          0.95220
0.51960         1.5326
1.0392          1.4609
1.5588          0.88568
2.0784          0.64648
2.5980          0.63011
3.1176          0.80571
3.6372          1.3331
4.1568          1.6060
4.6764          1.0698
5.1960          0.69959
5.7156          0.61981
6.2352          0.70393
6.7548          1.0828
7.2744          1.6106
7.7940          1.3189
8.3136          0.79864
8.8332          0.62900
9.3528          0.64878
9.8724          0.89505
10.392          1.4725
10.912          1.5222
11.431          0.94121
11.951          0.66078
12.470          0.62451
12.990          0.76616
13.510          1.2479
14.029          1.6258
14.549          1.1497
15.068          0.72742
15.588          0.62080
16.108          0.68119
16.627          1.0117
17.147          1.5770
17.666          1.3958
18.186          0.84085
18.706          0.63660
19.225          0.63785
19.745          0.84699
20.264          1.4056
20.784          1.5711
21.304          1.0026
21.823          0.67844
22.343          0.62117
22.862          0.73199
23.382          1.1620
23.902          1.6268
24.421          1.2349
24.941          0.76074
25.460          0.62395
25.980          0.66351
26.500          0.95091
27.019          1.5307
27.539          1.4611
28.059          0.88626
28.578          0.64671
29.098          0.63040
29.617          0.80669
30.137          1.3346
30.657          1.6044
31.176          1.0676
31.696          0.69894
32.215          0.61999
32.735          0.70539
33.255          1.0869
33.774          1.6114
34.294          1.3138
34.813          0.79625
35.333          0.62872
35.853          0.64990
36.372          0.89933
36.892          1.4773
37.411          1.5170
37.931          0.93614
38.451          0.65945
38.970          0.62502
39.490          0.76991
40.009          1.2566
40.529          1.6245
41.049          1.1413
41.568          0.72435
42.088          0.62059
42.607          0.68317
43.127          1.0183
43.647          1.5811
44.166          1.3890
44.686          0.83663
45.205          0.63571
45.725          0.63855
46.245          0.85058
46.764          1.4115
47.284          1.5683
47.803          0.99778
48.323          0.67693
48.843          0.62118
49.362          0.73369
49.882          1.1668
50.401          1.6278
50.921          1.2307
51.441          0.75887
51.960          0.62361
52.480          0.66378
52.999          0.95220
