0.0000          0.94908
0.51960         1.5293
1.0392          1.4634
1.5588          0.88797
2.0784          0.64710
2.5980          0.63007
3.1176          0.80491
3.6372          1.3312
4.1568          1.6059
4.6764          1.0709
5.1960          0.70003
5.7156          0.61993
6.2352          0.70403
6.7548          1.0830
7.2744          1.6102
7.7940          1.3183
8.3136          0.79842
8.8332          0.62903
9.3528          0.64910
9.8724          0.89618
10.392          1.4736
10.912          1.5206
11.431          0.93972
11.951          0.66041
12.470          0.62470
12.990          0.76745
13.510          1.2509
14.029          1.6253
14.549          1.1468
15.068          0.72635
15.588          0.62072
16.108          0.68185
16.627          1.0140
17.147          1.5785
17.666          1.3936
18.186          0.83944
18.706          0.63629
19.225          0.63802
19.745          0.84794
20.264          1.4073
20.784          1.5706
21.304          1.0014
21.823          0.67805
22.343          0.62110
22.862          0.73211
23.382          1.1625
23.902          1.6273
24.421          1.2349
24.941          0.76065
25.460          0.62385
25.980          0.66316
26.500          0.94987
27.019          1.5303
27.539          1.4631
28.059          0.88749
28.578          0.64694
29.098          0.62998
29.617          0.80470
30.137          1.3310
30.657          1.6064
31.176          1.0715
31.696          0.70018
32.215          0.61985
32.735          0.70354
33.255          1.0816
33.774          1.6100
34.294          1.3200
34.813          0.79922
35.333          0.62912
35.853          0.64868
36.372          0.89460
36.892          1.4718
37.411          1.5226
37.931          0.94165
38.451          0.66091
38.970          0.62450
39.490          0.76597
40.009          1.2475
40.529          1.6258
41.049          1.1502
41.568          0.72757
42.088          0.62080
42.607          0.68104
43.127          1.0113
43.647          1.5768
44.166          1.3964
44.686          0.84120
45.205          0.63665
45.725          0.63771
46.245          0.84637
46.764          1.4047
47.284          1.5719
47.803          1.0036
48.323          0.67873
48.843          0.62108
49.362          0.73130
49.882          1.1602
50.401          1.6268
50.921          1.2370
51.441          0.76156
51.960          0.62401
52.480          0.66298
52.999          0.94908
