0.0000          0.97977
0.51960         1.5543
1.0392          1.4293
1.5588          0.86302
2.0784          0.64139
2.5980          0.63403
3.1176          0.82713
3.6372          1.3722
4.1568          1.5883
4.6764          1.0326
5.1960          0.68772
5.7156          0.62042
6.2352          0.71886
6.7548          1.1259
7.2744          1.6215
7.7940          1.2724
8.3136          0.77693
8.8332          0.62593
9.3528          0.65665
9.8724          0.92571
10.392          1.5067
10.912          1.4889
11.431          0.90921
11.951          0.65234
12.470          0.62744
12.990          0.78815
13.510          1.2972
14.029          1.6168
14.549          1.1032
15.068          0.71083
15.588          0.61988
16.108          0.69310
16.627          1.0500
17.147          1.5981
17.666          1.3551
18.186          0.81716
18.706          0.63199
19.225          0.64293
19.745          0.87081
20.264          1.4416
20.784          1.5490
21.304          0.97090
21.823          0.66899
22.343          0.62225
22.862          0.74710
23.382          1.2018
23.902          1.6297
24.421          1.1959
24.941          0.74475
25.460          0.62203
25.980          0.67020
26.500          0.97511
27.019          1.5523
27.539          1.4370
28.059          0.86756
28.578          0.64219
29.098          0.63248
29.617          0.81995
30.137          1.3602
30.657          1.5959
31.176          1.0453
31.696          0.69160
32.215          0.61993
32.735          0.71261
33.255          1.1083
33.774          1.6181
34.294          1.2917
34.813          0.78557
35.333          0.62707
35.853          0.65327
36.372          0.91281
36.892          1.4929
37.411          1.5028
37.931          0.92194
38.451          0.65566
38.970          0.62629
39.490          0.77958
40.009          1.2783
40.529          1.6203
41.049          1.1202
41.568          0.71686
42.088          0.62034
42.607          0.68927
43.127          1.0375
43.647          1.5908
44.166          1.3669
44.686          0.82408
45.205          0.63348
45.725          0.64217
46.245          0.86649
46.764          1.4342
47.284          1.5507
47.803          0.97516
48.323          0.67043
48.843          0.62260
49.362          0.74713
49.882          1.2012
50.401          1.6280
50.921          1.1947
51.441          0.74457
51.960          0.62235
52.480          0.67176
52.999          0.97977
