0.0000          0.96543
0.51960         1.5428
1.0392          1.4445
1.5588          0.87398
2.0784          0.64390
2.5980          0.63241
3.1176          0.81795
3.6372          1.3556
4.1568          1.5954
4.6764          1.0476
5.1960          0.69251
5.7156          0.62027
6.2352          0.71321
6.7548          1.1096
7.2744          1.6175
7.7940          1.2892
8.3136          0.78462
8.8332          0.62706
9.3528          0.65409
9.8724          0.91572
10.392          1.4957
10.912          1.4990
11.431          0.91872
11.951          0.65485
12.470          0.62663
12.990          0.78199
13.510          1.2837
14.029          1.6195
14.549          1.1155
15.068          0.71513
15.588          0.62010
16.108          0.68987
16.627          1.0398
17.147          1.5930
17.666          1.3659
18.186          0.82317
18.706          0.63311
19.225          0.64151
19.745          0.86443
20.264          1.4324
20.784          1.5552
21.304          0.97907
21.823          0.67137
22.343          0.62187
22.862          0.74277
23.382          1.1908
23.902          1.6296
24.421          1.2069
24.941          0.74912
25.460          0.62245
25.980          0.66794
26.500          0.96725
27.019          1.5461
27.539          1.4456
28.059          0.87374
28.578          0.64359
29.098          0.63148
29.617          0.81438
30.137          1.3500
30.657          1.6004
31.176          1.0549
31.696          0.69465
32.215          0.61976
32.735          0.70873
33.255          1.0972
33.774          1.6154
34.294          1.3040
34.813          0.79130
35.333          0.62784
35.853          0.65100
36.372          0.90407
36.892          1.4833
37.411          1.5129
37.931          0.93144
38.451          0.65813
38.970          0.62527
39.490          0.77242
40.009          1.2624
40.529          1.6236
41.049          1.1358
41.568          0.72237
42.088          0.62053
42.607          0.68482
43.127          1.0234
43.647          1.5836
44.166          1.3827
44.686          0.83305
45.205          0.63511
45.725          0.63980
46.245          0.85594
46.764          1.4191
47.284          1.5618
47.803          0.98957
48.323          0.67461
48.843          0.62183
49.362          0.73914
49.882          1.1807
50.401          1.6277
50.921          1.2154
51.441          0.75278
51.960          0.62318
52.480          0.66766
52.999          0.96543
