0.0000          1.0121
0.51960         1.5788
1.0392          1.3978
1.5588          0.84142
2.0784          0.63648
2.5980          0.63679
3.1176          0.84291
3.6372          1.4000
4.1568          1.5771
4.6764          1.0098
5.1960          0.68043
5.7156          0.62054
6.2352          0.72700
6.7548          1.1489
7.2744          1.6262
7.7940          1.2496
8.3136          0.76678
8.8332          0.62454
9.3528          0.66036
9.8724          0.93967
10.392          1.5206
10.912          1.4740
11.431          0.89648
11.951          0.64917
12.470          0.62902
12.990          0.79825
13.510          1.3177
14.029          1.6098
14.549          1.0831
15.068          0.70416
15.588          0.62011
16.108          0.70071
16.627          1.0726
17.147          1.6055
17.666          1.3282
18.186          0.80366
18.706          0.63008
19.225          0.64837
19.745          0.89251
20.264          1.4679
20.784          1.5221
21.304          0.94279
21.823          0.66143
22.343          0.62503
22.862          0.76781
23.382          1.2511
23.902          1.6236
24.421          1.1450
24.941          0.72593
25.460          0.62104
25.980          0.68363
26.500          1.0191
27.019          1.5799
27.539          1.3857
28.059          0.83530
28.578          0.63570
29.098          0.63986
29.617          0.85562
30.137          1.4181
30.657          1.5611
31.176          0.98957
31.696          0.67468
32.215          0.62194
32.735          0.73956
33.255          1.1818
33.774          1.6278
34.294          1.2145
34.813          0.75239
35.333          0.62303
35.853          0.66734
36.372          0.96462
36.892          1.5429
37.411          1.4469
37.931          0.87526
38.451          0.64405
38.970          0.63163
39.490          0.81458
40.009          1.3501
40.529          1.5997
41.049          1.0544
41.568          0.69452
42.088          0.61979
42.607          0.70898
43.127          1.0980
43.647          1.6159
44.166          1.3035
44.686          0.79102
45.205          0.62768
45.725          0.65054
46.245          0.90269
46.764          1.4826
47.284          1.5161
47.803          0.93373
48.323          0.65861
48.843          0.62460
49.362          0.76892
49.882          1.2550
50.401          1.6264
50.921          1.1445
51.441          0.72529
51.960          0.62032
52.480          0.68111
52.999          1.0121
