0.0000          0.98104
0.51960         1.5564
1.0392          1.4297
1.5588          0.86275
2.0784          0.64118
2.5980          0.63355
3.1176          0.82534
3.6372          1.3695
4.1568          1.5908
4.6764          1.0361
5.1960          0.68872
5.7156          0.62023
6.2352          0.71692
6.7548          1.1205
7.2744          1.6204
7.7940          1.2782
8.3136          0.77954
8.8332          0.62632
9.3528          0.65586
9.8724          0.92253
10.392          1.5029
10.912          1.4915
11.431          0.91194
11.951          0.65312
12.470          0.62745
12.990          0.78739
13.510          1.2951
14.029          1.6161
14.549          1.1041
15.068          0.71128
15.588          0.62018
16.108          0.69399
16.627          1.0522
17.147          1.5977
17.666          1.3508
18.186          0.81529
18.706          0.63190
19.225          0.64445
19.745          0.87652
20.264          1.4481
20.784          1.5406
21.304          0.96249
21.823          0.66679
22.343          0.62326
22.862          0.75407
23.382          1.2187
23.902          1.6278
24.421          1.1778
24.941          0.73796
25.460          0.62167
25.980          0.67499
26.500          0.99098
27.019          1.5631
27.539          1.4181
28.059          0.85512
28.578          0.63958
29.098          0.63508
29.617          0.83312
30.137          1.3830
30.657          1.5839
31.176          1.0236
31.696          0.68482
32.215          0.62045
32.735          0.72202
33.255          1.1349
33.774          1.6237
34.294          1.2635
34.813          0.77288
35.333          0.62531
35.853          0.65786
36.372          0.93048
36.892          1.5120
37.411          1.4845
37.931          0.90502
38.451          0.65123
38.970          0.62773
39.490          0.79059
40.009          1.3025
40.529          1.6157
41.049          1.0985
41.568          0.70920
42.088          0.61981
42.607          0.69439
43.127          1.0540
43.647          1.5999
44.166          1.3507
44.686          0.81482
45.205          0.63159
45.725          0.64363
46.245          0.87380
46.764          1.4455
47.284          1.5456
47.803          0.96695
48.323          0.66789
48.843          0.62257
49.362          0.74971
49.882          1.2083
50.401          1.6292
50.921          1.1891
51.441          0.74217
51.960          0.62188
52.480          0.67198
52.999          0.98104
