0.0000          1.0814
0.51960         1.6097
1.0392          1.3201
1.5588          0.79928
2.0784          0.62916
2.5980          0.64879
3.1176          0.89495
3.6372          1.4721
4.1568          1.5219
4.6764          0.94112
5.1960          0.66079
5.7156          0.62459
6.2352          0.76654
6.7548          1.2488
7.2744          1.6255
7.7940          1.1488
8.3136          0.72709
8.8332          0.62078
9.3528          0.68141
9.8724          1.0125
10.392          1.5775
10.912          1.3951
11.431          0.84037
11.951          0.63649
12.470          0.63788
12.990          0.84720
13.510          1.4060
14.029          1.5711
14.549          1.0024
15.068          0.67836
15.588          0.62110
16.108          0.73179
16.627          1.1616
17.147          1.6271
17.666          1.2357
18.186          0.76100
18.706          0.62392
19.225          0.66312
19.745          0.94965
20.264          1.5299
20.784          1.4631
21.304          0.88759
21.823          0.64698
22.343          0.63004
22.862          0.80488
23.382          1.3313
23.902          1.6062
24.421          1.0711
24.941          0.70006
25.460          0.61988
25.980          0.70378
26.500          1.0823
27.019          1.6102
27.539          1.3192
28.059          0.79883
28.578          0.62907
29.098          0.64884
29.617          0.89521
30.137          1.4725
30.657          1.5219
31.176          0.94094
31.696          0.66072
32.215          0.62455
32.735          0.76643
33.255          1.2486
33.774          1.6257
34.294          1.1492
34.813          0.72719
35.333          0.62076
35.853          0.68122
36.372          1.0119
36.892          1.5773
37.411          1.3959
37.931          0.84082
38.451          0.63656
38.970          0.63772
39.490          0.84651
40.009          1.4050
40.529          1.5719
41.049          1.0035
41.568          0.67868
42.088          0.62104
42.607          0.73119
43.127          1.1600
43.647          1.6269
44.166          1.2374
44.686          0.76170
45.205          0.62400
45.725          0.66281
46.245          0.94853
46.764          1.5289
47.284          1.4642
47.803          0.88853
48.323          0.64722
48.843          0.62994
49.362          0.80422
49.882          1.3299
50.401          1.6065
50.921          1.0723
51.441          0.70045
51.960          0.61990
52.480          0.70349
52.999          1.0814
