0.0000          0.95487
0.51960         1.5348
1.0392          1.4578
1.5588          0.88331
2.0784          0.64594
2.5980          0.63056
3.1176          0.80815
3.6372          1.3376
4.1568          1.6038
4.6764          1.0652
5.1960          0.69812
5.7156          0.61995
6.2352          0.70605
6.7548          1.0889
7.2744          1.6120
7.7940          1.3117
8.3136          0.79523
8.8332          0.62859
9.3528          0.65035
9.8724          0.90106
10.392          1.4791
10.912          1.5146
11.431          0.93403
11.951          0.65893
12.470          0.62535
12.990          0.77193
13.510          1.2610
14.029          1.6232
14.549          1.1365
15.068          0.72270
15.588          0.62064
16.108          0.68497
16.627          1.0238
17.147          1.5835
17.666          1.3819
18.186          0.83270
18.706          0.63507
19.225          0.63993
19.745          0.85652
20.264          1.4200
20.784          1.5613
21.304          0.98882
21.823          0.67438
22.343          0.62180
22.862          0.73923
23.382          1.1811
23.902          1.6281
24.421          1.2154
24.941          0.75272
25.460          0.62305
25.980          0.66716
26.500          0.96398
27.019          1.5423
27.539          1.4473
28.059          0.87563
28.578          0.64417
29.098          0.63173
29.617          0.81487
30.137          1.3504
30.657          1.5989
31.176          1.0535
31.696          0.69429
32.215          0.61996
32.735          0.70997
33.255          1.1006
33.774          1.6160
34.294          1.2998
34.813          0.78941
35.333          0.62759
35.853          0.65174
36.372          0.90698
36.892          1.4867
37.411          1.5098
37.931          0.92840
38.451          0.65730
38.970          0.62543
39.490          0.77404
40.009          1.2663
40.529          1.6236
41.049          1.1327
41.568          0.72115
42.088          0.62028
42.607          0.68489
43.127          1.0240
43.647          1.5849
44.166          1.3835
44.686          0.83316
45.205          0.63496
45.725          0.63905
46.245          0.85321
46.764          1.4158
47.284          1.5663
47.803          0.99435
48.323          0.67587
48.843          0.62124
49.362          0.73506
49.882          1.1705
50.401          1.6282
50.921          1.2270
51.441          0.75733
51.960          0.62345
52.480          0.66454
52.999          0.95487
