0.0000          0.95995
0.51960         1.5396
1.0392          1.4529
1.5588          0.87935
2.0784          0.64494
2.5980          0.63086
3.1176          0.81044
3.6372          1.3423
4.1568          1.6029
4.6764          1.0616
5.1960          0.69685
5.7156          0.61979
6.2352          0.70661
6.7548          1.0909
7.2744          1.6133
7.7940          1.3105
8.3136          0.79447
8.8332          0.62833
9.3528          0.65001
9.8724          0.90010
10.392          1.4787
10.912          1.5171
11.431          0.93566
11.951          0.65926
12.470          0.62490
12.990          0.76954
13.510          1.2558
14.029          1.6249
14.549          1.1422
15.068          0.72459
15.588          0.62061
16.108          0.68302
16.627          1.0177
17.147          1.5806
17.666          1.3893
18.186          0.83683
18.706          0.63580
19.225          0.63873
19.745          0.85117
20.264          1.4121
20.784          1.5670
21.304          0.99655
21.823          0.67664
22.343          0.62142
22.862          0.73509
23.382          1.1702
23.902          1.6274
24.421          1.2264
24.941          0.75723
25.460          0.62359
25.980          0.66523
26.500          0.95699
27.019          1.5360
27.539          1.4542
28.059          0.88104
28.578          0.64549
29.098          0.63120
29.617          0.81130
30.137          1.3434
30.657          1.6009
31.176          1.0592
31.696          0.69624
32.215          0.62009
32.735          0.70855
33.255          1.0962
33.774          1.6140
34.294          1.3037
34.813          0.79141
35.333          0.62802
35.853          0.65164
36.372          0.90618
36.892          1.4851
37.411          1.5093
37.931          0.92863
38.451          0.65746
38.970          0.62572
39.490          0.77516
40.009          1.2685
40.529          1.6224
41.049          1.1298
41.568          0.72022
42.088          0.62037
42.607          0.68617
43.127          1.0279
43.647          1.5865
44.166          1.3785
44.686          0.83043
45.205          0.63450
45.725          0.63994
46.245          0.85711
46.764          1.4215
47.284          1.5620
47.803          0.98865
48.323          0.67422
48.843          0.62153
49.362          0.73815
49.882          1.1787
50.401          1.6288
50.921          1.2187
51.441          0.75391
51.960          0.62303
52.480          0.66592
52.999          0.95995
