0.0000          0.99897
0.51960         1.5674
1.0392          1.4076
1.5588          0.84883
2.0784          0.63842
2.5980          0.63693
3.1176          0.84164
3.6372          1.3964
4.1568          1.5747
4.6764          1.0097
5.1960          0.68071
5.7156          0.62112
6.2352          0.72941
6.7548          1.1549
7.2744          1.6258
7.7940          1.2421
8.3136          0.76377
8.8332          0.62428
9.3528          0.66201
9.8724          0.94562
10.392          1.5263
10.912          1.4676
11.431          0.89120
11.951          0.64783
12.470          0.62940
12.990          0.80133
13.510          1.3245
14.029          1.6093
14.549          1.0781
15.068          0.70229
15.588          0.61964
16.108          0.70046
16.627          1.0728
17.147          1.6079
17.666          1.3310
18.186          0.80442
18.706          0.62974
19.225          0.64616
19.745          0.88491
20.264          1.4608
20.784          1.5352
21.304          0.95397
21.823          0.66414
22.343          0.62308
22.862          0.75610
23.382          1.2244
23.902          1.6295
24.421          1.1741
24.941          0.73628
25.460          0.62115
25.980          0.67437
26.500          0.98961
27.019          1.5637
27.539          1.4221
28.059          0.85706
28.578          0.63979
29.098          0.63395
29.617          0.82829
30.137          1.3753
30.657          1.5897
31.176          1.0320
31.696          0.68734
32.215          0.62005
32.735          0.71755
33.255          1.1226
33.774          1.6216
34.294          1.2768
34.813          0.77875
35.333          0.62611
35.853          0.65575
36.372          0.92233
36.892          1.5031
37.411          1.4924
37.931          0.91240
38.451          0.65320
38.970          0.62731
39.490          0.78665
40.009          1.2935
40.529          1.6165
41.049          1.1055
41.568          0.71179
42.088          0.62026
42.607          0.69383
43.127          1.0516
43.647          1.5970
44.166          1.3509
44.686          0.81547
45.205          0.63204
45.725          0.64488
46.245          0.87792
46.764          1.4494
47.284          1.5378
47.803          0.96012
48.323          0.66623
48.843          0.62374
49.362          0.75683
49.882          1.2250
50.401          1.6264
50.921          1.1705
51.441          0.73537
51.960          0.62169
52.480          0.67751
52.999          0.99897
