0.0000          0.98433
0.51960         1.5600
1.0392          1.4280
1.5588          0.86097
2.0784          0.64063
2.5980          0.63322
3.1176          0.82450
3.6372          1.3687
4.1568          1.5930
4.6764          1.0383
5.1960          0.68927
5.7156          0.61989
6.2352          0.71480
6.7548          1.1148
7.2744          1.6201
7.7940          1.2852
8.3136          0.78250
8.8332          0.62657
9.3528          0.65412
9.8724          0.91627
10.392          1.4970
10.912          1.4995
11.431          0.91853
11.951          0.65473
12.470          0.62653
12.990          0.78163
13.510          1.2829
14.029          1.6195
14.549          1.1159
15.068          0.71531
15.588          0.62029
16.108          0.69056
16.627          1.0415
17.147          1.5926
17.666          1.3622
18.186          0.82152
18.706          0.63306
19.225          0.64306
19.745          0.87022
20.264          1.4391
20.784          1.5462
21.304          0.96997
21.823          0.66900
22.343          0.62307
22.862          0.75079
23.382          1.2102
23.902          1.6272
24.421          1.1852
24.941          0.74097
25.460          0.62216
25.980          0.67428
26.500          0.98808
27.019          1.5598
27.539          1.4193
28.059          0.85651
28.578          0.64006
29.098          0.63554
29.617          0.83452
30.137          1.3846
30.657          1.5810
31.176          1.0205
31.696          0.68401
32.215          0.62086
32.735          0.72472
33.255          1.1420
33.774          1.6239
34.294          1.2551
34.813          0.76938
35.333          0.62501
35.853          0.65988
36.372          0.93766
36.892          1.5185
37.411          1.4756
37.931          0.89796
38.451          0.64953
38.970          0.62874
39.490          0.79675
40.009          1.3151
40.529          1.6118
41.049          1.0865
41.568          0.70513
42.088          0.61973
42.607          0.69806
43.127          1.0654
43.647          1.6048
44.166          1.3386
44.686          0.80841
45.205          0.63043
45.725          0.64513
46.245          0.88046
46.764          1.4549
47.284          1.5396
47.803          0.95917
48.323          0.66561
48.843          0.62278
49.362          0.75316
49.882          1.2172
50.401          1.6298
50.921          1.1811
51.441          0.73897
51.960          0.62138
52.480          0.67281
52.999          0.98433
