0.0000          0.97270
0.51960         1.5508
1.0392          1.4402
1.5588          0.86963
2.0784          0.64259
2.5980          0.63187
3.1176          0.81703
3.6372          1.3552
4.1568          1.5992
4.6764          1.0508
5.1960          0.69325
5.7156          0.61960
6.2352          0.70941
6.7548          1.0995
7.2744          1.6169
7.7940          1.3025
8.3136          0.79041
8.8332          0.62753
9.3528          0.65056
9.8724          0.90285
10.392          1.4828
10.912          1.5160
11.431          0.93359
11.951          0.65858
12.470          0.62468
12.990          0.76928
13.510          1.2556
14.029          1.6258
14.549          1.1434
15.068          0.72495
15.588          0.62047
16.108          0.68209
16.627          1.0150
17.147          1.5796
17.666          1.3932
18.186          0.83901
18.706          0.63616
19.225          0.63799
19.745          0.84790
20.264          1.4072
20.784          1.5706
21.304          1.0015
21.823          0.67808
22.343          0.62121
22.862          0.73255
23.382          1.1634
23.902          1.6267
24.421          1.2332
24.941          0.76007
25.460          0.62399
25.980          0.66432
26.500          0.95350
27.019          1.5323
27.539          1.4569
28.059          0.88355
28.578          0.64619
29.098          0.63124
29.617          0.81076
30.137          1.3418
30.657          1.6001
31.176          1.0596
31.696          0.69647
32.215          0.62035
32.735          0.70949
33.255          1.0985
33.774          1.6137
34.294          1.2999
34.813          0.78988
35.333          0.62800
35.853          0.65300
36.372          0.91097
36.892          1.4895
37.411          1.5022
37.931          0.92276
38.451          0.65605
38.970          0.62670
39.490          0.78101
40.009          1.2811
40.529          1.6188
41.049          1.1168
41.568          0.71577
42.088          0.62035
42.607          0.69037
43.127          1.0410
43.647          1.5926
44.166          1.3633
44.686          0.82207
45.205          0.63303
45.725          0.64230
46.245          0.86749
46.764          1.4363
47.284          1.5511
47.803          0.97455
48.323          0.67014
48.843          0.62225
49.362          0.74589
49.882          1.1986
50.401          1.6295
50.921          1.1988
51.441          0.74594
51.960          0.62212
52.480          0.66948
52.999          0.97270
