0.0000          0.96869
0.51960         1.5454
1.0392          1.4416
1.5588          0.87175
2.0784          0.64328
2.5980          0.63222
3.1176          0.81779
3.6372          1.3560
4.1568          1.5980
4.6764          1.0496
5.1960          0.69288
5.7156          0.61953
6.2352          0.70948
6.7548          1.1000
7.2744          1.6181
7.7940          1.3034
8.3136          0.79058
8.8332          0.62725
9.3528          0.64910
9.8724          0.89805
10.392          1.4791
10.912          1.5252
11.431          0.94073
11.951          0.66020
12.470          0.62306
12.990          0.76023
13.510          1.2356
14.029          1.6317
14.549          1.1662
15.068          0.73287
15.588          0.62022
16.108          0.67352
16.627          0.98804
17.147          1.5658
17.666          1.4290
18.186          0.86014
18.706          0.64004
19.225          0.63174
19.745          0.81894
20.264          1.3603
20.784          1.6013
21.304          1.0497
21.823          0.69257
22.343          0.61903
22.862          0.70753
23.382          1.0946
23.902          1.6168
24.421          1.3095
24.941          0.79347
25.460          0.62788
25.980          0.64912
26.500          0.89727
27.019          1.4762
27.539          1.5219
28.059          0.93972
28.578          0.66028
29.098          0.62447
29.617          0.76644
30.137          1.2484
30.657          1.6249
31.176          1.1486
31.696          0.72714
32.215          0.62120
32.735          0.68323
33.255          1.0173
33.774          1.5776
34.294          1.3856
34.813          0.83574
35.333          0.63613
35.853          0.64126
36.372          0.86040
36.892          1.4230
37.411          1.5516
37.931          0.98065
38.451          0.67246
38.970          0.62353
39.490          0.74913
40.009          1.2047
40.529          1.6241
41.049          1.1873
41.568          0.74232
42.088          0.62303
42.607          0.67669
43.127          0.99463
43.647          1.5607
44.166          1.4065
44.686          0.84981
45.205          0.63921
45.725          0.63904
46.245          0.84909
46.764          1.4058
47.284          1.5624
47.803          0.99616
48.323          0.67704
48.843          0.62256
49.362          0.73986
49.882          1.1816
50.401          1.6258
50.921          1.2125
51.441          0.75188
51.960          0.62324
52.480          0.66866
52.999          0.96869
