0.0000          1.1140
0.51960         1.6233
1.0392          1.2903
1.5588          0.78411
2.0784          0.62621
2.5980          0.65108
3.1176          0.90592
3.6372          1.4880
4.1568          1.5159
4.6764          0.93173
5.1960          0.65788
5.7156          0.62432
6.2352          0.76833
6.7548          1.2537
7.2744          1.6267
7.7940          1.1458
8.3136          0.72578
8.8332          0.62057
9.3528          0.68182
9.8724          1.0138
10.392          1.5779
10.912          1.3931
11.431          0.83936
11.951          0.63643
12.470          0.63883
12.990          0.85083
13.510          1.4104
14.029          1.5648
14.549          0.99577
15.068          0.67665
15.588          0.62218
16.108          0.73848
16.627          1.1780
17.147          1.6249
17.666          1.2153
18.186          0.75325
18.706          0.62395
19.225          0.67048
19.745          0.97353
20.264          1.5452
20.784          1.4291
21.304          0.86518
21.823          0.64254
22.343          0.63630
22.862          0.83502
23.382          1.3828
23.902          1.5748
24.421          1.0167
24.941          0.68337
25.460          0.62211
25.980          0.73104
26.500          1.1578
27.019          1.6226
27.539          1.2351
28.059          0.76150
28.578          0.62470
29.098          0.66584
29.617          0.95786
30.137          1.5341
30.657          1.4490
31.176          0.87864
31.696          0.64524
32.215          0.63255
32.735          0.81729
33.255          1.3539
33.774          1.5949
34.294          1.0481
34.813          0.69275
35.333          0.62025
35.853          0.71285
36.372          1.1089
36.892          1.6184
37.411          1.2911
37.931          0.78526
38.451          0.62681
38.970          0.65233
39.490          0.90997
40.009          1.4917
40.529          1.5096
41.049          0.92657
41.568          0.65657
42.088          0.62466
42.607          0.77138
43.127          1.2616
43.647          1.6278
44.166          1.1404
44.686          0.72349
45.205          0.61961
45.725          0.67968
46.245          1.0086
46.764          1.5798
47.284          1.4064
47.803          0.84546
48.323          0.63686
48.843          0.63407
49.362          0.83167
49.882          1.3834
50.401          1.5921
50.921          1.0296
51.441          0.68610
51.960          0.61900
52.480          0.71403
52.999          1.1140
