0.0000          0.61134
0.51960         0.71010
1.0392          1.1153
1.5588          1.7321
2.0784          1.4591
2.5980          0.85079
3.1176          0.63633
3.6372          0.60363
4.1568          0.66290
4.6764          0.96077
5.1960          1.6169
5.7156          1.6238
6.2352          0.96725
6.7548          0.66475
7.2744          0.60387
7.7940          0.63499
8.3136          0.84413
8.8332          1.4468
9.3528          1.7384
9.8724          1.1282
10.392          0.71451
10.912          0.61225
11.431          0.61727
11.951          0.74419
12.470          1.2137
12.990          1.7639
13.510          1.3582
14.029          0.80161
14.549          0.62703
15.068          0.60628
15.588          0.68030
16.108          1.0206
16.627          1.6739
17.147          1.5620
17.666          0.91523
18.186          0.65112
18.706          0.60280
19.225          0.64453
19.745          0.88774
20.264          1.5220
20.784          1.7013
21.304          1.0581
21.823          0.69181
22.343          0.60826
22.862          0.62298
23.382          0.77830
23.902          1.3029
24.421          1.7696
24.941          1.2678
25.460          0.76441
25.980          0.62060
26.500          0.60974
27.019          0.70040
27.539          1.0852
28.059          1.7173
28.578          1.4920
29.098          0.86930
29.617          0.64027
30.137          0.60308
30.657          0.65702
31.176          0.93873
31.696          1.5916
32.215          1.6472
32.735          0.99075
33.255          0.67135
33.774          0.60473
34.294          0.63153
34.813          0.82665
35.333          1.4122
35.853          1.7495
36.372          1.1599
36.892          0.72513
37.411          0.61393
37.931          0.61546
38.451          0.73406
38.970          1.1855
39.490          1.7564
40.009          1.3848
40.529          0.81357
41.049          0.62896
41.568          0.60557
42.088          0.67758
42.607          1.0123
43.127          1.6654
43.647          1.5658
44.166          0.91883
44.686          0.65170
45.205          0.60269
45.725          0.64568
46.245          0.89401
46.764          1.5309
47.284          1.6910
47.803          1.0454
48.323          0.68766
48.843          0.60729
49.362          0.62493
49.882          0.79094
50.401          1.3337
50.921          1.7656
51.441          1.2353
51.960          0.75210
52.480          0.61847
52.999          0.61134
