0.0000          0.91452
0.51960         1.4970
1.0392          1.5051
1.5588          0.92208
2.0784          0.65535
2.5980          0.62498
3.1176          0.77413
3.6372          1.2679
4.1568          1.6270
4.6764          1.1345
5.1960          0.72136
5.7156          0.61946
6.2352          0.68107
6.7548          1.0132
7.2744          1.5826
7.7940          1.4014
8.3136          0.84236
8.8332          0.63621
9.3528          0.63465
9.8724          0.83461
10.392          1.3885
10.912          1.5897
11.431          1.0251
11.951          0.68468
12.470          0.61909
12.990          0.71590
13.510          1.1193
14.029          1.6245
14.549          1.2846
15.068          0.78151
15.588          0.62586
16.108          0.65205
16.627          0.90971
17.147          1.4922
17.666          1.5117
18.186          0.92769
18.706          0.65682
19.225          0.62470
19.745          0.77114
20.264          1.2601
20.784          1.6256
21.304          1.1395
21.823          0.72350
22.343          0.62047
22.862          0.68352
23.382          1.0193
23.902          1.5810
24.421          1.3869
24.941          0.83559
25.460          0.63572
25.980          0.63980
26.500          0.85525
27.019          1.4170
27.539          1.5602
28.059          0.98925
28.578          0.67472
29.098          0.62253
29.617          0.74210
30.137          1.1873
30.657          1.6251
31.176          1.2057
31.696          0.74939
32.215          0.62359
32.735          0.67256
33.255          0.98066
33.774          1.5505
34.294          1.4212
34.813          0.85975
35.333          0.64138
35.853          0.63738
36.372          0.84048
36.892          1.3917
37.411          1.5695
37.931          1.0082
38.451          0.68079
38.970          0.62241
39.490          0.73518
40.009          1.1689
40.529          1.6237
41.049          1.2238
41.568          0.75678
42.088          0.62414
42.607          0.66788
43.127          0.96520
43.647          1.5406
44.166          1.4414
44.686          0.87284
45.205          0.64386
45.725          0.63330
46.245          0.82178
46.764          1.3623
47.284          1.5916
47.803          1.0407
48.323          0.69035
48.843          0.62028
49.362          0.71550
49.882          1.1166
50.401          1.6204
50.921          1.2832
51.441          0.78159
51.960          0.62624
52.480          0.65346
52.999          0.91452
