0.0000          1.5281
0.51960         1.6024
1.0392          0.97563
1.5588          0.66556
2.0784          0.60641
2.5980          0.67042
3.1176          0.99235
3.6372          1.6148
4.1568          1.5064
4.6764          0.89176
5.1960          0.64391
5.7156          0.61067
6.2352          0.71380
6.7548          1.1275
7.2744          1.6727
7.7940          1.3365
8.3136          0.79725
8.8332          0.62392
9.3528          0.62378
9.8724          0.79649
10.392          1.3349
10.912          1.6729
11.431          1.1289
11.951          0.71429
12.470          0.61073
12.990          0.64375
13.510          0.89109
14.029          1.5054
14.549          1.6153
15.068          0.99311
15.588          0.67064
16.108          0.60641
16.627          0.66538
17.147          0.97497
17.666          1.6019
18.186          1.5289
18.706          0.90767
19.225          0.64771
19.745          0.60892
20.264          0.70109
20.784          1.0910
21.304          1.6655
21.823          1.3828
22.343          0.81928
22.862          0.62807
23.382          0.61905
23.902          0.77039
24.421          1.2769
24.941          1.6849
25.460          1.1857
25.980          0.73459
26.500          0.61331
27.019          0.63519
27.539          0.85390
28.059          1.4493
28.578          1.6527
29.098          1.0458
29.617          0.68639
30.137          0.60659
30.657          0.64849
31.176          0.91162
31.696          1.5397
32.215          1.6141
32.735          0.98057
33.255          0.66678
33.774          0.60466
34.294          0.65729
34.813          0.94612
35.333          1.5823
35.853          1.5825
36.372          0.94633
36.892          0.65735
37.411          0.60466
37.931          0.66670
38.451          0.98028
38.970          1.6139
39.490          1.5401
40.009          0.91191
40.529          0.64856
41.049          0.60657
41.568          0.68618
42.088          1.0451
42.607          1.6524
43.127          1.4502
43.647          0.85441
44.166          0.63531
44.686          0.61324
45.205          0.73411
45.725          1.1844
46.245          1.6848
46.764          1.2783
47.284          0.77098
47.803          0.61915
48.323          0.62794
48.843          0.81863
49.362          1.3815
49.882          1.6658
50.401          1.0921
50.921          0.70145
51.441          0.60897
51.960          0.64756
52.480          0.90707
52.999          1.5281
