0.0000          1.2364
0.51960         1.7662
1.0392          1.3327
1.5588          0.79057
2.0784          0.62496
2.5980          0.60724
3.1176          0.68684
3.6372          1.0427
4.1568          1.6903
4.6764          1.5359
5.1960          0.89694
5.7156          0.64652
6.2352          0.60267
6.7548          0.64966
7.2744          0.91007
7.7940          1.5549
8.3136          1.6775
8.8332          1.0256
9.3528          0.68174
9.8724          0.60643
10.392          0.62661
10.912          0.79973
11.431          1.3542
11.951          1.7646
12.470          1.2174
12.990          0.74557
13.510          0.61755
14.029          0.61200
14.549          0.71286
15.068          1.1233
15.588          1.7370
16.108          1.4533
16.627          0.84750
17.147          0.63581
17.666          0.60371
18.186          0.66252
18.706          0.95867
19.225          1.6154
19.745          1.6288
20.264          0.97124
20.784          0.66600
21.304          0.60414
21.823          0.63372
22.343          0.83717
22.862          1.4335
23.382          1.7446
23.902          1.1420
24.421          0.71913
24.941          0.61309
25.460          0.61629
25.980          0.73800
26.500          1.1964
27.019          1.7605
27.539          1.3759
28.059          0.80937
28.578          0.62833
29.098          0.60573
29.617          0.67757
30.137          1.0117
30.657          1.6662
31.176          1.5696
31.696          0.92093
32.215          0.65236
32.735          0.60275
33.255          0.64409
33.774          0.88653
34.294          1.5200
34.813          1.7005
35.333          1.0576
35.853          0.69146
36.372          0.60804
36.892          0.62342
37.411          0.78162
37.931          1.3112
38.451          1.7680
38.970          1.2575
39.490          0.76028
40.009          0.61975
40.529          0.61037
41.049          0.70498
41.568          1.0998
42.088          1.7239
42.607          1.4736
43.127          0.85881
43.647          0.63781
44.166          0.60338
44.686          0.66180
45.205          0.95741
45.725          1.6123
46.245          1.6239
46.764          0.96825
47.284          0.66479
47.803          0.60371
48.323          0.63584
48.843          0.84930
49.362          1.4564
49.882          1.7320
50.401          1.1163
50.921          0.71041
51.441          0.61134
51.960          0.61844
52.480          0.75232
52.999          1.2364
