0.0000          0.62734
0.51960         0.81583
1.0392          1.3772
1.5588          1.6716
2.0784          1.1004
2.5980          0.70426
3.1176          0.60892
3.6372          0.64299
4.1568          0.88860
4.6764          1.5062
5.1960          1.6307
5.7156          1.0045
6.2352          0.67373
6.7548          0.60524
7.2744          0.65375
7.7940          0.93257
8.3136          1.5665
8.8332          1.5954
9.3528          0.95932
9.8724          0.66085
10.392          0.60456
10.912          0.66273
11.431          0.96616
11.951          1.6018
12.470          1.5580
12.990          0.92568
13.510          0.65199
14.029          0.60562
14.549          0.67762
15.068          1.0174
15.588          1.6385
16.108          1.4882
16.627          0.87710
17.147          0.64035
17.666          0.61027
18.186          0.71391
18.706          1.1285
19.225          1.6778
19.745          1.3426
20.264          0.79941
20.784          0.62422
21.304          0.62219
21.823          0.78808
22.343          1.3169
22.862          1.6788
23.382          1.1479
23.902          0.72095
24.421          0.61153
24.941          0.64075
25.460          0.87817
25.980          1.4863
26.500          1.6273
27.019          1.0099
27.539          0.67559
28.059          0.60654
28.578          0.66096
29.098          0.95882
29.617          1.5868
30.137          1.5482
30.657          0.92317
31.176          0.65160
31.696          0.60810
32.215          0.69302
32.735          1.0657
33.255          1.6550
33.774          1.4123
34.294          0.83493
34.813          0.63129
35.333          0.61745
35.853          0.75987
36.372          1.2502
36.892          1.6824
37.411          1.2064
37.931          0.74262
38.451          0.61475
38.970          0.63542
39.490          0.85439
40.009          1.4473
40.529          1.6431
41.049          1.0387
41.568          0.68439
42.088          0.60723
42.607          0.65572
43.127          0.93922
43.647          1.5669
44.166          1.5707
44.686          0.94265
45.205          0.65662
45.725          0.60694
46.245          0.68197
46.764          1.0310
47.284          1.6400
47.803          1.4594
48.323          0.86136
48.843          0.63694
49.362          0.61332
49.882          0.73374
50.401          1.1834
50.921          1.6838
51.441          1.2781
51.960          0.77119
52.480          0.61921
52.999          0.62734
