0.0000          1.2763
0.51960         0.77040
1.0392          0.61911
1.5588          0.62815
2.0784          0.81941
2.5980          1.3823
3.1176          1.6647
3.6372          1.0919
4.1568          0.70160
4.6764          0.60905
5.1960          0.64787
5.7156          0.90809
6.2352          1.5286
6.7548          1.6004
7.2744          0.97459
7.7940          0.66536
8.3136          0.60658
8.8332          0.67158
9.3528          0.99619
9.8724          1.6168
10.392          1.5004
10.912          0.88803
11.431          0.64307
11.951          0.61121
12.470          0.71750
12.990          1.1379
13.510          1.6741
14.029          1.3237
14.549          0.79146
15.068          0.62289
15.588          0.62509
16.108          0.80343
16.627          1.3494
17.147          1.6692
17.666          1.1155
18.186          0.70972
18.706          0.61022
19.225          0.64590
19.745          0.89990
20.264          1.5171
20.784          1.6060
21.304          0.98226
21.823          0.66757
22.343          0.60663
22.862          0.66974
23.382          0.98987
23.902          1.6121
24.421          1.5090
24.941          0.89409
25.460          0.64451
25.980          0.61031
26.500          0.71138
27.019          1.1205
27.539          1.6720
28.059          1.3480
28.578          0.80273
29.098          0.62494
29.617          0.62186
30.137          0.78619
30.657          1.3128
31.176          1.6813
31.696          1.1539
32.215          0.72299
32.735          0.61160
33.255          0.63799
33.774          0.86657
34.294          1.4710
34.813          1.6455
35.333          1.0302
35.853          0.68155
36.372          0.60601
36.892          0.65009
37.411          0.91810
37.931          1.5486
38.451          1.6094
38.970          0.97441
39.490          0.66503
40.009          0.60452
40.529          0.65812
41.049          0.94925
41.568          1.5860
42.088          1.5799
42.607          0.94365
43.127          0.65663
43.647          0.60465
44.166          0.66724
44.686          0.98221
45.205          1.6157
45.725          1.5381
46.245          0.91035
46.764          0.64817
47.284          0.60662
47.803          0.68679
48.323          1.0470
48.843          1.6535
49.362          1.4479
49.882          0.85314
50.401          0.63504
50.921          0.61338
51.441          0.73500
51.960          1.1867
52.480          1.6847
52.999          1.2763
