0.0000          0.85913
0.51960         1.4235
1.0392          1.5577
1.5588          0.98465
2.0784          0.67318
2.5980          0.62197
3.1176          0.74138
3.6372          1.1870
4.1568          1.6292
4.6764          1.2103
5.1960          0.75050
5.7156          0.62250
6.2352          0.66681
6.7548          0.96362
7.2744          1.5441
7.7940          1.4513
8.3136          0.87730
8.8332          0.64424
9.3528          0.63020
9.8724          0.80841
10.392          1.3397
10.912          1.6074
11.431          1.0669
11.951          0.69826
12.470          0.61903
12.990          0.70178
13.510          1.0777
14.029          1.6120
14.549          1.3286
15.068          0.80264
15.588          0.62907
16.108          0.64511
16.627          0.88170
17.147          1.4584
17.666          1.5422
18.186          0.95955
18.706          0.66545
19.225          0.62205
19.745          0.74994
20.264          1.2098
20.784          1.6317
21.304          1.1901
21.823          0.74218
22.343          0.62144
22.862          0.67012
23.382          0.97545
23.902          1.5539
24.421          1.4388
24.941          0.86810
25.460          0.64216
25.980          0.63190
26.500          0.81749
27.019          1.3560
27.539          1.5985
28.059          1.0498
28.578          0.69296
29.098          0.61989
29.617          0.71101
30.137          1.1035
30.657          1.6163
31.176          1.2960
31.696          0.78774
32.215          0.62759
32.735          0.65347
33.255          0.91290
33.774          1.4916
34.294          1.4998
34.813          0.92048
35.333          0.65551
35.853          0.62727
36.372          0.78401
36.892          1.2870
37.411          1.6157
37.931          1.1094
38.451          0.71339
38.970          0.62085
39.490          0.69484
40.009          1.0537
40.529          1.5956
41.049          1.3453
41.568          0.81321
42.088          0.63208
42.607          0.64729
43.127          0.88668
43.647          1.4587
44.166          1.5244
44.686          0.94764
45.205          0.66304
45.725          0.62543
46.245          0.76793
46.764          1.2507
47.284          1.6220
47.803          1.1437
48.323          0.72564
48.843          0.62126
49.362          0.68480
49.882          1.0226
50.401          1.5815
50.921          1.3809
51.441          0.83260
51.960          0.63522
52.480          0.64063
52.999          0.85913
