0.0000          0.60775
0.51960         0.69090
1.0392          1.0596
1.5588          1.6542
2.0784          1.4224
2.5980          0.84002
3.1176          0.63231
3.6372          0.61600
4.1568          0.75159
4.6764          1.2305
5.1960          1.6863
5.7156          1.2299
6.2352          0.75151
6.7548          0.61595
7.2744          0.63138
7.7940          0.83590
8.3136          1.4164
8.8332          1.6623
9.3528          1.0701
9.8724          0.69419
10.392          0.60758
10.912          0.64600
11.431          0.90133
11.951          1.5251
12.470          1.6216
12.990          0.99093
13.510          0.66976
14.029          0.60490
14.549          0.65575
15.068          0.94028
15.588          1.5756
16.108          1.5880
16.627          0.95178
17.147          0.65881
17.666          0.60462
18.186          0.66507
18.706          0.97453
19.225          1.6090
19.745          1.5473
20.264          0.91735
20.784          0.64990
21.304          0.60618
21.823          0.68280
22.343          1.0343
22.862          1.6474
23.382          1.4648
23.902          0.86289
24.421          0.63716
24.941          0.61209
25.460          0.72646
25.980          1.1637
26.500          1.6831
27.019          1.3013
27.539          0.78077
28.059          0.62083
28.578          0.62583
29.098          0.80782
29.617          1.3596
30.137          1.6713
30.657          1.1105
31.176          0.70768
31.696          0.60972
32.215          0.64510
32.735          0.89688
33.255          1.5143
33.774          1.6120
34.294          0.98738
34.813          0.66891
35.333          0.60632
35.853          0.66655
36.372          0.97893
36.892          1.6046
37.411          1.5238
37.931          0.90410
38.451          0.64686
38.970          0.60948
39.490          0.70481
40.009          1.1014
40.529          1.6667
41.049          1.3681
41.568          0.81224
42.088          0.62675
42.607          0.62104
43.127          0.78121
43.647          1.3010
44.166          1.6784
44.686          1.1591
45.205          0.72501
45.725          0.61217
46.245          0.64021
46.764          0.87586
47.284          1.4826
47.803          1.6281
48.323          1.0115
48.843          0.67605
49.362          0.60657
49.882          0.66069
50.401          0.95800
50.921          1.5866
51.441          1.5499
51.960          0.92417
52.480          0.65182
52.999          0.60775
