0.0000          0.89127
0.51960         0.64519
1.0392          0.60273
1.5588          0.65126
2.0784          0.91644
2.5980          1.5633
3.1176          1.6704
3.6372          1.0172
4.1568          0.67915
4.6764          0.60596
5.1960          0.62784
5.7156          0.80680
6.2352          1.3700
6.7548          1.7609
7.2744          1.2011
7.7940          0.73961
8.3136          0.61646
8.8332          0.61297
9.3528          0.71905
9.8724          1.1419
10.392          1.7437
10.912          1.4317
11.431          0.83632
11.951          0.63342
12.470          0.60422
12.990          0.66757
13.510          0.97741
14.029          1.6343
14.549          1.6061
15.068          0.95095
15.588          0.66025
16.108          0.60336
16.627          0.63797
17.147          0.85866
17.666          1.4735
18.186          1.7262
18.706          1.1023
19.225          0.70588
19.745          0.61066
20.264          0.61932
20.784          0.75690
21.304          1.2482
21.823          1.7678
22.343          1.3218
22.862          0.78598
23.382          0.62419
23.902          0.60763
24.421          0.68886
24.941          1.0489
25.460          1.6944
25.980          1.5296
26.500          0.89283
27.019          0.64555
27.539          0.60271
28.059          0.65082
28.578          0.91466
29.098          1.5609
29.617          1.6723
30.137          1.0194
30.657          0.67979
31.176          0.60607
31.696          0.62756
32.215          0.80524
32.735          1.3665
33.255          1.7616
33.774          1.2043
34.294          0.74070
34.813          0.61662
35.333          0.61282
35.853          0.71823
36.372          1.1395
36.892          1.7427
37.411          1.4340
37.931          0.83746
38.451          0.63361
38.970          0.60417
39.490          0.66736
40.009          0.97677
40.529          1.6336
41.049          1.6063
41.568          0.95127
42.088          0.66031
42.607          0.60334
43.127          0.63805
43.647          0.85914
44.166          1.4743
44.686          1.7255
45.205          1.1011
45.725          0.70549
46.245          0.61058
46.764          0.61945
47.284          0.75777
47.803          1.2506
48.323          1.7679
48.843          1.3192
49.362          0.78490
49.882          0.62400
50.401          0.60773
50.921          0.68951
51.441          1.0511
51.960          1.6959
52.480          1.5272
52.999          0.89127
