0.0000          0.60989
0.51960         0.70165
1.0392          1.0893
1.5588          1.7193
2.0784          1.4867
2.5980          0.86627
3.1176          0.63957
3.6372          0.60315
4.1568          0.65820
4.6764          0.94340
5.1960          1.5972
5.7156          1.6419
6.2352          0.98524
6.7548          0.66977
7.2744          0.60450
7.7940          0.63229
8.3136          0.83069
8.8332          1.4207
9.3528          1.7474
9.8724          1.1523
10.392          0.72256
10.912          0.61357
11.431          0.61579
11.951          0.73568
12.470          1.1902
12.990          1.7586
13.510          1.3812
14.029          0.81187
14.549          0.62876
15.068          0.60560
15.588          0.67694
16.108          1.0098
16.627          1.6644
17.147          1.5712
17.666          0.92239
18.186          0.65276
18.706          0.60279
19.225          0.64379
19.745          0.88519
20.264          1.5178
20.784          1.7020
21.304          1.0601
21.823          0.69237
22.343          0.60825
22.862          0.62304
23.382          0.77921
23.902          1.3053
24.421          1.7689
24.941          1.2645
25.460          0.76312
25.980          0.62035
26.500          0.60993
27.019          0.70176
27.539          1.0896
28.059          1.7196
28.578          1.4869
29.098          0.86633
29.617          0.63961
30.137          0.60314
30.657          0.65794
31.176          0.94233
31.696          1.5961
32.215          1.6435
32.735          0.98675
33.255          0.67023
33.774          0.60458
34.294          0.63196
34.813          0.82888
35.333          1.4170
35.853          1.7488
36.372          1.1560
36.892          0.72382
37.411          0.61379
37.931          0.61555
38.451          0.73419
38.970          1.1858
39.490          1.7575
40.009          1.3858
40.529          0.81396
41.049          0.62914
41.568          0.60547
42.088          0.67616
42.607          1.0071
43.127          1.6620
43.647          1.5739
44.166          0.92449
44.686          0.65328
45.205          0.60281
45.725          0.64344
46.245          0.88367
46.764          1.5154
47.284          1.7032
47.803          1.0622
48.323          0.69299
48.843          0.60834
49.362          0.62289
49.882          0.77844
50.401          1.3034
50.921          1.7688
51.441          1.2661
51.960          0.76372
52.480          0.62043
52.999          0.60989
