0.0000          0.64933
0.51960         0.90939
1.0392          1.5530
1.5588          1.6749
2.0784          1.0241
2.5980          0.68110
3.1176          0.60613
3.6372          0.62747
4.1568          0.80551
4.6764          1.3673
5.1960          1.7604
5.7156          1.2023
6.2352          0.74004
6.7548          0.61647
7.2744          0.61297
7.7940          0.71950
8.3136          1.1437
8.8332          1.7445
9.3528          1.4291
9.8724          0.83490
10.392          0.63311
10.912          0.60426
11.431          0.66813
11.951          0.97970
12.470          1.6371
12.990          1.6035
13.510          0.94843
14.029          0.65957
14.549          0.60327
15.068          0.63829
15.588          0.86026
16.108          1.4767
16.627          1.7255
17.147          1.0999
17.666          0.70514
18.186          0.61060
18.706          0.61935
19.225          0.75676
19.745          1.2479
20.264          1.7686
20.784          1.3234
21.304          0.78669
21.823          0.62443
22.343          0.60747
22.862          0.68713
23.382          1.0429
23.902          1.6911
24.421          1.5386
24.941          0.89865
25.460          0.64712
25.980          0.60275
26.500          0.64817
27.019          0.90304
27.539          1.5450
28.059          1.6868
28.578          1.0369
29.098          0.68527
29.617          0.60714
30.137          0.62508
30.657          0.79044
31.176          1.3324
31.696          1.7678
32.215          1.2390
32.735          0.75344
33.255          0.61880
33.774          0.61101
34.294          0.70745
34.813          1.1069
35.333          1.7290
35.853          1.4691
36.372          0.85605
36.892          0.63740
37.411          0.60341
37.931          0.66092
38.451          0.95344
38.970          1.6091
39.490          1.6316
40.009          0.97436
40.529          0.66663
41.049          0.60406
41.568          0.63402
42.088          0.83952
42.607          1.4381
43.127          1.7410
43.647          1.1350
44.166          0.71659
44.686          0.61247
45.205          0.61706
45.725          0.74366
46.245          1.2124
46.764          1.7622
47.284          1.3569
47.803          0.80091
48.323          0.62665
48.843          0.60648
49.362          0.68318
49.882          1.0309
50.401          1.6802
50.921          1.5457
51.441          0.90423
51.960          0.64807
52.480          0.60263
52.999          0.64933
