0.0000          1.1154
0.51960         0.70938
1.0392          0.60993
1.5588          0.64442
2.0784          0.89406
2.5980          1.5104
3.1176          1.6147
3.6372          0.99067
4.1568          0.66984
4.6764          0.60629
5.1960          0.66542
5.7156          0.97498
6.2352          1.6016
6.7548          1.5290
7.2744          0.90780
7.7940          0.64775
8.3136          0.60914
8.8332          0.70216
9.3528          1.0935
9.8724          1.6646
10.392          1.3776
10.912          0.81692
11.431          0.62765
11.951          0.62026
12.470          0.77676
12.990          1.2907
13.510          1.6794
14.029          1.1683
14.549          0.72834
15.068          0.61266
15.588          0.63935
16.108          0.87207
16.627          1.4765
17.147          1.6305
17.666          1.0159
18.186          0.67738
18.706          0.60670
19.225          0.66010
19.745          0.95578
20.264          1.5842
20.784          1.5519
21.304          0.92596
21.823          0.65228
22.343          0.60773
22.862          0.69039
23.382          1.0581
23.902          1.6535
24.421          1.4237
24.941          0.84074
25.460          0.63245
25.980          0.61593
26.500          0.75126
27.019          1.2299
27.539          1.6863
28.059          1.2301
28.578          0.75160
29.098          0.61596
29.617          0.63136
30.137          0.83591
30.657          1.4167
31.176          1.6623
31.696          1.0698
32.215          0.69407
32.735          0.60756
33.255          0.64601
33.774          0.90142
34.294          1.5254
34.813          1.6217
35.333          0.99073
35.853          0.66969
36.372          0.60488
36.892          0.65571
37.411          0.94015
37.931          1.5756
38.451          1.5883
38.970          0.95195
39.490          0.65885
40.009          0.60460
40.529          0.66489
41.049          0.97388
41.568          1.6086
42.088          1.5483
42.607          0.91808
43.127          0.65009
43.647          0.60612
44.166          0.68222
44.686          1.0324
45.205          1.6464
45.725          1.4675
46.245          0.86455
46.764          0.63753
47.284          0.61187
47.803          0.72493
48.323          1.1594
48.843          1.6824
49.362          1.3064
49.882          0.78312
50.401          0.62125
50.921          0.62535
51.441          0.80523
51.960          1.3541
52.480          1.6724
52.999          1.1154
