0.0000          1.0161
0.51960         1.5807
1.0392          1.3926
1.5588          0.83850
2.0784          0.63599
2.5980          0.63780
3.1176          0.84733
3.6372          1.4066
4.1568          1.5719
4.6764          1.0027
5.1960          0.67838
5.7156          0.62102
6.2352          0.73136
6.7548          1.1604
7.2744          1.6268
7.7940          1.2368
8.3136          0.76148
8.8332          0.62408
9.3528          0.66337
9.8724          0.95025
10.392          1.5297
10.912          1.4610
11.431          0.88650
11.951          0.64685
12.470          0.63069
12.990          0.80776
13.510          1.3362
14.029          1.6026
14.549          1.0650
15.068          0.69821
15.588          0.62028
16.108          0.70741
16.627          1.0925
17.147          1.6119
17.666          1.3064
18.186          0.79295
18.706          0.62847
19.225          0.65204
19.745          0.90712
20.264          1.4850
20.784          1.5061
21.304          0.92663
21.823          0.65709
22.343          0.62644
22.862          0.77874
23.382          1.2760
23.902          1.6196
24.421          1.1214
24.941          0.71740
25.460          0.62051
25.980          0.68946
26.500          1.0380
27.019          1.5908
27.539          1.3659
28.059          0.82364
28.578          0.63339
29.098          0.64220
29.617          0.86679
30.137          1.4350
30.657          1.5510
31.176          0.97497
31.696          0.67031
32.215          0.62238
32.735          0.74629
33.255          1.1995
33.774          1.6291
34.294          1.1974
34.813          0.74546
35.333          0.62215
35.853          0.67003
36.372          0.97447
36.892          1.5519
37.411          1.4377
37.931          0.86805
38.451          0.64227
38.970          0.63225
39.490          0.81892
40.009          1.3586
40.529          1.5975
41.049          1.0475
41.568          0.69220
42.088          0.61966
42.607          0.71078
43.127          1.1035
43.647          1.6180
44.166          1.2983
44.686          0.78840
45.205          0.62722
45.725          0.65117
46.245          0.90533
46.764          1.4858
47.284          1.5136
47.803          0.93105
48.323          0.65787
48.843          0.62480
49.362          0.77057
49.882          1.2587
50.401          1.6257
50.921          1.1407
51.441          0.72395
51.960          0.62031
52.480          0.68238
52.999          1.0161
