0.0000          1.6938
0.51960         1.0481
1.0392          0.68856
1.5588          0.60754
2.0784          0.62437
2.5980          0.78720
3.1176          1.3247
3.6372          1.7672
4.1568          1.2446
4.6764          0.75551
5.1960          0.61903
5.7156          0.61089
6.2352          0.70753
6.7548          1.1075
7.2744          1.7283
7.7940          1.4669
8.3136          0.85502
8.8332          0.63713
9.3528          0.60348
9.8724          0.66207
10.392          0.95799
10.912          1.6136
11.431          1.6253
11.951          0.96902
12.470          0.66513
12.990          0.60383
13.510          0.63514
14.029          0.84538
14.549          1.4493
15.068          1.7363
15.588          1.1244
16.108          0.71315
16.627          0.61190
17.147          0.61772
17.666          0.74746
18.186          1.2230
18.706          1.7649
19.225          1.3470
19.745          0.79663
20.264          0.62603
20.784          0.60672
21.304          0.68371
21.823          1.0323
22.343          1.6826
22.862          1.5472
23.382          0.90474
23.902          0.64839
24.421          0.60267
24.941          0.64778
25.460          0.90223
25.980          1.5436
26.500          1.6853
27.019          1.0360
27.539          0.68489
28.059          0.60696
28.578          0.62550
29.098          0.79350
29.617          1.3397
30.137          1.7662
30.657          1.2311
31.176          0.75053
31.696          0.61831
32.215          0.61142
32.735          0.70988
33.255          1.1144
33.774          1.7324
34.294          1.4615
34.813          0.85199
35.333          0.63664
35.853          0.60356
36.372          0.66185
36.892          0.95662
37.411          1.6127
37.931          1.6293
38.451          0.97215
38.970          0.66614
39.490          0.60407
40.009          0.63400
40.529          0.83904
41.049          1.4372
41.568          1.7424
42.088          1.1374
42.607          0.71752
43.127          0.61274
43.647          0.61670
44.166          0.74086
44.686          1.2045
45.205          1.7618
45.725          1.3667
46.245          0.80527
46.764          0.62756
47.284          0.60605
47.803          0.67972
48.323          1.0190
48.843          1.6720
49.362          1.5612
49.882          0.91489
50.401          0.65085
50.921          0.60271
51.441          0.64560
51.960          0.89311
52.480          1.5300
52.999          1.6938
