0.0000          0.61450
0.51960         0.66752
1.0392          0.93904
1.5588          1.6027
2.0784          1.7376
2.5980          1.0700
3.1176          0.70429
3.6372          0.62107
4.1568          0.61745
4.6764          0.68010
5.1960          0.98382
5.7156          1.6590
6.2352          1.6989
6.7548          1.0224
7.2744          0.69094
7.7940          0.61946
8.3136          0.61934
8.8332          0.69013
9.3528          1.0195
9.8724          1.6962
10.392          1.6622
10.912          0.98669
11.431          0.68091
11.951          0.61763
12.470          0.62092
12.990          0.70295
13.510          1.0654
14.029          1.7343
14.549          1.6084
15.068          0.94315
15.588          0.66865
16.108          0.61477
16.627          0.62385
17.147          0.72810
17.666          1.1488
18.186          1.7805
18.706          1.5073
19.225          0.87809
19.745          0.65161
20.264          0.61125
20.784          0.63159
21.304          0.78067
21.823          1.2979
22.343          1.8114
22.862          1.3420
23.382          0.79838
23.902          0.63454
24.421          0.61053
24.941          0.64729
25.460          0.86039
25.980          1.4748
26.500          1.7893
27.019          1.1750
27.539          0.73637
28.059          0.62451
28.578          0.61370
29.098          0.66643
29.617          0.93704
30.137          1.6000
30.657          1.7360
31.176          1.0688
31.696          0.70330
32.215          0.62008
32.735          0.61704
33.255          0.68326
33.774          0.99833
34.294          1.6746
34.813          1.6792
35.333          1.0028
35.853          0.68450
36.372          0.61726
36.892          0.61985
37.411          0.70157
37.931          1.0629
38.451          1.7317
38.970          1.6070
39.490          0.94213
40.009          0.66779
40.529          0.61398
41.049          0.62403
41.568          0.73297
42.088          1.1647
42.607          1.7858
43.127          1.4867
43.647          0.86671
44.166          0.64874
44.686          0.61068
45.205          0.63350
45.725          0.79263
46.245          1.3280
46.764          1.8118
47.284          1.3116
47.803          0.78608
48.323          0.63251
48.843          0.61104
49.362          0.65020
49.882          0.87222
50.401          1.4967
50.921          1.7839
51.441          1.1577
51.960          0.73096
52.480          0.62422
52.999          0.61450
