0.0000          0.60932
0.51960         0.70721
1.0392          1.1089
1.5588          1.6735
2.0784          1.3667
2.5980          0.81088
3.1176          0.62640
3.6372          0.62022
4.1568          0.77682
4.6764          1.2908
5.1960          1.6814
5.7156          1.1710
6.2352          0.72928
6.7548          0.61274
7.2744          0.63879
7.7940          0.86944
8.3136          1.4718
8.8332          1.6319
9.3528          1.0192
9.8724          0.67842
10.392          0.60697
10.912          0.66069
11.431          0.95753
11.951          1.5841
12.470          1.5463
12.990          0.92261
13.510          0.65152
14.029          0.60864
14.549          0.69619
15.068          1.0752
15.588          1.6569
16.108          1.3979
16.627          0.82759
17.147          0.62983
17.666          0.61904
18.186          0.76914
18.706          1.2724
19.225          1.6795
19.745          1.1835
20.264          0.73409
20.784          0.61358
21.304          0.63844
21.823          0.86785
22.343          1.4689
22.862          1.6312
23.382          1.0196
23.902          0.67860
24.421          0.60704
24.941          0.66094
25.460          0.95854
25.980          1.5854
26.500          1.5459
27.019          0.92209
27.539          0.65138
28.059          0.60833
28.578          0.69461
29.098          1.0707
29.617          1.6569
30.137          1.4071
30.657          0.83228
31.176          0.63076
31.696          0.61733
32.215          0.75960
32.735          1.2501
33.255          1.6855
33.774          1.2108
34.294          0.74419
34.813          0.61482
35.333          0.63301
35.853          0.84361
36.372          1.4307
36.892          1.6586
37.411          1.0598
37.931          0.69086
38.451          0.60713
38.970          0.64677
39.490          0.90458
40.009          1.5301
40.529          1.6204
41.049          0.98833
41.568          0.66900
42.088          0.60474
42.607          0.65533
43.127          0.93870
43.647          1.5746
44.166          1.5918
44.686          0.95460
45.205          0.65956
45.725          0.60438
46.245          0.66264
46.764          0.96583
47.284          1.6024
47.803          1.5606
48.323          0.92720
48.843          0.65237
49.362          0.60531
49.882          0.67530
50.401          1.0097
50.921          1.6344
51.441          1.5000
51.960          0.88443
52.480          0.64203
52.999          0.60932
