0.0000          0.73164
0.51960         1.1771
1.0392          1.6798
1.5588          1.2803
2.0784          0.77240
2.5980          0.61955
3.1176          0.62877
3.6372          0.82250
4.1568          1.3884
4.6764          1.6610
5.1960          1.0840
5.7156          0.69903
6.2352          0.60885
6.7548          0.64951
7.2744          0.91474
7.7940          1.5372
8.3136          1.5938
8.8332          0.96696
9.3528          0.66323
9.8724          0.60658
10.392          0.67368
10.912          1.0032
11.431          1.6219
11.951          1.4939
12.470          0.88350
12.990          0.64200
13.510          0.61117
14.029          0.71800
14.549          1.1390
15.068          1.6762
15.588          1.3269
16.108          0.79288
16.627          0.62310
17.147          0.62347
17.666          0.79517
18.186          1.3330
18.706          1.6789
19.225          1.1368
19.745          0.71691
20.264          0.61070
20.784          0.63953
21.304          0.87348
21.823          1.4823
22.343          1.6411
22.862          1.0220
23.382          0.67902
23.902          0.60574
24.421          0.65114
24.941          0.92231
25.460          1.5540
25.980          1.6057
26.500          0.97013
27.019          0.66384
27.539          0.60450
28.059          0.65920
28.578          0.95327
29.098          1.5900
29.617          1.5750
30.137          0.93939
30.657          0.65552
31.176          0.60482
31.696          0.66944
32.215          0.98984
32.735          1.6212
33.255          1.5273
33.774          0.90272
34.294          0.64633
34.813          0.60740
35.333          0.69280
35.853          1.0657
36.372          1.6604
36.892          1.4225
37.411          0.83942
37.931          0.63217
38.451          0.61556
38.970          0.74867
39.490          1.2219
40.009          1.6845
40.529          1.2389
41.049          0.75578
41.568          0.61683
42.088          0.63185
42.607          0.83725
43.127          1.4158
43.647          1.6531
44.166          1.0647
44.686          0.69315
45.205          0.60822
45.725          0.65202
46.245          0.92455
46.764          1.5489
47.284          1.5837
47.803          0.95699
48.323          0.66057
48.843          0.60694
49.362          0.67826
49.882          1.0186
50.401          1.6313
50.921          1.4715
51.441          0.86928
51.960          0.63875
52.480          0.61318
52.999          0.73164
