0.0000          1.1309
0.51960         1.6738
1.0392          1.3331
1.5588          0.79563
2.0784          0.62361
2.5980          0.62394
3.1176          0.79743
3.6372          1.3370
4.1568          1.6731
4.6764          1.1276
5.1960          0.71381
5.7156          0.61064
6.2352          0.64369
6.7548          0.89082
7.2744          1.5051
7.7940          1.6162
8.3136          0.99392
8.8332          0.67086
9.3528          0.60637
9.8724          0.66482
10.392          0.97281
10.912          1.5998
11.431          1.5324
11.951          0.91040
12.470          0.64840
12.990          0.60870
13.510          0.69913
14.029          1.0845
14.549          1.6628
15.068          1.3917
15.588          0.82397
16.108          0.62904
16.627          0.61837
17.147          0.76606
17.666          1.2659
18.186          1.6852
18.706          1.1961
19.225          0.73854
19.745          0.61393
20.264          0.63432
20.784          0.84979
21.304          1.4418
21.823          1.6548
22.343          1.0511
22.862          0.68810
23.382          0.60682
23.902          0.64805
24.421          0.90978
24.941          1.5370
25.460          1.6150
25.980          0.98213
26.500          0.66723
27.019          0.60474
27.539          0.65736
28.059          0.94637
28.578          1.5823
29.098          1.5815
29.617          0.94563
30.137          0.65716
30.657          0.60476
31.176          0.66753
31.696          0.98319
32.215          1.6159
32.735          1.5356
33.255          0.90875
33.774          0.64779
34.294          0.60691
34.813          0.68883
35.333          1.0534
35.853          1.6558
36.372          1.4387
36.892          0.84805
37.411          0.63395
37.931          0.61417
38.451          0.74014
38.970          1.2003
39.490          1.6855
40.009          1.2614
40.529          0.76418
41.049          0.61805
41.568          0.62944
42.088          0.82600
42.607          1.3956
43.127          1.6618
43.647          1.0812
44.166          0.69803
44.686          0.60857
45.205          0.64881
45.725          0.91209
46.245          1.5346
46.764          1.5983
47.284          0.97098
47.803          0.66430
48.323          0.60638
48.843          0.67142
49.362          0.99583
49.882          1.6176
50.401          1.5027
50.921          0.88916
51.441          0.64330
51.960          0.61079
52.480          0.71497
52.999          1.1309
