0.0000          0.68182
0.51960         0.61713
1.0392          0.62048
1.5588          0.70405
2.0784          1.0706
2.5980          1.7377
3.1176          1.5994
3.6372          0.93652
4.1568          0.66648
4.6764          0.61392
5.1960          0.62449
5.7156          0.73511
6.2352          1.1711
6.7548          1.7886
7.2744          1.4800
7.7940          0.86297
8.3136          0.64793
8.8332          0.61065
9.3528          0.63401
9.8724          0.79518
10.392          1.3345
10.912          1.8121
11.431          1.3052
11.951          0.78344
12.470          0.63203
12.990          0.61111
13.510          0.65086
14.029          0.87510
14.549          1.5021
15.068          1.7821
15.588          1.1528
16.108          0.72930
16.627          0.62391
17.147          0.61458
17.666          0.66836
18.186          0.94254
18.706          1.6076
19.225          1.7342
19.745          1.0653
20.264          0.70277
20.784          0.62070
21.304          0.61752
21.823          0.68157
22.343          0.98978
22.862          1.6656
23.382          1.6920
23.902          1.0152
24.421          0.68870
24.941          0.61884
25.460          0.61952
25.980          0.69333
26.500          1.0318
27.019          1.7073
27.539          1.6471
28.059          0.97360
28.578          0.67702
29.098          0.61655
29.617          0.62160
30.137          0.71052
30.657          1.0919
31.176          1.7519
31.696          1.5754
32.215          0.91993
32.735          0.66225
33.255          0.61323
33.774          0.62614
34.294          0.74562
34.813          1.2020
35.333          1.7980
35.853          1.4452
36.372          0.84509
36.892          0.64396
37.411          0.61035
37.931          0.63712
38.451          0.81171
38.970          1.3734
39.490          1.8096
40.009          1.2675
40.529          0.76894
41.049          0.62955
41.568          0.61168
42.088          0.65504
42.607          0.89253
43.127          1.5322
43.647          1.7704
44.166          1.1266
44.686          0.72088
45.205          0.62260
45.725          0.61523
46.245          0.67255
46.764          0.95873
47.284          1.6288
47.803          1.7188
48.323          1.0457
48.843          0.69689
49.362          0.61955
49.882          0.61808
50.401          0.68706
50.921          1.0108
51.441          1.6874
51.960          1.6680
52.480          0.99204
52.999          0.68182
