0.0000          0.67842
0.51960         0.60594
1.0392          0.65356
1.5588          0.93164
2.0784          1.5633
2.5980          1.5906
3.1176          0.95693
3.6372          0.66024
4.1568          0.60517
4.6764          0.66755
5.1960          0.98314
5.7156          1.6136
6.2352          1.5306
6.7548          0.90623
7.2744          0.64722
7.7940          0.60768
8.3136          0.69397
8.8332          1.0693
9.3528          1.6609
9.8724          1.4154
10.392          0.83562
10.912          0.63134
11.431          0.61615
11.951          0.75271
12.470          1.2330
12.990          1.6864
13.510          1.2275
14.029          0.75050
14.549          0.61582
15.068          0.63224
15.588          0.83976
16.108          1.4224
16.627          1.6562
17.147          1.0616
17.666          0.69152
18.186          0.60762
18.706          0.65002
19.225          0.91730
19.745          1.5431
20.264          1.5978
20.784          0.96785
21.304          0.66333
21.823          0.60583
22.343          0.66892
22.862          0.98757
23.382          1.6139
23.902          1.5182
24.421          0.89884
24.941          0.64552
25.460          0.60916
25.980          0.70401
26.500          1.0994
27.019          1.6684
27.539          1.3741
28.059          0.81482
28.578          0.62719
29.098          0.61989
29.617          0.77500
30.137          1.2871
30.657          1.6825
31.176          1.1745
31.696          0.73046
32.215          0.61281
32.735          0.63746
33.255          0.86393
33.774          1.4647
34.294          1.6408
34.813          1.0290
35.333          0.68127
35.853          0.60656
36.372          0.65471
36.892          0.93578
37.411          1.5656
37.931          1.5801
38.451          0.94918
38.970          0.65824
39.490          0.60603
40.009          0.67497
40.529          1.0083
41.049          1.6290
41.568          1.4926
42.088          0.88123
42.607          0.64137
43.127          0.61065
43.647          0.71558
44.166          1.1332
44.686          1.6774
45.205          1.3349
45.725          0.79607
46.245          0.62361
46.764          0.62270
47.284          0.79120
47.803          1.3245
48.323          1.6800
48.843          1.1432
49.362          0.71907
49.882          0.61105
50.401          0.63953
50.921          0.87338
51.441          1.4814
51.960          1.6382
52.480          1.0200
52.999          0.67842
