0.0000          1.4770
0.51960         1.6350
1.0392          1.0189
1.5588          0.67813
2.0784          0.60640
2.5980          0.65725
3.1176          0.94535
3.6372          1.5752
4.1568          1.5675
4.6764          0.93822
5.1960          0.65537
5.7156          0.60676
6.2352          0.68195
6.7548          1.0311
7.2744          1.6409
7.7940          1.4600
8.3136          0.86139
8.8332          0.63692
9.3528          0.61341
9.8724          0.73422
10.392          1.1845
10.912          1.6825
11.431          1.2751
11.951          0.76999
12.470          0.61906
12.990          0.62855
13.510          0.82161
14.029          1.3873
14.549          1.6640
15.068          1.0875
15.588          0.70007
16.108          0.60874
16.627          0.64753
17.147          0.90711
17.666          1.5291
18.186          1.6051
18.706          0.97742
19.225          0.66604
19.745          0.60592
20.264          0.66694
20.784          0.98110
21.304          1.6095
21.823          1.5250
22.343          0.90344
22.862          0.64659
23.382          0.60868
23.902          0.70066
24.421          1.0910
24.941          1.6681
25.460          1.3835
25.980          0.81908
26.500          0.62796
27.019          0.61879
27.539          0.76927
28.059          1.2750
28.578          1.6858
29.098          1.1871
29.617          0.73502
30.137          0.61337
30.657          0.63521
31.176          0.85401
31.696          1.4493
32.215          1.6517
32.735          1.0447
33.255          0.68606
33.774          0.60664
34.294          0.64941
34.813          0.91527
35.333          1.5436
35.853          1.6083
36.372          0.97513
36.892          0.66525
37.411          0.60486
37.931          0.66042
38.451          0.95770
38.970          1.5926
39.490          1.5654
40.009          0.93253
40.529          0.65376
41.049          0.60557
41.568          0.67585
42.088          1.0115
42.607          1.6342
43.127          1.4947
43.647          0.88148
44.166          0.64136
44.686          0.60991
45.205          0.71123
45.725          1.1208
46.245          1.6761
46.764          1.3516
47.284          0.80357
47.803          0.62498
48.323          0.62132
48.843          0.78345
49.362          1.3068
49.882          1.6814
50.401          1.1574
50.921          0.72408
51.441          0.61185
51.960          0.63915
52.480          0.87148
52.999          1.4770
