0.0000          0.90341
0.51960         1.4344
1.0392          1.4344
1.5588          0.90340
2.0784          0.66204
2.5980          0.66204
3.1176          0.90340
3.6372          1.4344
4.1568          1.4344
4.6764          0.90340
5.1960          0.66204
5.7156          0.66204
6.2352          0.90340
6.7548          1.4344
7.2744          1.4344
7.7940          0.90340
8.3136          0.66204
8.8332          0.66204
9.3528          0.90340
9.8724          1.4344
10.392          1.4344
10.912          0.90340
11.431          0.66204
11.951          0.66204
12.470          0.90340
12.990          1.4344
13.510          1.4344
14.029          0.90340
14.549          0.66204
15.068          0.66205
15.588          0.90340
16.108          1.4344
16.627          1.4344
17.147          0.90340
17.666          0.66204
18.186          0.66205
18.706          0.90340
19.225          1.4344
19.745          1.4344
20.264          0.90340
20.784          0.66204
21.304          0.66205
21.823          0.90341
22.343          1.4344
22.862          1.4344
23.382          0.90340
23.902          0.66204
24.421          0.66205
24.941          0.90341
25.460          1.4344
25.980          1.4344
26.500          0.90340
27.019          0.66204
27.539          0.66205
28.059          0.90341
28.578          1.4344
29.098          1.4344
29.617          0.90340
30.137          0.66204
30.657          0.66205
31.176          0.90341
31.696          1.4344
32.215          1.4344
32.735          0.90340
33.255          0.66204
33.774          0.66205
34.294          0.90341
34.813          1.4344
35.333          1.4344
35.853          0.90340
36.372          0.66204
36.892          0.66205
37.411          0.90341
37.931          1.4344
38.451          1.4344
38.970          0.90340
39.490          0.66204
40.009          0.66205
40.529          0.90341
41.049          1.4344
41.568          1.4344
42.088          0.90340
42.607          0.66204
43.127          0.66205
43.647          0.90341
44.166          1.4344
44.686          1.4344
45.205          0.90340
45.725          0.66204
46.245          0.66205
46.764          0.90341
47.284          1.4344
47.803          1.4344
48.323          0.90340
48.843          0.66204
49.362          0.66205
49.882          0.90341
50.401          1.4344
50.921          1.4344
51.441          0.90340
51.960          0.66204
52.480          0.66205
52.999          0.90341
