0.0000          0.64443
0.51960         0.62340
1.0392          0.77812
1.5588          1.2828
2.0784          1.6413
2.5980          1.1365
3.1176          0.72020
3.6372          0.61628
4.1568          0.66769
4.6764          0.97345
5.1960          1.5686
5.7156          1.4691
6.2352          0.88105
6.7548          0.64336
7.2744          0.62268
7.7940          0.77559
8.3136          1.2772
8.8332          1.6428
9.3528          1.1423
9.8724          0.72226
10.392          0.61677
10.912          0.66809
11.431          0.97376
11.951          1.5654
12.470          1.4636
12.990          0.87907
13.510          0.64332
14.029          0.62490
14.549          0.78553
15.068          1.2960
15.588          1.6303
16.108          1.1176
16.627          0.71462
17.147          0.61822
17.666          0.68216
18.186          1.0172
18.706          1.5847
19.225          1.3985
19.745          0.84115
20.264          0.63635
20.784          0.63664
21.304          0.84165
21.823          1.3954
22.343          1.5741
22.862          1.0113
23.382          0.68157
23.902          0.62253
24.421          0.73461
24.941          1.1651
25.460          1.6165
25.980          1.2217
26.500          0.75778
27.019          0.62724
27.539          0.67953
28.059          0.99650
28.578          1.5441
29.098          1.3788
29.617          0.84090
30.137          0.64242
30.657          0.65965
31.176          0.91687
31.696          1.4655
32.215          1.4434
32.735          0.89643
33.255          0.65529
33.774          0.64880
34.294          0.86829
34.813          1.4135
35.333          1.5053
35.853          0.95367
36.372          0.66811
36.892          0.63317
37.411          0.79543
37.931          1.3025
38.451          1.5945
38.970          1.0811
39.490          0.70535
40.009          0.62255
40.529          0.71013
41.049          1.0976
41.568          1.6091
42.088          1.2987
42.607          0.79027
43.127          0.62790
43.647          0.65162
44.166          0.90656
44.686          1.4874
45.205          1.5159
45.725          0.93273
46.245          0.65804
46.764          0.62291
47.284          0.76191
47.803          1.2410
48.323          1.6366
48.843          1.1674
49.362          0.73260
49.882          0.61858
50.401          0.66628
50.921          0.96648
51.441          1.5582
51.960          1.4695
52.480          0.88405
52.999          0.64443
