0.0000          0.88387
0.51960         1.4964
1.0392          1.6264
1.5588          1.0049
2.0784          0.67396
2.5980          0.60602
3.1176          0.65928
3.6372          0.95303
4.1568          1.5838
4.6764          1.5606
5.1960          0.93165
5.7156          0.65365
6.2352          0.60681
6.7548          0.68368
7.2744          1.0368
7.7940          1.6448
8.3136          1.4543
8.8332          0.85778
9.3528          0.63610
9.8724          0.61354
10.392          0.73549
10.912          1.1881
11.431          1.6840
11.951          1.2728
12.470          0.76890
12.990          0.61883
13.510          0.62824
14.029          0.82022
14.549          1.3852
15.068          1.6670
15.588          1.0913
16.108          0.70127
16.627          0.60873
17.147          0.64577
17.666          0.90002
18.186          1.5207
18.706          1.6152
19.225          0.98766
19.745          0.66890
20.264          0.60558
20.784          0.66166
21.304          0.96196
21.823          1.5936
22.343          1.5529
22.862          0.92440
23.382          0.65177
23.902          0.60683
24.421          0.68538
24.941          1.0424
25.460          1.6486
25.980          1.4490
26.500          0.85442
27.019          0.63535
27.539          0.61366
28.059          0.73659
28.578          1.1912
29.098          1.6852
29.617          1.2708
30.137          0.76799
30.657          0.61865
31.176          0.62808
31.696          0.81950
32.215          1.3841
32.735          1.6686
33.255          1.0936
33.774          0.70197
34.294          0.60873
34.813          0.64484
35.333          0.89623
35.853          1.5160
36.372          1.6204
36.892          0.99317
37.411          0.67046
37.931          0.60544
38.451          0.65901
38.970          0.95232
39.490          1.5853
40.009          1.5667
40.529          0.93520
41.049          0.65450
41.568          0.60600
42.088          0.67802
42.607          1.0186
43.127          1.6368
43.647          1.4819
44.166          0.87392
44.686          0.63967
45.205          0.61118
45.725          0.71969
46.245          1.1448
46.764          1.6797
47.284          1.3218
47.803          0.79008
48.323          0.62251
48.843          0.62397
49.362          0.79800
49.882          1.3390
50.401          1.6761
50.921          1.1293
51.441          0.71426
51.960          0.61049
52.480          0.64199
52.999          0.88387
