0.0000          0.60911
0.51960         0.65125
1.0392          0.92137
1.5588          1.5440
2.0784          1.5831
2.5980          0.95747
3.1176          0.66072
3.6372          0.60724
4.1568          0.68004
4.6764          1.0245
5.1960          1.6343
5.7156          1.4633
6.2352          0.86434
6.7548          0.63764
7.2744          0.61348
7.7940          0.73430
8.3136          1.1849
8.8332          1.6828
9.3528          1.2752
9.8724          0.77013
10.392          0.61906
10.912          0.62772
11.431          0.81772
11.951          1.3809
12.470          1.6708
12.990          1.0976
13.510          0.70334
14.029          0.60878
14.549          0.64298
15.068          0.88859
15.588          1.5067
16.108          1.6322
16.627          1.0055
17.147          0.67404
17.666          0.60514
18.186          0.65249
18.706          0.92769
19.225          1.5617
19.745          1.6033
20.264          0.96616
20.784          0.66273
21.304          0.60427
21.823          0.65856
22.343          0.95088
22.862          1.5887
23.382          1.5807
23.902          0.94348
24.421          0.65658
24.941          0.60442
25.460          0.66566
25.980          0.97664
26.500          1.6120
27.019          1.5474
27.539          0.91679
28.059          0.64975
28.578          0.60594
29.098          0.68134
29.617          1.0296
30.137          1.6455
30.657          1.4723
31.176          0.86723
31.696          0.63812
32.215          0.61151
32.735          0.72243
33.255          1.1523
33.774          1.6811
34.294          1.3137
34.813          0.78632
35.333          0.62184
35.853          0.62515
36.372          0.80398
36.892          1.3508
37.411          1.6704
37.931          1.1158
38.451          0.70971
38.970          0.61022
39.490          0.64615
40.009          0.90078
40.529          1.5173
41.049          1.6027
41.568          0.97980
42.088          0.66692
42.607          0.60715
43.127          0.67353
43.647          1.0024
44.166          1.6187
44.686          1.4875
45.205          0.88038
45.725          0.64136
46.245          0.61271
46.764          0.72716
47.284          1.1645
47.803          1.6760
48.323          1.2910
48.843          0.77724
49.362          0.62046
49.882          0.62861
50.401          0.82136
50.921          1.3853
51.441          1.6585
51.960          1.0836
52.480          0.69905
52.999          0.60911
