0.0000          0.67242
0.51960         0.61732
1.0392          0.72047
1.5588          1.1362
2.0784          1.6383
2.5980          1.2789
3.1176          0.77689
3.6372          0.62338
4.1568          0.64543
4.6764          0.88824
5.1960          1.4760
5.7156          1.5550
6.2352          0.96148
6.7548          0.66469
7.2744          0.61803
7.7940          0.73179
8.3136          1.1671
8.8332          1.6417
9.3528          1.2457
9.8724          0.76276
10.392          0.62179
10.912          0.65225
11.431          0.91433
11.951          1.5050
12.470          1.5215
12.990          0.92951
13.510          0.65636
14.029          0.62164
14.549          0.75753
15.068          1.2307
15.588          1.6358
16.108          1.1744
16.627          0.73544
17.147          0.62034
17.666          0.67193
18.186          0.98218
18.706          1.5594
19.225          1.4322
19.745          0.86320
20.264          0.64118
20.784          0.63365
21.304          0.82529
21.823          1.3673
22.343          1.5867
22.862          1.0344
23.382          0.68868
23.902          0.62215
24.421          0.72546
24.941          1.1403
25.460          1.6135
25.980          1.2462
26.500          0.76791
27.019          0.62830
27.539          0.67468
28.059          0.98036
28.578          1.5332
29.098          1.3957
29.617          0.85162
30.137          0.64375
30.657          0.65411
31.176          0.89794
31.696          1.4511
32.215          1.4735
32.735          0.91874
33.255          0.65890
33.774          0.63868
34.294          0.82763
34.813          1.3608
35.333          1.5633
35.853          1.0199
36.372          0.68599
36.892          0.62470
37.411          0.73998
37.931          1.1799
38.451          1.6212
38.970          1.2093
39.490          0.75131
40.009          0.62341
40.529          0.66960
41.049          0.97324
41.568          1.5519
42.088          1.4368
42.607          0.86721
43.127          0.64185
43.647          0.63116
44.166          0.81611
44.686          1.3591
45.205          1.6051
45.725          1.0517
46.245          0.69277
46.764          0.61781
47.284          0.70197
47.803          1.0819
48.323          1.6208
48.843          1.3307
49.362          0.80179
49.882          0.62777
50.401          0.64015
50.921          0.86468
51.441          1.4421
51.960          1.5740
52.480          0.98779
52.999          0.67242
