0.0000          0.86248
0.51960         1.4177
1.0392          1.5327
1.5588          0.96994
2.0784          0.67072
2.5980          0.62729
3.1176          0.76781
3.6372          1.2469
4.1568          1.6149
4.6764          1.1406
5.1960          0.72548
5.7156          0.62238
6.2352          0.68965
6.7548          1.0363
7.2744          1.5852
7.7940          1.3617
8.3136          0.82289
8.8332          0.63379
9.3528          0.64425
9.8724          0.87421
10.392          1.4441
10.912          1.5414
11.431          0.96482
11.951          0.66750
12.470          0.62285
12.990          0.75162
13.510          1.2138
14.029          1.6311
14.549          1.1858
15.068          0.74056
15.588          0.62086
16.108          0.66895
16.627          0.97285
17.147          1.5559
17.666          1.4480
18.186          0.87251
18.706          0.64256
19.225          0.62856
19.745          0.80316
20.264          1.3323
20.784          1.6177
21.304          1.0800
21.823          0.70189
22.343          0.61752
22.862          0.69132
23.382          1.0480
23.902          1.6061
24.421          1.3697
24.941          0.82241
25.460          0.63166
25.980          0.63608
26.500          0.84464
27.019          1.4082
27.539          1.5880
28.059          1.0140
28.578          0.68067
29.098          0.61792
29.617          0.71463
30.137          1.1175
30.657          1.6286
31.176          1.2919
31.696          0.78388
32.215          0.62547
32.735          0.64814
33.255          0.89612
33.774          1.4798
34.294          1.5329
34.813          0.94508
35.333          0.66103
35.853          0.62207
36.372          0.75463
36.892          1.2222
37.411          1.6329
37.931          1.1784
38.451          0.73719
38.970          0.62099
39.490          0.67318
40.009          0.98580
40.529          1.5611
41.049          1.4250
41.568          0.85808
42.088          0.64012
42.607          0.63497
43.127          0.83184
43.647          1.3794
44.166          1.5816
44.686          1.0225
45.205          0.68473
45.725          0.62197
46.245          0.72876
46.764          1.1505
47.284          1.6183
47.803          1.2388
48.323          0.76378
48.843          0.62654
49.362          0.67157
49.882          0.97339
50.401          1.5360
50.921          1.4150
51.441          0.86028
51.960          0.64321
52.480          0.64370
52.999          0.86248
