0.0000          1.5914
0.51960         0.95474
1.0392          0.65960
1.5588          0.60450
2.0784          0.66347
2.5980          0.96885
3.1176          1.6046
3.6372          1.5556
4.1568          0.92350
4.6764          0.65144
5.1960          0.60565
5.7156          0.67825
6.2352          1.0195
6.7548          1.6399
7.2744          1.4859
7.7940          0.87556
8.3136          0.64000
8.8332          0.61040
9.3528          0.71485
9.8724          1.1311
10.392          1.6783
10.912          1.3397
11.431          0.79810
11.951          0.62398
12.470          0.62241
12.990          0.78930
13.510          1.3195
14.029          1.6784
14.549          1.1457
15.068          0.72008
15.588          0.61139
16.108          0.64104
16.627          0.87948
17.147          1.4883
17.666          1.6261
18.186          1.0079
18.706          0.67496
19.225          0.60654
19.745          0.66166
20.264          0.96132
20.784          1.5890
21.304          1.5447
21.823          0.92042
22.343          0.65091
22.862          0.60838
23.382          0.69518
23.902          1.0723
24.421          1.6570
24.941          1.4034
25.460          0.83025
25.980          0.63034
26.500          0.61832
27.019          0.76502
27.539          1.2626
28.059          1.6811
28.578          1.1938
29.098          0.73785
29.617          0.61408
30.137          0.63705
30.657          0.86170
31.176          1.4592
31.696          1.6367
32.215          1.0281
32.735          0.68115
33.255          0.60711
33.774          0.65860
34.294          0.94998
34.813          1.5775
35.333          1.5567
35.853          0.93084
36.372          0.65358
36.892          0.60772
37.411          0.68919
37.931          1.0540
38.451          1.6505
38.970          1.4286
39.490          0.84383
40.009          0.63316
40.529          0.61570
41.049          0.74930
41.568          1.2242
42.088          1.6855
42.607          1.2361
43.127          0.75409
43.647          0.61639
44.166          0.63090
44.686          0.83348
45.205          1.4117
45.725          1.6635
46.245          1.0738
46.764          0.69542
47.284          0.60774
47.803          0.64555
48.323          0.89943
48.843          1.5225
49.362          1.6234
49.882          0.99319
50.401          0.67042
50.921          0.60491
51.441          0.65509
51.960          0.93777
52.480          1.5730
52.999          1.5914
