0.0000          0.91734
0.51960         1.5477
1.0392          1.6104
1.5588          0.97536
2.0784          0.66530
2.5980          0.60451
3.1176          0.65771
3.6372          0.94771
4.1568          1.5845
4.6764          1.5821
5.1960          0.94545
5.7156          0.65711
6.2352          0.60457
6.7548          0.66626
7.2744          0.97876
7.7940          1.6130
8.3136          1.5430
8.8332          0.91389
9.3528          0.64904
9.8724          0.60632
10.392          0.68429
10.912          1.0391
11.431          1.6499
11.951          1.4587
12.470          0.85930
12.990          0.63637
13.510          0.61257
14.029          0.72961
14.549          1.1722
15.068          1.6837
15.588          1.2915
16.108          0.77667
16.627          0.62014
17.147          0.62686
17.666          0.81309
18.186          1.3701
18.706          1.6677
19.225          1.1010
19.745          0.70457
20.264          0.60942
20.784          0.64691
21.304          0.90426
21.823          1.5236
22.343          1.6033
22.862          0.97801
23.382          0.66630
23.902          0.60662
24.421          0.67099
24.941          0.99414
25.460          1.6151
25.980          1.5023
26.500          0.88938
27.019          0.64338
27.539          0.61117
28.059          0.71702
28.578          1.1365
29.098          1.6736
29.617          1.3249
30.137          0.79204
30.657          0.62300
31.176          0.62502
31.696          0.80302
32.215          1.3486
32.735          1.6694
33.255          1.1162
33.774          0.70996
34.294          0.61024
34.813          0.64574
35.333          0.89931
35.853          1.5165
36.372          1.6068
36.892          0.98299
37.411          0.66776
37.931          0.60656
38.451          0.66920
38.970          0.98820
39.490          1.6116
40.009          1.5113
40.529          0.89530
41.049          0.64475
41.568          0.61011
42.088          0.71015
42.607          1.1175
43.127          1.6723
43.647          1.3507
44.166          0.80371
44.686          0.62507
45.205          0.62160
45.725          0.78509
46.245          1.3111
46.764          1.6820
47.284          1.1551
47.803          0.72338
48.323          0.61164
48.843          0.63783
49.362          0.86595
49.882          1.4701
50.401          1.6461
50.921          1.0309
51.441          0.68175
51.960          0.60602
52.480          0.64989
52.999          0.91734
