0.0000          0.62080
0.51960         0.76604
1.0392          1.2722
1.5588          1.7691
2.0784          1.2973
2.5980          0.77598
3.1176          0.62249
3.6372          0.60857
4.1568          0.69425
4.6764          1.0662
5.1960          1.7059
5.7156          1.5113
6.2352          0.88108
6.7548          0.64286
7.2744          0.60284
7.7940          0.65385
8.3136          0.92670
8.8332          1.5768
9.3528          1.6599
9.8724          1.0047
10.392          0.67546
10.912          0.60537
11.431          0.62941
11.951          0.81536
12.470          1.3887
12.990          1.7568
13.510          1.1833
14.029          0.73332
14.549          0.61542
15.068          0.61392
15.588          0.72448
16.108          1.1578
16.627          1.7494
17.147          1.4154
17.666          0.82814
18.186          0.63185
18.706          0.60462
19.225          0.67035
19.745          0.98707
20.264          1.6439
20.784          1.5961
21.304          0.94230
21.823          0.65796
22.343          0.60316
22.862          0.63952
23.382          0.86581
23.902          1.4860
24.421          1.7202
24.941          1.0906
25.460          0.70208
25.980          0.61000
26.500          0.62025
27.019          0.76244
27.539          1.2628
28.059          1.7689
28.578          1.3071
29.098          0.77992
29.617          0.62315
30.137          0.60819
30.657          0.69203
31.176          1.0591
31.696          1.7012
32.215          1.5188
32.735          0.88584
33.255          0.64393
33.774          0.60278
34.294          0.65271
34.813          0.92222
35.333          1.5708
35.853          1.6642
36.372          1.0099
36.892          0.67696
37.411          0.60559
37.931          0.62884
38.451          0.81235
38.970          1.3822
39.490          1.7580
40.009          1.1891
40.529          0.73533
41.049          0.61571
41.568          0.61367
42.088          0.72325
42.607          1.1543
43.127          1.7478
43.647          1.4183
44.166          0.82958
44.686          0.63206
45.205          0.60457
45.725          0.67039
46.245          0.98746
46.764          1.6439
47.284          1.5945
47.803          0.94121
48.323          0.65760
48.843          0.60308
49.362          0.64010
49.882          0.86880
50.401          1.4910
50.921          1.7168
51.441          1.0850
51.960          0.70027
52.480          0.60963
52.999          0.62080
