0.0000          1.5436
0.51960         1.6121
1.0392          0.97787
1.5588          0.66601
2.0784          0.60461
2.5980          0.65770
3.1176          0.94767
3.6372          1.5841
4.1568          1.5811
4.6764          0.94490
5.1960          0.65697
5.7156          0.60467
6.2352          0.66713
6.7548          0.98181
7.2744          1.6152
7.7940          1.5382
8.3136          0.91051
8.8332          0.64822
9.3528          0.60666
9.8724          0.68701
10.392          1.0477
10.912          1.6536
11.431          1.4468
11.951          0.85252
12.470          0.63491
12.990          0.61350
13.510          0.73574
14.029          1.1886
14.549          1.6849
15.068          1.2740
15.588          0.76944
16.108          0.61895
16.627          0.62835
17.147          0.82044
17.666          1.3845
18.186          1.6642
18.706          1.0901
19.225          0.70101
19.745          0.60897
20.264          0.64801
20.784          0.90871
21.304          1.5296
21.823          1.6002
22.343          0.97405
22.862          0.66519
23.382          0.60653
23.902          0.67147
24.421          0.99587
24.941          1.6169
25.460          1.5012
25.980          0.88848
26.500          0.64316
27.019          0.61108
27.539          0.71671
28.059          1.1357
28.578          1.6740
29.098          1.3266
29.617          0.79273
30.137          0.62311
30.657          0.62471
31.176          0.80147
31.696          1.3454
32.215          1.6707
32.735          1.1195
33.255          0.71106
33.774          0.61034
34.294          0.64505
34.813          0.89646
35.333          1.5127
35.853          1.6101
36.372          0.98679
36.892          0.66884
37.411          0.60648
37.931          0.66758
38.451          0.98249
38.970          1.6071
39.490          1.5193
40.009          0.90110
40.529          0.64616
41.049          0.60955
41.568          0.70582
42.088          1.1044
42.607          1.6685
43.127          1.3673
43.647          0.81187
44.166          0.62667
44.686          0.62028
45.205          0.77727
45.725          1.2925
46.245          1.6836
46.764          1.1718
47.284          0.72948
47.803          0.61255
48.323          0.63639
48.843          0.85932
49.362          1.4587
49.882          1.6497
50.401          1.0390
50.921          0.68428
51.441          0.60634
51.960          0.64917
52.480          0.91441
52.999          1.5436
