0.0000          1.7457
0.51960         1.4243
1.0392          0.83263
1.5588          0.63267
2.0784          0.60441
2.5980          0.66914
3.1176          0.98304
3.6372          1.6398
4.1568          1.5997
4.6764          0.94567
5.1960          0.65885
5.7156          0.60323
6.2352          0.63898
6.7548          0.86338
7.2744          1.4817
7.7940          1.7223
8.3136          1.0948
8.8332          0.70347
9.3528          0.61026
9.8724          0.61986
10.392          0.76006
10.912          1.2565
11.431          1.7687
11.951          1.3141
12.470          0.78284
12.990          0.62372
13.510          0.60786
14.029          0.68975
14.549          1.0516
15.068          1.6967
15.588          1.5283
16.108          0.89188
16.627          0.64545
17.147          0.60276
17.666          0.65035
18.186          0.91229
18.706          1.5578
19.225          1.6763
19.745          1.0239
20.264          0.68125
20.784          0.60640
21.304          0.62674
21.823          0.80018
22.343          1.3550
22.862          1.7642
23.382          1.2165
23.902          0.74520
24.421          0.61742
24.941          0.61213
25.460          0.71392
25.980          1.1265
26.500          1.7377
27.019          1.4484
27.539          0.84495
28.059          0.63515
28.578          0.60384
29.098          0.66451
29.617          0.96643
30.137          1.6230
30.657          1.6179
31.176          0.96151
31.696          0.66310
32.215          0.60365
32.735          0.63615
33.255          0.84993
33.774          1.4575
34.294          1.7330
34.813          1.1169
35.333          0.71063
35.853          0.61145
36.372          0.61830
36.892          0.75101
37.411          1.2324
37.931          1.7656
38.451          1.3369
38.970          0.79229
39.490          0.62520
40.009          0.60714
40.529          0.68664
41.049          1.0420
41.568          1.6888
42.088          1.5351
42.607          0.89679
43.127          0.64637
43.647          0.60267
44.166          0.65066
44.686          0.91447
45.205          1.5602
45.725          1.6707
46.245          1.0184
46.764          0.67942
47.284          0.60591
47.803          0.62803
48.323          0.80832
48.843          1.3734
49.362          1.7594
49.882          1.1968
50.401          0.73806
50.921          0.61614
51.441          0.61328
51.960          0.72119
52.480          1.1484
52.999          1.7457
