0.0000          1.4700
0.51960         0.85663
1.0392          0.63769
1.5588          0.60341
2.0784          0.65969
2.5980          0.94826
3.1176          1.6036
3.6372          1.6397
4.1568          0.98207
4.6764          0.66903
5.1960          0.60454
5.7156          0.63213
6.2352          0.82905
6.7548          1.4172
7.2744          1.7498
7.7940          1.1572
8.3136          0.72426
8.8332          0.61394
9.3528          0.61537
9.8724          0.73270
10.392          1.1814
10.912          1.7566
11.431          1.3911
11.951          0.81643
12.470          0.62960
12.990          0.60530
13.510          0.67500
14.029          1.0031
14.549          1.6584
15.068          1.5782
15.588          0.92785
16.108          0.65411
16.627          0.60284
17.147          0.64286
17.666          0.88122
18.186          1.5113
18.706          1.7049
19.225          1.0653
19.745          0.69391
20.264          0.60844
20.784          0.62276
21.304          0.77793
21.823          1.3021
22.343          1.7681
22.862          1.2663
23.382          0.76371
23.902          0.62032
24.421          0.61000
24.941          0.70296
25.460          1.0936
25.980          1.7206
26.500          1.4800
27.019          0.86251
27.539          0.63861
28.059          0.60327
28.578          0.66062
29.098          0.95307
29.617          1.6076
30.137          1.6288
30.657          0.97290
31.176          0.66612
31.696          0.60389
32.215          0.63495
32.735          0.84486
33.255          1.4482
33.774          1.7357
34.294          1.1245
34.813          0.71315
35.333          0.61185
35.853          0.61781
36.372          0.74834
36.892          1.2255
37.411          1.7649
37.931          1.3443
38.451          0.79550
38.970          0.62584
39.490          0.60681
40.009          0.68425
40.529          1.0341
41.049          1.6840
41.568          1.5456
42.088          0.90367
42.607          0.64818
43.127          0.60269
43.647          0.64779
44.166          0.90210
44.686          1.5435
45.205          1.6862
45.725          1.0369
46.245          0.68522
46.764          0.60707
47.284          0.62524
47.803          0.79173
48.323          1.3355
48.843          1.7673
49.362          1.2360
49.882          0.75239
50.401          0.61868
50.921          0.61110
51.441          0.70766
51.960          1.1075
52.480          1.7297
52.999          1.4700
