0.0000          1.6807
0.51960         1.2973
1.0392          0.77964
1.5588          0.62071
2.0784          0.62583
2.5980          0.80790
3.1176          1.3604
3.6372          1.6747
4.1568          1.1141
4.6764          0.70896
5.1960          0.60956
5.7156          0.64151
6.2352          0.88219
6.7548          1.4965
7.2744          1.6360
7.7940          1.0122
8.3136          0.67605
8.8332          0.60539
9.3528          0.65204
9.8724          0.92589
10.392          1.5590
10.912          1.6035
11.431          0.96710
11.951          0.66298
12.470          0.60439
12.990          0.65930
13.510          0.95362
14.029          1.5908
14.549          1.5757
15.068          0.93965
15.588          0.65558
16.108          0.60471
16.627          0.66861
17.147          0.98697
17.666          1.6194
18.186          1.5319
18.706          0.90587
19.225          0.64709
19.745          0.60702
20.264          0.68996
20.784          1.0569
21.304          1.6574
21.823          1.4344
22.343          0.84570
22.862          0.63346
23.382          0.61453
23.902          0.74233
24.421          1.2058
24.941          1.6851
25.460          1.2554
25.980          0.76186
26.500          0.61773
27.019          0.63032
27.539          0.83004
28.059          1.4025
28.578          1.6578
29.098          1.0743
29.617          0.69585
30.137          0.60850
30.657          0.65105
31.176          0.92072
31.696          1.5439
32.215          1.5862
32.735          0.95977
33.255          0.66130
33.774          0.60709
34.294          0.67851
34.813          1.0193
35.333          1.6308
35.853          1.4689
36.372          0.86792
36.892          0.63847
37.411          0.61361
37.931          0.73427
38.451          1.1840
38.970          1.6795
39.490          1.2718
40.009          0.76891
40.529          0.61900
41.049          0.62986
41.568          0.82775
42.088          1.3982
42.607          1.6570
43.127          1.0751
43.647          0.69617
44.166          0.60862
44.686          0.65138
45.205          0.92208
45.725          1.5458
46.245          1.5851
46.764          0.95841
47.284          0.66092
47.803          0.60689
48.323          0.67772
48.843          1.0169
49.362          1.6305
49.882          1.4752
50.401          0.87163
50.921          0.63929
51.441          0.61245
51.960          0.72728
52.480          1.1655
52.999          1.6807
