0.0000          0.75695
0.51960         1.2207
1.0392          1.6174
1.5588          1.1668
2.0784          0.73522
2.5980          0.62286
3.1176          0.68251
3.6372          1.0135
4.1568          1.5729
4.6764          1.3882
5.1960          0.83833
5.7156          0.63653
6.2352          0.63960
6.7548          0.85391
7.2744          1.4157
7.7940          1.5649
8.3136          0.99398
8.8332          0.67579
9.3528          0.62080
9.8724          0.73327
10.392          1.1667
10.912          1.6314
11.431          1.2357
11.951          0.76026
12.470          0.62262
12.990          0.65805
13.510          0.93420
14.029          1.5224
14.549          1.4936
15.068          0.90744
15.588          0.65091
16.108          0.62391
16.627          0.77390
17.147          1.2700
17.666          1.6341
18.186          1.1395
18.706          0.72229
19.225          0.61809
19.745          0.67407
20.264          0.99247
20.784          1.5754
21.304          1.4345
21.823          0.86085
22.343          0.63943
22.862          0.62841
23.382          0.80532
23.902          1.3376
24.421          1.6196
24.941          1.0785
25.460          0.70110
25.980          0.61718
26.500          0.69058
27.019          1.0457
27.539          1.6047
28.059          1.3725
28.578          0.82408
29.098          0.63215
29.617          0.63660
30.137          0.84596
30.657          1.4082
31.176          1.5826
31.696          1.0103
32.215          0.68001
32.735          0.61928
33.255          0.72163
33.774          1.1350
34.294          1.6259
34.813          1.2670
35.333          0.77418
35.853          0.62548
36.372          0.65743
36.892          0.92822
37.411          1.5072
37.931          1.4840
38.451          0.90680
38.970          0.65218
39.490          0.62947
40.009          0.79669
40.529          1.3111
41.049          1.6035
41.568          1.0835
42.088          0.70533
42.607          0.62232
43.127          0.70920
43.647          1.0936
44.166          1.6016
44.686          1.2932
45.205          0.78963
45.725          0.63072
46.245          0.66414
46.764          0.94480
47.284          1.5083
47.803          1.4393
48.323          0.88070
48.843          0.64826
49.362          0.64128
49.882          0.84839
50.401          1.3959
50.921          1.5457
51.441          0.98909
51.960          0.67646
52.480          0.62626
52.999          0.75695
