0.0000          1.1426
0.51960         0.71890
1.0392          0.61123
1.5588          0.64159
2.0784          0.88191
2.5980          1.4920
3.1176          1.6236
3.6372          1.0043
4.1568          0.67386
4.6764          0.60656
5.1960          0.66296
5.7156          0.96603
6.2352          1.5930
6.7548          1.5383
7.2744          0.91544
7.7940          0.64967
8.3136          0.60881
8.8332          0.69872
9.3528          1.0830
9.8724          1.6605
10.392          1.3895
10.912          0.82310
11.431          0.62890
11.951          0.61947
12.470          0.77195
12.990          1.2792
13.510          1.6798
14.029          1.1781
14.549          0.73201
15.068          0.61322
15.588          0.63862
16.108          0.86876
16.627          1.4708
17.147          1.6319
17.666          1.0193
18.186          0.67845
18.706          0.60688
19.225          0.66009
19.745          0.95564
20.264          1.5835
20.784          1.5507
21.304          0.92546
21.823          0.65218
22.343          0.60792
22.862          0.69161
23.382          1.0617
23.902          1.6544
24.421          1.4186
24.941          0.83811
25.460          0.63192
25.980          0.61640
26.500          0.75402
27.019          1.2366
27.539          1.6861
28.059          1.2235
28.578          0.74903
29.098          0.61556
29.617          0.63194
30.137          0.83859
30.657          1.4216
31.176          1.6611
31.696          1.0663
32.215          0.69297
32.735          0.60741
33.255          0.64624
33.774          0.90236
34.294          1.5268
34.813          1.6215
35.333          0.99023
35.853          0.66955
36.372          0.60483
36.892          0.65541
37.411          0.93899
37.931          1.5746
38.451          1.5905
38.970          0.95375
39.490          0.65933
40.009          0.60448
40.529          0.66358
41.049          0.96921
41.568          1.6050
42.088          1.5553
42.607          0.92326
43.127          0.65138
43.647          0.60565
44.166          0.67829
44.686          1.0197
45.205          1.6400
45.725          1.4856
46.245          0.87541
46.764          0.63996
47.284          0.61044
47.803          0.71514
48.323          1.1320
48.843          1.6784
49.362          1.3383
49.882          0.79739
50.401          0.62383
50.921          0.62261
51.441          0.79047
51.960          1.3222
52.480          1.6779
52.999          1.1426
