0.0000          0.60641
0.51960         0.67481
1.0392          1.0076
1.5588          1.6266
2.0784          1.4896
2.5980          0.88007
3.1176          0.64115
3.6372          0.61121
4.1568          0.71903
4.6764          1.1429
5.1960          1.6783
5.7156          1.3226
6.2352          0.79058
6.7548          0.62262
7.2744          0.62374
7.7940          0.79690
8.3136          1.3372
8.8332          1.6786
9.3528          1.1329
9.8724          0.71545
10.392          0.61050
10.912          0.64000
11.431          0.87553
11.951          1.4856
12.470          1.6392
12.990          1.0190
13.510          0.67811
14.029          0.60569
14.549          0.65196
15.068          0.92552
15.588          1.5576
16.108          1.6014
16.627          0.96600
17.147          0.66269
17.666          0.60461
18.186          0.66126
18.706          0.96080
19.225          1.5966
19.745          1.5641
20.264          0.93075
20.784          0.65329
21.304          0.60540
21.823          0.67513
22.343          1.0092
22.862          1.6334
23.382          1.4993
23.902          0.88421
24.421          0.64198
24.941          0.60946
25.460          0.70814
25.980          1.1118
26.500          1.6743
27.019          1.3629
27.539          0.80893
28.059          0.62600
28.578          0.62042
29.098          0.77821
29.617          1.2946
30.137          1.6822
30.657          1.1682
31.176          0.72808
31.696          0.61248
32.215          0.63843
32.735          0.86813
33.255          1.4708
33.774          1.6357
34.294          1.0223
34.813          0.67924
35.333          0.60668
35.853          0.65790
36.372          0.94757
36.892          1.5763
37.411          1.5622
37.931          0.93461
38.451          0.65449
38.970          0.60732
39.490          0.68598
40.009          1.0438
40.529          1.6460
41.049          1.4412
41.568          0.85081
42.088          0.63464
42.607          0.61511
43.127          0.74508
43.647          1.2129
44.166          1.6830
44.686          1.2440
45.205          0.75734
45.725          0.61703
46.245          0.63172
46.764          0.83702
47.284          1.4164
47.803          1.6543
48.323          1.0631
48.843          0.69213
49.362          0.60795
49.882          0.65161
50.401          0.92334
50.921          1.5489
51.441          1.5876
51.960          0.95903
52.480          0.66099
52.999          0.60641
