0.0000          0.65160
0.51960         0.60804
1.0392          0.69277
1.5588          1.0652
2.0784          1.6555
2.5980          1.4148
3.1176          0.83621
3.6372          0.63155
4.1568          0.61666
4.6764          0.75549
5.1960          1.2400
5.7156          1.6859
6.2352          1.2207
6.7548          0.74800
7.2744          0.61541
7.7940          0.63215
8.3136          0.83952
8.8332          1.4231
9.3528          1.6606
9.8724          1.0653
10.392          0.69264
10.912          0.60737
11.431          0.64634
11.951          0.90275
12.470          1.5273
12.990          1.6212
13.510          0.98985
14.029          0.66944
14.549          0.60482
15.068          0.65550
15.588          0.93934
16.108          1.5749
16.627          1.5901
17.147          0.95334
17.666          0.65922
18.186          0.60449
18.706          0.66379
19.225          0.96997
19.745          1.6056
20.264          1.5543
20.784          0.92245
21.304          0.65117
21.823          0.60572
22.343          0.67885
22.862          1.0215
23.382          1.6409
23.902          1.4831
24.421          0.87390
24.941          0.63963
25.460          0.61063
25.980          0.71642
26.500          1.1355
27.019          1.6789
27.539          1.3343
28.059          0.79565
28.578          0.62353
29.098          0.62296
29.617          0.79226
30.137          1.3259
30.657          1.6770
31.176          1.1396
31.696          0.71793
32.215          0.61112
32.735          0.64197
33.255          0.88345
33.774          1.4940
34.294          1.6221
34.813          1.0025
35.333          0.67338
35.853          0.60658
36.372          0.66356
36.892          0.96814
37.411          1.5947
37.931          1.5354
38.451          0.91335
38.970          0.64916
39.490          0.60901
40.009          0.70026
40.529          1.0877
41.049          1.6619
41.568          1.3836
42.088          0.82013
42.607          0.62831
43.127          0.61997
43.647          0.77489
44.166          1.2861
44.686          1.6791
45.205          1.1717
45.725          0.72965
46.245          0.61289
46.764          0.63930
47.284          0.87175
47.803          1.4756
48.323          1.6297
48.843          1.0156
49.362          0.67734
49.882          0.60681
50.401          0.66082
50.921          0.95828
51.441          1.5860
51.960          1.5479
52.480          0.92313
52.999          0.65160
