0.0000          0.86773
0.51960         0.63989
1.0392          0.60311
1.5588          0.65774
2.0784          0.94168
2.5980          1.5952
3.1176          1.6438
3.6372          0.98722
4.1568          0.67035
4.6764          0.60459
5.1960          0.63198
5.7156          0.82905
6.2352          1.4172
6.7548          1.7485
7.2744          1.1557
7.7940          0.72373
8.3136          0.61378
8.8332          0.61558
9.3528          0.73441
9.8724          1.1864
10.392          1.7575
10.912          1.3853
11.431          0.81378
11.951          0.62913
12.470          0.60548
12.990          0.67612
13.510          1.0069
14.029          1.6618
14.549          1.5744
15.068          0.92494
15.588          0.65343
16.108          0.60283
16.627          0.64319
17.147          0.88246
17.666          1.5135
18.186          1.7047
18.706          1.0644
19.225          0.69371
19.745          0.60850
20.264          0.62261
20.784          0.77665
21.304          1.2989
21.823          1.7692
22.343          1.2709
22.862          0.76557
23.382          0.62076
23.902          0.60966
24.421          0.70021
24.941          1.0848
25.460          1.7169
25.980          1.4919
26.500          0.86928
27.019          0.64025
27.539          0.60307
28.059          0.65713
28.578          0.93924
29.098          1.5923
29.617          1.6467
30.137          0.99016
30.657          0.67121
31.176          0.60472
31.696          0.63150
32.215          0.82645
32.735          1.4119
33.255          1.7502
33.774          1.1608
34.294          0.72547
34.813          0.61407
35.333          0.61528
35.853          0.73263
36.372          1.1814
36.892          1.7561
37.411          1.3903
37.931          0.81614
38.451          0.62954
38.970          0.60534
39.490          0.67539
40.009          1.0046
40.529          1.6596
41.049          1.5765
41.568          0.92659
42.088          0.65381
42.607          0.60284
43.127          0.64305
43.647          0.88198
44.166          1.5126
44.686          1.7047
45.205          1.0647
45.725          0.69377
46.245          0.60848
46.764          0.62267
47.284          0.77714
47.803          1.3002
48.323          1.7689
48.843          1.2693
49.362          0.76495
49.882          0.62063
50.401          0.60975
50.921          0.70089
51.441          1.0870
51.960          1.7180
52.480          1.4892
52.999          0.86773
