0.0000          0.60348
0.51960         0.66197
1.0392          0.95759
1.5588          1.6131
2.0784          1.6259
2.5980          0.96955
3.1176          0.66528
3.6372          0.60386
4.1568          0.63503
4.6764          0.84474
5.1960          1.4480
5.7156          1.7368
6.2352          1.1257
6.7548          0.71359
7.2744          0.61198
7.7940          0.61763
8.3136          0.74692
8.8332          1.2214
9.3528          1.7644
9.8724          1.3488
10.392          0.79744
10.912          0.62617
11.431          0.60666
11.951          0.68336
12.470          1.0311
12.990          1.6815
13.510          1.5485
14.029          0.90577
14.549          0.64865
15.068          0.60269
15.588          0.64754
16.108          0.90115
16.627          1.5419
17.147          1.6864
17.666          1.0376
18.186          0.68539
18.706          0.60705
19.225          0.62533
19.745          0.79249
20.264          1.3373
20.784          1.7665
21.304          1.2334
21.823          0.75139
22.343          0.61845
22.862          0.61131
23.382          0.70931
23.902          1.1127
24.421          1.7316
24.941          1.4632
25.460          0.85292
25.980          0.63682
26.500          0.60354
27.019          0.66164
27.539          0.95586
28.059          1.6118
28.578          1.6300
29.098          0.97284
29.617          0.66633
30.137          0.60409
30.657          0.63395
31.176          0.83879
31.696          1.4366
32.215          1.7424
32.735          1.1378
33.255          0.71767
33.774          0.61276
34.294          0.61669
34.813          0.74087
35.333          1.2045
35.853          1.7617
36.372          1.3667
36.892          0.80529
37.411          0.62757
37.931          0.60606
38.451          0.67978
38.970          1.0192
39.490          1.6720
40.009          1.5610
40.529          0.91479
41.049          0.65083
41.568          0.60271
42.088          0.64565
42.607          0.89327
43.127          1.5301
43.647          1.6936
44.166          1.0480
44.686          0.68853
45.205          0.60753
45.725          0.62439
46.245          0.78729
46.764          1.3249
47.284          1.7671
47.803          1.2445
48.323          0.75548
48.843          0.61903
49.362          0.61089
49.882          0.70751
50.401          1.1074
50.921          1.7283
51.441          1.4671
51.960          0.85512
52.480          0.63716
52.999          0.60348
