0.0000          0.81560
0.51960         0.62732
1.0392          0.61943
1.5588          0.77223
2.0784          1.2800
2.5980          1.6820
3.1176          1.1810
3.6372          0.73306
4.1568          0.61333
4.6764          0.63796
5.1960          0.86560
5.7156          1.4650
6.2352          1.6336
6.7548          1.0238
7.2744          0.67988
7.7940          0.60719
8.3136          0.66052
8.8332          0.95677
9.3528          1.5826
9.8724          1.5456
10.392          0.92260
10.912          0.65155
11.431          0.60889
11.951          0.69754
12.470          1.0792
12.990          1.6576
13.510          1.3918
14.029          0.82457
14.549          0.62924
15.068          0.61972
15.588          0.77306
16.108          1.2815
16.627          1.6780
17.147          1.1743
17.666          0.73071
18.186          0.61314
18.706          0.63974
19.225          0.87349
19.745          1.4775
20.264          1.6259
20.784          1.0120
21.304          0.67634
21.823          0.60704
22.343          0.66331
22.862          0.96701
23.382          1.5925
23.902          1.5348
24.421          0.91371
24.941          0.64931
25.460          0.60902
25.980          0.70026
26.500          1.0876
27.019          1.6623
27.539          1.3861
28.059          0.82148
28.578          0.62859
29.098          0.61899
29.617          0.76953
30.137          1.2741
30.657          1.6845
31.176          1.1882
31.696          0.73559
32.215          0.61349
32.735          0.63493
33.255          0.85263
33.774          1.4471
34.294          1.6539
34.813          1.0478
35.333          0.68704
35.853          0.60663
36.372          0.64789
36.892          0.90922
37.411          1.5369
37.931          1.6174
38.451          0.98386
38.970          0.66771
39.490          0.60460
40.009          0.65575
40.529          0.94031
41.049          1.5767
41.568          1.5909
42.088          0.95344
42.607          0.65925
43.127          0.60433
43.647          0.66251
44.166          0.96540
44.686          1.6023
45.205          1.5619
45.725          0.92801
46.245          0.65257
46.764          0.60520
47.284          0.67437
47.803          1.0066
48.323          1.6327
48.843          1.5047
49.362          0.88738
49.882          0.64271
50.401          0.60895
50.921          0.70455
51.441          1.1011
51.960          1.6716
52.480          1.3764
52.999          0.81560
