0.0000          1.6866
0.51960         1.2192
1.0392          0.74726
1.5588          0.61529
2.0784          0.63274
2.5980          0.84222
3.1176          1.4273
3.6372          1.6561
4.1568          1.0591
4.6764          0.69067
5.1960          0.60740
5.7156          0.64945
6.2352          0.91515
6.7548          1.5413
7.2744          1.6025
7.7940          0.97171
8.3136          0.66436
8.8332          0.60549
9.3528          0.66569
9.8724          0.97643
10.392          1.6064
10.912          1.5352
11.431          0.91054
11.951          0.64831
12.470          0.60782
12.990          0.69402
13.510          1.0694
14.029          1.6597
14.549          1.4132
15.068          0.83467
15.588          0.63116
16.108          0.61658
16.627          0.75520
17.147          1.2392
17.666          1.6857
18.186          1.2204
18.706          0.74775
19.225          0.61541
19.745          0.63306
20.264          0.84366
20.784          1.4295
21.304          1.6536
21.823          1.0558
22.343          0.68965
22.862          0.60743
23.382          0.65091
23.902          0.92086
24.421          1.5475
24.941          1.5944
25.460          0.96410
25.980          0.66229
26.500          0.60584
27.019          0.67001
27.539          0.99142
28.059          1.6171
28.578          1.5136
29.098          0.89552
29.617          0.64472
30.137          0.60935
30.657          0.70573
31.176          1.1047
31.696          1.6706
32.215          1.3681
32.735          0.81175
33.255          0.62657
33.774          0.62014
34.294          0.77672
34.813          1.2916
35.333          1.6834
35.853          1.1715
36.372          0.72931
36.892          0.61257
37.411          0.63711
37.931          0.86250
38.451          1.4631
38.970          1.6443
39.490          1.0325
40.009          0.68229
40.529          0.60641
41.049          0.65243
41.568          0.92716
42.088          1.5572
42.607          1.5932
43.127          0.96042
43.647          0.66121
44.166          0.60532
44.686          0.66763
45.205          0.98336
45.725          1.6131
46.245          1.5287
46.764          0.90525
47.284          0.64700
47.803          0.60793
48.323          0.69563
48.843          1.0744
49.362          1.6624
49.882          1.4084
50.401          0.83198
50.921          0.63060
51.441          0.61670
51.960          0.75615
52.480          1.2417
52.999          1.6866
