0.0000          0.61182
0.51960         0.65500
1.0392          0.89184
1.5588          1.5311
2.0784          1.7719
2.5980          1.1288
3.1176          0.72179
3.6372          0.62306
4.1568          0.61538
4.6764          0.67129
5.1960          0.95268
5.7156          1.6211
6.2352          1.7265
6.7548          1.0548
7.2744          0.69994
7.7940          0.62056
8.3136          0.61803
8.8332          0.68291
9.3528          0.99380
9.8724          1.6701
10.392          1.6892
10.912          1.0123
11.431          0.68809
11.951          0.61899
12.470          0.61975
12.990          0.69321
13.510          1.0307
14.029          1.7065
14.549          1.6495
15.068          0.97562
15.588          0.67776
16.108          0.61690
16.627          0.62151
17.147          0.70846
17.666          1.0845
18.186          1.7474
18.706          1.5850
19.225          0.92643
19.745          0.66406
20.264          0.61370
20.784          0.62543
21.304          0.74014
21.823          1.1857
22.343          1.7937
22.862          1.4639
23.382          0.85448
23.902          0.64602
24.421          0.61050
24.941          0.63542
25.460          0.80271
25.980          1.3526
26.500          1.8113
27.019          1.2871
27.539          0.77627
28.059          0.63065
28.578          0.61125
29.098          0.65305
29.617          0.88494
30.137          1.5196
30.657          1.7749
31.176          1.1366
31.696          0.72385
32.215          0.62280
32.735          0.61480
33.255          0.67163
33.774          0.95618
34.294          1.6256
34.813          1.7198
35.333          1.0472
35.853          0.69707
36.372          0.61928
36.892          0.61789
37.411          0.68786
37.931          1.0146
38.451          1.6910
38.970          1.6623
39.490          0.98691
40.009          0.68012
40.529          0.61651
41.049          0.62071
41.568          0.70784
42.088          1.0842
42.607          1.7466
43.127          1.5819
43.647          0.92423
44.166          0.66304
44.686          0.61304
45.205          0.62576
45.725          0.74501
46.245          1.2009
46.764          1.7975
47.284          1.4454
47.803          0.84509
48.323          0.64386
48.843          0.61024
49.362          0.63717
49.882          0.81248
50.401          1.3755
50.921          1.8096
51.441          1.2656
51.960          0.76830
52.480          0.62957
52.999          0.61182
