0.0000          0.64202
0.51960         0.60293
1.0392          0.65495
1.5588          0.93085
2.0784          1.5817
2.5980          1.6553
3.1176          0.99998
3.6372          0.67409
4.1568          0.60515
4.6764          0.63017
5.1960          0.81946
5.7156          1.3972
6.2352          1.7540
6.7548          1.1748
7.2744          0.73040
7.7940          0.61490
8.3136          0.61447
8.8332          0.72789
9.3528          1.1677
9.8724          1.7521
10.392          1.4044
10.912          0.82287
11.431          0.63080
11.951          0.60494
12.470          0.67281
12.990          0.99574
13.510          1.6517
14.029          1.5858
14.549          0.93406
15.068          0.65574
15.588          0.60295
16.108          0.64148
16.627          0.87500
17.147          1.5014
17.666          1.7113
18.186          1.0754
18.706          0.69717
19.225          0.60909
19.745          0.62166
20.264          0.77113
20.784          1.2851
21.304          1.7692
21.823          1.2843
22.343          0.77083
22.862          0.62162
23.382          0.60911
23.902          0.69730
24.421          1.0758
24.941          1.7115
25.460          1.5011
25.980          0.87485
26.500          0.64146
27.019          0.60296
27.539          0.65569
28.059          0.93380
28.578          1.5855
29.098          1.6522
29.617          0.99629
30.137          0.67298
30.657          0.60498
31.176          0.63065
31.696          0.82199
32.215          1.4026
32.735          1.7529
33.255          1.1697
33.774          0.72859
34.294          0.61461
34.813          0.61473
35.333          0.72932
35.853          1.1718
36.372          1.7535
36.892          1.4006
37.411          0.82100
37.931          0.63047
38.451          0.60503
38.970          0.67322
39.490          0.99705
40.009          1.6531
40.529          1.5851
41.049          0.93334
41.568          0.65559
42.088          0.60297
42.607          0.64140
43.127          0.87448
43.647          1.5006
44.166          1.7122
44.686          1.0766
45.205          0.69760
45.725          0.60919
46.245          0.62147
46.764          0.76985
47.284          1.2818
47.803          1.7694
48.323          1.2880
48.843          0.77227
49.362          0.62188
49.882          0.60895
50.401          0.69624
50.921          1.0723
51.441          1.7095
51.960          1.5050
52.480          0.87726
52.999          0.64202
