0.0000          0.94177
0.51960         0.65779
1.0392          0.60312
1.5588          0.63971
2.0784          0.86683
2.5980          1.4878
3.1176          1.7192
3.6372          1.0888
4.1568          0.70148
4.6764          0.60987
5.1960          0.62040
5.7156          0.76350
6.2352          1.2655
6.7548          1.7690
7.2744          1.3043
7.7940          0.77879
8.3136          0.62296
8.8332          0.60828
9.3528          0.69255
9.8724          1.0607
10.392          1.7024
10.912          1.5172
11.431          0.88483
11.951          0.64371
12.470          0.60279
12.990          0.65283
13.510          0.92266
14.029          1.5715
14.549          1.6641
15.068          1.0096
15.588          0.67689
16.108          0.60559
16.627          0.62879
17.147          0.81204
17.666          1.3815
18.186          1.7583
18.706          1.1900
19.225          0.73566
19.745          0.61577
20.264          0.61358
20.784          0.72267
21.304          1.1526
21.823          1.7474
22.343          1.4204
22.862          0.83059
23.382          0.63226
23.902          0.60450
24.421          0.66982
24.941          0.98543
25.460          1.6421
25.980          1.5970
26.500          0.94325
27.019          0.65814
27.539          0.60313
28.059          0.63959
28.578          0.86639
29.098          1.4870
29.617          1.7192
30.137          1.0891
30.657          0.70156
31.176          0.60986
31.696          0.62044
32.215          0.76384
32.735          1.2665
33.255          1.7688
33.774          1.3031
34.294          0.77829
34.813          0.62285
35.333          0.60834
35.853          0.69307
36.372          1.0625
36.892          1.7034
37.411          1.5150
37.931          0.88347
38.451          0.64338
38.970          0.60280
39.490          0.65335
40.009          0.92479
40.529          1.5742
41.049          1.6616
41.568          1.0068
42.088          0.67605
42.607          0.60544
43.127          0.62920
43.647          0.81433
44.166          1.3865
44.686          1.7571
45.205          1.1852
45.725          0.73397
46.245          0.61550
46.764          0.61383
47.284          0.72415
47.803          1.1569
48.323          1.7490
48.843          1.4160
49.362          0.82846
49.882          0.63188
50.401          0.60460
50.921          0.67040
51.441          0.98739
51.960          1.6441
52.480          1.5954
52.999          0.94177
