0.0000          0.60795
0.51960         0.69717
1.0392          1.0792
1.5588          1.6655
2.0784          1.4045
2.5980          0.82953
3.1176          0.63005
3.6372          0.61700
4.1568          0.75801
4.6764          1.2461
5.1960          1.6857
5.7156          1.2132
6.2352          0.74467
6.7548          0.61491
7.2744          0.63431
7.7940          0.84957
8.3136          1.4395
8.8332          1.6470
9.3528          1.0442
9.8724          0.68594
10.392          0.60741
10.912          0.65532
11.431          0.93765
11.951          1.5647
12.470          1.5700
12.990          0.94239
13.510          0.65655
14.029          0.60743
14.549          0.68490
15.068          1.0401
15.588          1.6427
16.108          1.4431
16.627          0.85228
17.147          0.63499
17.666          0.61539
18.186          0.74643
18.706          1.2161
19.225          1.6815
19.745          1.2388
20.264          0.75539
20.784          0.61678
21.304          0.63280
21.823          0.84206
22.343          1.4251
22.862          1.6491
23.382          1.0541
23.902          0.68933
24.421          0.60785
24.941          0.65428
25.460          0.93367
25.980          1.5602
26.500          1.5738
27.019          0.94631
27.539          0.65761
28.059          0.60712
28.578          0.68220
29.098          1.0320
29.617          1.6404
30.137          1.4551
30.657          0.85878
31.176          0.63634
31.696          0.61383
32.215          0.73733
32.735          1.1935
33.255          1.6842
33.774          1.2665
34.294          0.76643
34.813          0.61841
35.333          0.62840
35.853          0.82123
36.372          1.3879
36.892          1.6691
37.411          1.0920
37.931          0.70147
38.451          0.60853
38.970          0.64367
39.490          0.89151
40.009          1.5108
40.529          1.6295
41.049          1.0019
41.568          0.67298
42.088          0.60509
42.607          0.65345
43.127          0.93143
43.647          1.5659
44.166          1.5985
44.686          0.96162
45.205          0.66148
45.725          0.60438
46.245          0.66069
46.764          0.95875
47.284          1.5958
47.803          1.5694
48.323          0.93435
48.843          0.65420
49.362          0.60494
49.882          0.67132
50.401          0.99633
50.921          1.6260
51.441          1.5187
51.960          0.89668
52.480          0.64488
52.999          0.60795
