0.0000          0.62072
0.51960         0.76588
1.0392          1.2718
1.5588          1.7687
2.0784          1.2971
2.5980          0.77593
3.1176          0.62247
3.6372          0.60860
4.1568          0.69450
4.6764          1.0670
5.1960          1.7063
5.7156          1.5104
6.2352          0.88055
6.7548          0.64277
7.2744          0.60286
7.7940          0.65390
8.3136          0.92680
8.8332          1.5770
9.3528          1.6603
9.8724          1.0050
10.392          0.67559
10.912          0.60543
11.431          0.62923
11.951          0.81419
12.470          1.3862
12.990          1.7579
13.510          1.1864
14.029          0.73445
14.549          0.61567
15.068          0.61366
15.588          0.72261
16.108          1.1522
16.627          1.7481
17.147          1.4223
17.666          0.83155
18.186          0.63258
18.706          0.60442
19.225          0.66834
19.745          0.97972
20.264          1.6372
20.784          1.6055
21.304          0.95007
21.823          0.66013
22.343          0.60342
22.862          0.63757
23.382          0.85624
23.902          1.4693
24.421          1.7295
24.941          1.1075
25.460          0.70765
25.980          0.61105
26.500          0.61878
27.019          0.75320
27.539          1.2382
28.059          1.7671
28.578          1.3326
29.098          0.79047
29.617          0.62498
30.137          0.60722
30.657          0.68639
31.176          1.0409
31.696          1.6887
32.215          1.5382
32.735          0.89867
33.255          0.64692
33.774          0.60269
34.294          0.64946
34.813          0.90914
35.333          1.5531
35.853          1.6775
36.372          1.0263
36.892          0.68186
37.411          0.60637
37.931          0.62689
38.451          0.80165
38.970          1.3584
39.490          1.7623
40.009          1.2115
40.529          0.74331
41.049          0.61698
41.568          0.61256
42.088          0.71719
42.607          1.1366
43.127          1.7407
43.647          1.4357
44.166          0.83839
44.686          0.63370
45.205          0.60417
45.725          0.66808
46.245          0.97973
46.764          1.6358
47.284          1.6010
47.803          0.94711
48.323          0.65906
48.843          0.60315
49.362          0.63950
49.882          0.86648
50.401          1.4870
50.921          1.7177
51.441          1.0877
51.960          0.70108
52.480          0.60971
52.999          0.62072
