0.0000          1.7675
0.51960         1.1198
1.0392          0.71901
1.5588          0.62273
2.0784          0.61568
2.5980          0.67252
3.1176          0.95706
3.6372          1.6267
4.1568          1.7228
4.6764          1.0501
5.1960          0.69863
5.7156          0.62042
6.2352          0.61822
6.7548          0.68379
7.2744          0.99689
7.7940          1.6734
8.3136          1.6862
8.8332          1.0092
9.3528          0.68725
9.8724          0.61886
10.392          0.61988
10.912          0.69414
11.431          1.0340
11.951          1.7094
12.470          1.6457
12.990          0.97242
13.510          0.67686
14.029          0.61670
14.549          0.62170
15.068          0.71010
15.588          1.0901
16.108          1.7509
16.627          1.5782
17.147          0.92178
17.666          0.66281
18.186          0.61342
18.706          0.62592
19.225          0.74366
19.745          1.1962
20.264          1.7966
20.784          1.4519
21.304          0.84837
21.823          0.64465
22.343          0.61037
22.862          0.63651
23.382          0.80865
23.902          1.3665
24.421          1.8102
24.941          1.2737
25.460          0.77113
25.980          0.62979
26.500          0.61147
27.019          0.65454
27.539          0.89102
28.059          1.5299
28.578          1.7709
29.098          1.1278
29.617          0.72107
30.137          0.62242
30.657          0.61506
31.176          0.67296
31.696          0.96107
32.215          1.6318
32.735          1.7154
33.255          1.0418
33.774          0.69551
34.294          0.61904
34.813          0.61810
35.333          0.68926
35.853          1.0196
36.372          1.6958
36.892          1.6567
37.411          0.98193
37.931          0.67873
38.451          0.61622
38.970          0.62100
39.490          0.71021
40.009          1.0922
40.529          1.7516
41.049          1.5723
41.568          0.91771
42.088          0.66132
42.607          0.61269
43.127          0.62647
43.647          0.74986
44.166          1.2150
44.686          1.8010
45.205          1.4296
45.725          0.83737
46.245          0.64222
46.764          0.61018
47.284          0.63862
47.803          0.81988
48.323          1.3922
48.843          1.8076
49.362          1.2500
49.882          0.76259
50.401          0.62869
50.921          0.61214
51.441          0.65670
51.960          0.89849
52.480          1.5420
52.999          1.7675
