0.0000          0.67729
0.51960         0.60557
1.0392          0.62893
1.5588          0.81320
2.0784          1.3840
2.5980          1.7570
3.1176          1.1867
3.6372          0.73448
4.1568          0.61555
4.6764          0.61383
5.1960          0.72440
5.7156          1.1577
6.2352          1.7489
6.7548          1.4146
7.2744          0.82777
7.7940          0.63173
8.3136          0.60466
8.8332          0.67093
9.3528          0.98932
9.8724          1.6458
10.392          1.5929
10.912          0.93983
11.431          0.65728
11.951          0.60308
12.470          0.64014
12.990          0.86883
13.510          1.4912
14.029          1.7175
14.549          1.0856
15.068          0.70050
15.588          0.60973
16.108          0.62063
16.627          0.76469
17.147          1.2686
17.666          1.7695
18.186          1.3017
18.706          0.77779
19.225          0.62286
19.745          0.60834
20.264          0.69249
20.784          1.0604
21.304          1.7026
21.823          1.5188
22.343          0.88578
22.862          0.64403
23.382          0.60281
23.902          0.65197
24.421          0.91884
24.941          1.5667
25.460          1.6695
25.980          1.0154
26.500          0.67872
27.019          0.60597
27.539          0.62778
28.059          0.80604
28.578          1.3682
29.098          1.7618
29.617          1.2036
30.137          0.74055
30.657          0.61665
31.176          0.61279
31.696          0.71772
32.215          1.1379
32.735          1.7423
33.255          1.4364
33.774          0.83870
34.294          0.63389
34.813          0.60410
35.333          0.66665
35.853          0.97411
36.372          1.6310
36.892          1.6096
37.411          0.95404
37.931          0.66106
38.451          0.60343
38.970          0.63749
39.490          0.85642
40.009          1.4694
40.529          1.7277
41.049          1.1056
41.568          0.70694
42.088          0.61081
42.607          0.61915
43.127          0.75608
43.647          1.2460
44.166          1.7671
44.686          1.3232
45.205          0.78655
45.725          0.62421
46.245          0.60764
46.764          0.68938
47.284          1.0508
47.803          1.6951
48.323          1.5261
48.843          0.89071
49.362          0.64496
49.882          0.60272
50.401          0.65213
50.921          0.92029
51.441          1.5680
51.960          1.6648
52.480          1.0112
52.999          0.67729
