0.0000          1.1555
0.51960         1.7481
1.0392          1.4170
1.5588          0.82901
2.0784          0.63197
2.5980          0.60460
3.1176          0.67050
3.6372          0.98776
4.1568          1.6442
4.6764          1.5946
5.1960          0.94124
5.7156          0.65765
6.2352          0.60311
6.7548          0.63993
7.2744          0.86787
7.7940          1.4895
8.3136          1.7181
8.8332          1.0870
9.3528          0.70093
9.8724          0.60979
10.392          0.62056
10.912          0.76438
11.431          1.2678
11.951          1.7692
12.470          1.3022
12.990          0.77797
13.510          0.62285
14.029          0.60835
14.549          0.69277
15.068          1.0613
15.588          1.7029
16.108          1.5171
16.627          0.88476
17.147          0.64375
17.666          0.60281
18.186          0.65256
18.706          0.92136
19.225          1.5699
19.745          1.6662
20.264          1.0118
20.784          0.67760
21.304          0.60575
21.823          0.62836
22.343          0.80940
22.862          1.3757
23.382          1.7600
23.902          1.1962
24.421          0.73788
24.941          0.61620
25.460          0.61320
25.980          0.72017
26.500          1.1451
27.019          1.7450
27.539          1.4288
28.059          0.83484
28.578          0.63315
29.098          0.60430
29.617          0.66798
30.137          0.97873
30.657          1.6356
31.176          1.6047
31.696          0.94990
32.215          0.65998
32.735          0.60334
33.255          0.63823
33.774          0.85985
34.294          1.4754
34.813          1.7248
35.333          1.1002
35.853          0.70523
36.372          0.61051
36.892          0.61956
37.411          0.75855
37.931          1.2525
38.451          1.7677
38.970          1.3168
39.490          0.78397
40.009          0.62381
40.529          0.60786
41.049          0.69045
41.568          1.0542
42.088          1.6976
42.607          1.5231
43.127          0.88874
43.647          0.64455
44.166          0.60275
44.686          0.65234
45.205          0.92096
45.725          1.5690
46.245          1.6648
46.764          1.0109
47.284          0.67723
47.803          0.60560
48.323          0.62885
48.843          0.81258
49.362          1.3826
49.882          1.7575
50.401          1.1883
50.921          0.73507
51.441          0.61566
51.960          0.61373
52.480          0.72367
52.999          1.1555
