0.0000          0.68139
0.51960         0.92635
1.0392          1.5682
1.5588          1.8016
2.0784          1.1647
2.5980          0.74990
3.1176          0.65059
3.6372          0.63986
4.1568          0.65177
4.6764          0.75706
5.1960          1.1861
5.7156          1.8114
6.2352          1.5453
6.7548          0.91253
7.2744          0.67834
7.7940          0.63709
8.3136          0.63738
8.8332          0.68139
9.3528          0.92635
9.8724          1.5682
10.392          1.8016
10.912          1.1647
11.431          0.74990
11.951          0.65059
12.470          0.63986
12.990          0.65177
13.510          0.75706
14.029          1.1861
14.549          1.8114
15.068          1.5453
15.588          0.91253
16.108          0.67834
16.627          0.63709
17.147          0.63738
17.666          0.68139
18.186          0.92635
18.706          1.5682
19.225          1.8016
19.745          1.1647
20.264          0.74990
20.784          0.65059
21.304          0.63986
21.823          0.65177
22.343          0.75706
22.862          1.1861
23.382          1.8114
23.902          1.5453
24.421          0.91253
24.941          0.67834
25.460          0.63709
25.980          0.63738
26.500          0.68139
27.019          0.92635
27.539          1.5682
28.059          1.8016
28.578          1.1647
29.098          0.74990
29.617          0.65059
30.137          0.63986
30.657          0.65177
31.176          0.75706
31.696          1.1861
32.215          1.8114
32.735          1.5453
33.255          0.91253
33.774          0.67834
34.294          0.63709
34.813          0.63738
35.333          0.68139
35.853          0.92635
36.372          1.5682
36.892          1.8016
37.411          1.1647
37.931          0.74990
38.451          0.65059
38.970          0.63986
39.490          0.65177
40.009          0.75706
40.529          1.1861
41.049          1.8114
41.568          1.5453
42.088          0.91253
42.607          0.67834
43.127          0.63709
43.647          0.63738
44.166          0.68139
44.686          0.92635
45.205          1.5682
45.725          1.8016
46.245          1.1647
46.764          0.74990
47.284          0.65059
47.803          0.63986
48.323          0.65177
48.843          0.75706
49.362          1.1861
49.882          1.8114
50.401          1.5453
50.921          0.91253
51.441          0.67834
51.960          0.63709
52.480          0.63738
52.999          0.68139
