0.0000          0.99296
0.51960         1.6692
1.0392          1.6906
1.5588          1.0137
2.0784          0.68858
2.5980          0.61920
3.1176          0.61974
3.6372          0.69225
4.1568          1.0269
4.6764          1.7031
5.1960          1.6544
5.7156          0.97980
6.2352          0.67903
6.7548          0.61728
7.2744          0.62130
7.7940          0.70586
8.3136          1.0753
8.8332          1.7414
9.3528          1.5964
9.8724          0.93449
10.392          0.66629
10.912          0.61424
11.431          0.62463
11.951          0.73399
12.470          1.1670
12.990          1.7875
13.510          1.4857
14.029          0.86607
14.549          0.64871
15.068          0.61081
15.588          0.63348
16.108          0.79182
16.627          1.3261
17.147          1.8120
17.666          1.3131
18.186          0.78643
18.706          0.63234
19.225          0.61081
19.745          0.65037
20.264          0.87400
20.784          1.5003
21.304          1.7814
21.823          1.1526
22.343          0.72889
22.862          0.62337
23.382          0.61426
23.902          0.66969
24.421          0.94952
24.941          1.6170
25.460          1.7249
25.980          1.0538
26.500          0.69882
27.019          0.61933
27.539          0.61755
28.059          0.68704
28.578          1.0123
29.098          1.6887
29.617          1.6637
30.137          0.98824
30.657          0.68033
31.176          0.61636
31.696          0.62061
32.215          0.70827
32.735          1.0861
33.255          1.7475
33.774          1.5789
34.294          0.92224
34.813          0.66242
35.333          0.61282
35.853          0.62602
36.372          0.74727
36.892          1.2075
37.411          1.7989
37.931          1.4377
38.451          0.84136
38.970          0.64305
39.490          0.61019
40.009          0.63791
40.529          0.81635
41.049          1.3841
41.568          1.8085
42.088          1.2575
42.607          0.76536
43.127          0.62914
43.647          0.61201
44.166          0.65586
44.686          0.89512
45.205          1.5364
45.725          1.7699
46.245          1.1245
46.764          0.72052
47.284          0.62296
47.803          0.61555
48.323          0.67173
48.843          0.95402
49.362          1.6228
49.882          1.7257
50.401          1.0537
50.921          0.69972
51.441          0.62064
51.960          0.61812
52.480          0.68278
52.999          0.99296
