0.0000          0.60798
0.51960         0.68924
1.0392          1.0494
1.5588          1.6965
2.0784          1.5341
2.5980          0.89541
3.1176          0.64652
3.6372          0.60283
4.1568          0.64795
4.6764          0.90141
5.1960          1.5429
5.7156          1.6906
6.2352          1.0411
6.7548          0.68668
7.2744          0.60753
7.7940          0.62430
8.3136          0.78518
8.8332          1.3195
9.3528          1.7696
9.8724          1.2531
10.392          0.75885
10.912          0.61977
11.431          0.61031
11.951          0.70296
12.470          1.0927
12.990          1.7217
13.510          1.4853
14.029          0.86551
14.549          0.63952
15.068          0.60321
15.588          0.65777
16.108          0.94113
16.627          1.5940
17.147          1.6451
17.666          0.98897
18.186          0.67088
18.706          0.60469
19.225          0.63192
19.745          0.82840
20.264          1.4150
20.784          1.7472
21.304          1.1569
21.823          0.72411
22.343          0.61367
22.862          0.61584
23.382          0.73683
23.902          1.1932
24.421          1.7567
24.941          1.3752
25.460          0.80934
25.980          0.62806
26.500          0.60600
27.019          0.68108
27.539          1.0245
28.059          1.6739
28.578          1.5496
29.098          0.90742
29.617          0.64867
30.137          0.60260
30.657          0.64997
31.176          0.91271
31.696          1.5568
32.215          1.6684
32.735          1.0175
33.255          0.67898
33.774          0.60565
34.294          0.62899
34.813          0.81441
35.333          1.3862
35.853          1.7540
36.372          1.1824
36.892          0.73303
37.411          0.61519
37.931          0.61428
38.451          0.72774
38.970          1.1674
39.490          1.7505
40.009          1.4040
40.529          0.82306
41.049          0.63089
41.568          0.60499
42.088          0.67291
42.607          0.99600
43.127          1.6516
43.647          1.5865
44.166          0.93495
44.686          0.65615
45.205          0.60308
45.725          0.64074
46.245          0.87111
46.764          1.4949
47.284          1.7167
47.803          1.0837
48.323          0.70006
48.843          0.60979
49.362          0.62052
49.882          0.76337
50.401          1.2650
50.921          1.7703
51.441          1.3074
51.960          0.78025
52.480          0.62346
52.999          0.60798
