0.0000          0.70717
0.51960         1.0798
1.0392          1.7443
1.5588          1.5911
2.0784          0.93075
2.5980          0.66528
3.1176          0.61402
3.6372          0.62501
4.1568          0.73672
4.6764          1.1752
5.1960          1.7900
5.7156          1.4762
6.2352          0.86117
6.7548          0.64758
7.2744          0.61069
7.7940          0.63434
8.3136          0.79662
8.8332          1.3376
9.3528          1.8112
9.8724          1.3020
10.392          0.78224
10.912          0.63163
11.431          0.61099
11.951          0.65160
12.470          0.87909
12.990          1.5089
13.510          1.7779
14.029          1.1452
14.549          0.72656
15.068          0.62304
15.588          0.61446
16.108          0.67084
16.627          0.95385
17.147          1.6225
17.666          1.7209
18.186          1.0488
18.706          0.69738
19.225          0.61909
19.745          0.61773
20.264          0.68839
20.784          1.0172
21.304          1.6933
21.823          1.6581
22.343          0.98328
22.862          0.67892
23.382          0.61605
23.902          0.62092
24.421          0.71083
24.941          1.0946
25.460          1.7524
25.980          1.5687
26.500          0.91552
27.019          0.66066
27.539          0.61247
28.059          0.62682
28.578          0.75265
29.098          1.2226
29.617          1.8016
30.137          1.4212
30.657          0.83363
31.176          0.64145
31.696          0.61018
32.215          0.63949
32.735          0.82409
33.255          1.4008
33.774          1.8058
34.294          1.2422
34.813          0.75984
35.333          0.62830
35.853          0.61234
36.372          0.65757
36.892          0.90177
37.411          1.5471
37.931          1.7653
38.451          1.1157
38.970          0.71784
39.490          0.62265
40.009          0.61585
40.529          0.67295
41.049          0.95834
41.568          1.6283
42.088          1.7221
42.607          1.0492
43.127          0.69846
43.647          0.62051
44.166          0.61831
44.686          0.68362
45.205          0.99590
45.725          1.6724
46.245          1.6878
46.764          1.0108
47.284          0.68780
47.803          0.61909
48.323          0.61987
48.843          0.69307
49.362          1.0298
49.882          1.7057
50.401          1.6512
50.921          0.97704
51.441          0.67826
51.960          0.61712
52.480          0.62146
52.999          0.70717
