0.0000          0.79432
0.51960         0.63392
1.0392          0.61074
1.5588          0.64806
2.0784          0.86326
2.5980          1.4805
3.1176          1.7889
3.6372          1.1713
4.1568          0.73532
4.6764          0.62472
5.1960          0.61406
5.7156          0.66596
6.2352          0.93367
6.7548          1.5953
7.2744          1.7414
7.7940          1.0755
8.3136          0.70576
8.8332          0.62108
9.3528          0.61716
9.8724          0.67964
10.392          0.98279
10.912          1.6578
11.431          1.6989
11.951          1.0225
12.470          0.69077
12.990          0.61920
13.510          0.61923
14.029          0.69100
14.549          1.0233
15.068          1.6997
15.588          1.6569
16.108          0.98200
16.627          0.67942
17.147          0.61711
17.666          0.62112
18.186          0.70613
18.706          1.0768
19.225          1.7422
19.745          1.5938
20.264          0.93257
20.784          0.66566
21.304          0.61399
21.823          0.62483
22.343          0.73611
22.862          1.1737
23.382          1.7897
23.902          1.4777
24.421          0.86179
24.941          0.64772
25.460          0.61070
25.980          0.63416
26.500          0.79569
27.019          1.3357
27.539          1.8121
28.059          1.3040
28.578          0.78291
29.098          0.63185
29.617          0.61105
30.137          0.65112
30.657          0.87657
31.176          1.5048
31.696          1.7806
32.215          1.1497
32.735          0.72814
33.255          0.62352
33.774          0.61451
34.294          0.66938
34.813          0.94729
35.333          1.6140
35.853          1.7286
36.372          1.0581
36.892          0.70040
37.411          0.61997
37.931          0.61757
38.451          0.68448
38.970          1.0017
39.490          1.6782
40.009          1.6773
40.529          1.0008
41.049          0.68422
41.568          0.61752
42.088          0.62001
42.607          0.70075
43.127          1.0594
43.647          1.7295
44.166          1.6126
44.686          0.94621
45.205          0.66908
45.725          0.61444
46.245          0.62362
46.764          0.72884
47.284          1.1519
47.803          1.7815
48.323          1.5022
48.843          0.87513
49.362          0.65077
49.882          0.61100
50.401          0.63207
50.921          0.78420
51.441          1.3073
51.960          1.8122
52.480          1.3323
52.999          0.79432
