0.0000          1.6519
0.51960         1.5869
1.0392          0.93473
1.5588          0.65593
2.0784          0.60299
2.5980          0.64120
3.1176          0.87354
3.6372          1.4987
4.1568          1.7125
4.6764          1.0779
5.1960          0.69791
5.7156          0.60917
6.2352          0.62156
6.7548          0.77068
7.2744          1.2839
7.7940          1.7684
8.3136          1.2844
8.8332          0.77080
9.3528          0.62149
9.8724          0.60923
10.392          0.69876
10.912          1.0807
11.431          1.7133
11.951          1.4932
12.470          0.87026
12.990          0.64025
13.510          0.60306
14.029          0.65861
14.549          0.94574
15.068          1.5990
15.588          1.6359
16.108          0.98023
16.627          0.66815
17.147          0.60412
17.666          0.63395
18.186          0.83999
18.706          1.4388
19.225          1.7389
19.745          1.1329
20.264          0.71593
20.784          0.61230
21.304          0.61730
21.823          0.74544
22.343          1.2175
22.862          1.7632
23.382          1.3520
23.902          0.79888
24.421          0.62640
24.941          0.60658
25.460          0.68313
25.980          1.0305
26.500          1.6808
27.019          1.5488
27.539          0.90614
28.059          0.64875
28.578          0.60269
29.098          0.64747
29.617          0.90091
30.137          1.5416
30.657          1.6869
31.176          1.0382
31.696          0.68562
32.215          0.60711
32.735          0.62515
33.255          0.79134
33.774          1.3346
34.294          1.7673
34.813          1.2367
35.333          0.75270
35.853          0.61874
36.372          0.61106
36.892          0.70735
37.411          1.1065
37.931          1.7294
38.451          1.4713
38.970          0.85736
39.490          0.63788
40.009          0.60339
40.529          0.65922
41.049          0.94636
41.568          1.6015
42.088          1.6424
42.607          0.98460
43.127          0.66980
43.647          0.60468
44.166          0.63158
44.686          0.82603
45.205          1.4111
45.725          1.7522
46.245          1.1636
46.764          0.72651
47.284          0.61436
47.803          0.61493
48.323          0.72981
48.843          1.1730
49.362          1.7545
49.882          1.4004
50.401          0.82084
50.921          0.63046
51.441          0.60501
51.960          0.67289
52.480          0.99574
52.999          1.6519
