0.0000          0.74089
0.51960         1.2046
1.0392          1.7614
1.5588          1.3662
2.0784          0.80515
2.5980          0.62755
3.1176          0.60608
3.6372          0.67992
4.1568          1.0197
4.6764          1.6724
5.1960          1.5606
5.7156          0.91452
6.2352          0.65079
6.7548          0.60272
7.2744          0.64560
7.7940          0.89301
8.3136          1.5297
8.8332          1.6942
9.3528          1.0488
9.8724          0.68882
10.392          0.60762
10.912          0.62421
11.431          0.78608
11.951          1.3220
12.470          1.7677
12.990          1.2480
13.510          0.75683
14.029          0.61931
14.549          0.61067
15.068          0.70593
15.588          1.1024
16.108          1.7263
16.627          1.4733
17.147          0.85856
17.666          0.63795
18.186          0.60336
18.706          0.66028
19.225          0.95107
19.745          1.6062
20.264          1.6342
20.784          0.97730
21.304          0.66754
21.823          0.60421
22.343          0.63344
22.862          0.83643
23.382          1.4319
23.902          1.7436
24.421          1.1418
24.941          0.71901
25.460          0.61297
25.980          0.61647
26.500          0.73972
27.019          1.2013
27.539          1.7608
28.059          1.3698
28.578          0.80673
29.098          0.62783
29.617          0.60597
30.137          0.67920
30.657          1.0173
31.176          1.6704
31.696          1.5631
32.215          0.91641
32.735          0.65126
33.255          0.60273
33.774          0.64520
34.294          0.89130
34.813          1.5271
35.333          1.6958
35.853          1.0511
36.372          0.68953
36.892          0.60773
37.411          0.62400
37.931          0.78490
38.451          1.3192
38.970          1.7678
39.490          1.2506
40.009          0.75780
40.529          0.61945
41.049          0.61058
41.568          0.70550
42.088          1.1011
42.607          1.7255
43.127          1.4743
43.647          0.85914
44.166          0.63805
44.686          0.60334
45.205          0.66032
45.725          0.95131
46.245          1.6063
46.764          1.6335
47.284          0.97672
47.803          0.66735
48.323          0.60417
48.843          0.63364
49.362          0.83757
49.882          1.4342
50.401          1.7425
50.921          1.1394
51.441          0.71819
51.960          0.61281
52.480          0.61666
52.999          0.74089
