0.0000          0.78276
0.51960         0.62120
1.0392          0.62533
1.5588          0.80511
2.0784          1.3539
2.5980          1.6729
3.1176          1.1163
3.6372          0.70975
4.1568          0.60996
4.6764          0.64396
5.1960          0.89208
5.7156          1.5077
6.2352          1.6175
6.7548          0.99402
7.2744          0.67083
7.7940          0.60618
8.3136          0.66364
8.8332          0.96870
9.3528          1.5968
9.8724          1.5383
10.392          0.91461
10.912          0.64941
11.431          0.60840
11.951          0.69653
12.470          1.0767
12.990          1.6598
13.510          1.3999
14.029          0.82819
14.549          0.62989
15.068          0.61822
15.588          0.76478
16.108          1.2624
16.627          1.6827
17.147          1.1957
17.666          0.73848
18.186          0.61408
18.706          0.63612
19.225          0.85767
19.745          1.4533
20.264          1.6422
20.784          1.0352
21.304          0.68326
21.823          0.60700
22.343          0.65546
22.862          0.93842
23.382          1.5669
23.902          1.5733
24.421          0.94432
24.941          0.65702
25.460          0.60666
25.980          0.67987
26.500          1.0243
27.019          1.6372
27.539          1.4690
28.059          0.86688
28.578          0.63815
29.098          0.61253
29.617          0.72850
30.137          1.1693
30.657          1.6825
31.176          1.2937
31.696          0.77782
32.215          0.62035
32.735          0.62606
33.255          0.80918
33.774          1.3633
34.294          1.6741
34.813          1.1114
35.333          0.70799
35.853          0.60945
36.372          0.64211
36.892          0.88476
37.411          1.5000
37.931          1.6326
38.451          1.0082
38.970          0.67486
39.490          0.60541
40.009          0.65375
40.529          0.93255
41.049          1.5659
41.568          1.5939
42.088          0.95844
42.607          0.66062
43.127          0.60472
43.647          0.66407
44.166          0.97095
44.686          1.6053
45.205          1.5504
45.725          0.92007
46.245          0.65059
46.764          0.60615
47.284          0.68206
47.803          1.0319
48.323          1.6458
48.843          1.4675
49.362          0.86458
49.882          0.63755
50.401          0.61191
50.921          0.72516
51.441          1.1601
51.960          1.6827
52.480          1.3056
52.999          0.78276
