0.0000          1.5961
0.51960         0.94316
1.0392          0.65795
1.5588          0.60302
2.0784          0.64067
2.5980          0.87209
3.1176          1.4962
3.6372          1.7117
4.1568          1.0779
4.6764          0.69788
5.1960          0.60908
5.7156          0.62175
6.2352          0.77232
6.7548          1.2882
7.2744          1.7683
7.7940          1.2800
8.3136          0.76916
8.8332          0.62129
9.3528          0.60936
9.8724          0.69904
10.392          1.0814
10.912          1.7144
11.431          1.4945
11.951          0.87099
12.470          0.64061
12.990          0.60305
13.510          0.65693
14.029          0.93863
14.549          1.5915
15.068          1.6472
15.588          0.99085
16.108          0.67145
16.627          0.60478
17.147          0.63132
17.666          0.82545
18.186          1.4099
18.706          1.7513
19.225          1.1635
19.745          0.72650
20.264          0.61433
20.784          0.61498
21.304          0.73036
21.823          1.1747
22.343          1.7551
22.862          1.3990
23.382          0.82026
23.902          0.63047
24.421          0.60502
24.941          0.67228
25.460          0.99331
25.980          1.6505
26.500          1.5917
27.019          0.93826
27.539          0.65706
28.059          0.60318
28.578          0.63952
29.098          0.86514
29.617          1.4850
30.137          1.7226
30.657          1.0934
31.176          0.70310
31.696          0.61031
32.215          0.61977
32.735          0.75888
33.255          1.2532
33.774          1.7690
34.294          1.3180
34.813          0.78444
35.333          0.62399
35.853          0.60771
36.372          0.68882
36.892          1.0485
37.411          1.6944
37.931          1.5312
38.451          0.89389
38.970          0.64586
39.490          0.60274
40.009          0.65025
40.529          0.91204
41.049          1.5571
41.568          1.6753
42.088          1.0233
42.607          0.68099
43.127          0.60626
43.647          0.62717
44.166          0.80298
44.686          1.3612
45.205          1.7617
45.725          1.2090
46.245          0.74241
46.764          0.61682
47.284          0.61271
47.803          0.71813
48.323          1.1393
48.843          1.7415
49.362          1.4325
49.882          0.83677
50.401          0.63334
50.921          0.60427
51.441          0.66907
51.960          0.98334
52.480          1.6391
52.999          1.5961
