0.0000          1.0745
0.51960         1.6603
1.0392          1.4032
1.5588          0.82964
2.0784          0.63014
2.5980          0.61746
3.1176          0.76085
3.6372          1.2539
4.1568          1.6861
4.6764          1.2071
5.1960          0.74265
5.7156          0.61455
6.2352          0.63334
6.7548          0.84528
7.2744          1.4338
7.7940          1.6574
8.3136          1.0571
8.8332          0.68999
9.3528          0.60704
9.8724          0.64734
10.392          0.90690
10.912          1.5331
11.431          1.6175
11.951          0.98523
12.470          0.66811
12.990          0.60477
13.510          0.65663
14.029          0.94363
14.549          1.5794
15.068          1.5848
15.588          0.94858
16.108          0.65795
16.627          0.60465
17.147          0.66609
17.666          0.97816
18.186          1.6121
18.706          1.5426
19.225          0.91385
19.745          0.64904
20.264          0.60644
20.784          0.68504
21.304          1.0415
21.823          1.6508
22.343          1.4550
22.862          0.85718
23.382          0.63590
23.902          0.61286
24.421          0.73160
24.941          1.1777
25.460          1.6844
25.980          1.2856
26.500          0.77405
27.019          0.61967
27.539          0.62724
28.059          0.81509
28.578          1.3745
29.098          1.6679
29.617          1.0979
30.137          0.70338
30.657          0.60918
31.176          0.64666
31.696          0.90343
32.215          1.5235
32.735          1.6062
33.255          0.97984
33.774          0.66674
34.294          0.60632
34.813          0.66873
35.333          0.98657
35.853          1.6107
36.372          1.5142
36.892          0.89710
37.411          0.64517
37.931          0.61009
38.451          0.70959
38.970          1.1154
39.490          1.6702
40.009          1.3511
40.529          0.80406
41.049          0.62518
41.568          0.62247
42.088          0.78932
42.607          1.3192
43.127          1.6758
43.647          1.1428
44.166          0.71917
44.686          0.61137
45.205          0.64204
45.725          0.88380
46.245          1.4948
46.764          1.6217
47.284          1.0018
47.803          0.67318
48.323          0.60644
48.843          0.66293
49.362          0.96621
49.882          1.5945
50.401          1.5400
50.921          0.91603
51.441          0.64976
51.960          0.60827
52.480          0.69563
52.999          1.0745
