0.0000          0.91486
0.51960         1.5444
1.0392          1.6125
1.5588          0.97789
2.0784          0.66601
2.5980          0.60454
3.1176          0.65713
3.6372          0.94553
4.1568          1.5823
4.6764          1.5847
5.1960          0.94778
5.7156          0.65773
6.2352          0.60449
6.7548          0.66510
7.2744          0.97467
7.7940          1.6099
8.3136          1.5488
8.8332          0.91812
9.3528          0.65008
9.8724          0.60595
10.392          0.68119
10.912          1.0291
11.431          1.6451
11.951          1.4727
12.470          0.86747
12.990          0.63817
13.510          0.61146
14.029          0.72212
14.549          1.1516
15.068          1.6814
15.588          1.3149
16.108          0.78683
16.627          0.62192
17.147          0.62477
17.666          0.80213
18.186          1.3473
18.706          1.6727
19.225          1.1202
19.745          0.71112
20.264          0.61025
20.784          0.64458
21.304          0.89453
21.823          1.5100
22.343          1.6117
22.862          0.98889
23.382          0.66942
23.902          0.60662
24.421          0.66792
24.941          0.98352
25.460          1.6070
25.980          1.5153
26.500          0.89864
27.019          0.64559
27.539          0.61036
28.059          0.71077
28.578          1.1186
29.098          1.6698
29.617          1.3456
30.137          0.80164
30.657          0.62476
31.176          0.62328
31.696          0.79361
32.215          1.3283
32.735          1.6730
33.255          1.1334
33.774          0.71595
34.294          0.61103
34.813          0.64378
35.333          0.89105
35.853          1.5046
36.372          1.6136
36.892          0.99217
37.411          0.67041
37.931          0.60662
38.451          0.66693
38.970          0.98019
39.490          1.6049
40.009          1.5208
40.529          0.90227
41.049          0.64643
41.568          0.60960
42.088          0.70603
42.607          1.1053
43.127          1.6688
43.647          1.3649
44.166          0.81054
44.686          0.62636
45.205          0.62055
45.725          0.77913
46.245          1.2973
46.764          1.6831
47.284          1.1670
47.803          0.72768
48.323          0.61228
48.843          0.63683
49.362          0.86141
49.882          1.4624
50.401          1.6487
50.921          1.0364
51.441          0.68346
51.960          0.60622
52.480          0.64928
52.999          0.91486
