0.0000          1.6578
0.51960         0.98290
1.0392          0.67907
1.5588          0.61637
2.0784          0.62096
2.5980          0.70933
3.1176          1.0891
3.6372          1.7496
4.1568          1.5764
4.6764          0.92053
5.1960          0.66211
5.7156          0.61290
6.2352          0.62616
6.7548          0.74747
7.2744          1.2079
7.7940          1.7992
8.3136          1.4377
8.8332          0.84139
9.3528          0.64310
9.8724          0.61024
10.392          0.63786
10.912          0.81588
11.431          1.3830
11.951          1.8086
12.470          1.2586
12.990          0.76573
13.510          0.62917
14.029          0.61197
14.549          0.65578
15.068          0.89488
15.588          1.5361
16.108          1.7699
16.627          1.1246
17.147          0.72049
17.666          0.62288
18.186          0.61550
18.706          0.67192
19.225          0.95502
19.745          1.6241
20.264          1.7244
20.784          1.0521
21.304          0.69915
21.823          0.62043
22.343          0.61811
22.862          0.68357
23.382          0.99632
23.902          1.6728
24.421          1.6864
24.941          1.0095
25.460          0.68727
25.980          0.61879
26.500          0.61984
27.019          0.69434
27.539          1.0349
28.059          1.7102
28.578          1.6444
29.098          0.97130
29.617          0.67650
30.137          0.61657
30.657          0.62176
31.176          0.71098
31.696          1.0931
32.215          1.7527
32.735          1.5743
33.255          0.91919
33.774          0.66210
34.294          0.61325
34.813          0.62621
35.333          0.74581
35.853          1.2025
36.372          1.7982
36.892          1.4448
37.411          0.84486
37.931          0.64389
38.451          0.61033
38.970          0.63718
39.490          0.81208
40.009          1.3743
40.529          1.8093
41.049          1.2664
41.568          0.76850
42.088          0.62941
42.607          0.61164
43.127          0.65530
43.647          0.89391
44.166          1.5346
44.686          1.7690
45.205          1.1241
45.725          0.71998
46.245          0.62234
46.764          0.61521
47.284          0.67337
47.803          0.96230
48.323          1.6333
48.843          1.7146
49.362          1.0408
49.882          0.69531
50.401          0.61910
50.921          0.61817
51.441          0.68917
51.960          1.0190
52.480          1.6953
52.999          1.6578
