0.0000          1.7612
0.51960         1.3701
1.0392          0.80679
1.5588          0.62784
2.0784          0.60594
2.5980          0.67897
3.1176          1.0165
3.6372          1.6700
4.1568          1.5641
4.6764          0.91699
5.1960          0.65138
5.7156          0.60272
6.2352          0.64506
6.7548          0.89076
7.2744          1.5264
7.7940          1.6963
8.3136          1.0516
8.8332          0.68964
9.3528          0.60773
9.8724          0.62400
10.392          0.78499
10.912          1.3194
11.431          1.7676
11.951          1.2499
12.470          0.75746
12.990          0.61935
13.510          0.61066
14.029          0.70625
14.549          1.1036
15.068          1.7263
15.588          1.4708
16.108          0.85721
16.627          0.63757
17.147          0.60341
17.666          0.66151
18.186          0.95599
18.706          1.6112
19.225          1.6272
19.745          0.97091
20.264          0.66564
20.784          0.60389
21.304          0.63491
21.823          0.84428
22.343          1.4471
22.862          1.7369
23.382          1.1262
23.902          0.71375
24.421          0.61199
24.941          0.61761
25.460          0.74691
25.980          1.2216
26.500          1.7645
27.019          1.3484
27.539          0.79724
28.059          0.62613
28.578          0.60668
29.098          0.68353
29.617          1.0318
30.137          1.6821
30.657          1.5475
31.176          0.90504
31.696          0.64845
32.215          0.60267
32.735          0.64778
33.255          0.90226
33.774          1.5436
34.294          1.6852
34.813          1.0359
35.333          0.68485
35.853          0.60694
36.372          0.62553
36.892          0.79368
37.411          1.3401
37.931          1.7662
38.451          1.2306
38.970          0.75038
39.490          0.61829
40.009          0.61143
40.529          0.70991
41.049          1.1144
41.568          1.7326
42.088          1.4616
42.607          0.85203
43.127          0.63666
43.647          0.60356
44.166          0.66172
44.686          0.95606
45.205          1.6121
45.725          1.6302
46.245          0.97296
46.764          0.66639
47.284          0.60412
47.803          0.63380
48.323          0.83794
48.843          1.4350
49.362          1.7433
49.882          1.1397
50.401          0.71831
50.921          0.61289
51.441          0.61653
51.960          0.73977
52.480          1.2015
52.999          1.7612
