0.0000          0.90084
0.51960         0.64758
1.0392          0.60273
1.5588          0.64807
2.0784          0.90293
2.5980          1.5447
3.1176          1.6860
3.6372          1.0364
4.1568          0.68508
4.6764          0.60707
5.1960          0.62526
5.7156          0.79166
6.2352          1.3352
6.7548          1.7672
7.2744          1.2360
7.7940          0.75238
8.3136          0.61863
8.8332          0.61116
9.3528          0.70823
9.8724          1.1092
10.392          1.7301
10.912          1.4670
11.431          0.85501
11.951          0.63725
12.470          0.60347
12.990          0.66101
13.510          0.95352
14.029          1.6090
14.549          1.6321
15.068          0.97511
15.588          0.66693
16.108          0.60415
16.627          0.63375
17.147          0.83789
17.666          1.4347
18.186          1.7424
18.706          1.1390
19.225          0.71803
19.745          0.61276
20.264          0.61673
20.784          0.74146
21.304          1.2062
21.823          1.7613
22.343          1.3639
22.862          0.80408
23.382          0.62727
23.902          0.60621
24.421          0.68122
24.941          1.0243
25.460          1.6754
25.980          1.5539
26.500          0.90987
27.019          0.64952
27.539          0.60265
28.059          0.64751
28.578          0.90159
29.098          1.5421
29.617          1.6838
30.137          1.0353
30.657          0.68454
31.176          0.60676
31.696          0.62603
32.215          0.79712
32.735          1.3481
33.255          1.7637
33.774          1.2212
34.294          0.74688
34.813          0.61759
35.333          0.61204
35.853          0.71417
36.372          1.1276
36.892          1.7374
37.411          1.4458
37.931          0.84366
38.451          0.63483
38.970          0.60391
39.490          0.66557
40.009          0.97054
40.529          1.6271
41.049          1.6126
41.568          0.95698
42.088          0.66186
42.607          0.60350
43.127          0.63703
43.647          0.85430
44.166          1.4657
44.686          1.7298
45.205          1.1096
45.725          0.70830
46.245          0.61111
46.764          0.61872
47.284          0.75318
47.803          1.2383
48.323          1.7671
48.843          1.3324
49.362          0.79049
49.882          0.62504
50.401          0.60719
50.921          0.68588
51.441          1.0391
51.960          1.6879
52.480          1.5416
52.999          0.90084
