0.0000          1.0048
0.51960         1.6599
1.0392          1.5763
1.5588          0.92646
2.0784          0.65379
2.5980          0.60284
3.1176          0.64297
3.6372          0.88158
4.1568          1.5121
4.6764          1.7054
5.1960          1.0655
5.7156          0.69408
6.2352          0.60856
6.7548          0.62249
7.2744          0.77597
7.7940          1.2973
8.3136          1.7694
8.8332          1.2727
9.3528          0.76628
9.8724          0.62090
10.392          0.60956
10.912          0.69950
11.431          1.0825
11.951          1.7159
12.470          1.4948
12.990          0.87100
13.510          0.64067
14.029          0.60304
14.549          0.65630
15.068          0.93590
15.588          1.5884
16.108          1.6510
16.627          0.99455
17.147          0.67253
17.666          0.60496
18.186          0.63068
18.706          0.82195
19.225          1.4026
19.745          1.7534
20.264          1.1702
20.784          0.72876
21.304          0.61466
21.823          0.61466
22.343          0.72876
22.862          1.1702
23.382          1.7532
23.902          1.4024
24.421          0.82183
24.941          0.63062
25.460          0.60498
25.980          0.67290
26.500          0.99594
27.019          1.6520
27.539          1.5861
28.059          0.93415
28.578          0.65578
29.098          0.60296
29.617          0.64135
30.137          0.87431
30.657          1.5003
31.176          1.7120
31.696          1.0765
32.215          0.69753
32.735          0.60915
33.255          0.62156
33.774          0.77051
34.294          1.2835
34.813          1.7691
35.333          1.2857
35.853          0.77133
36.372          0.62167
36.892          0.60908
37.411          0.69729
37.931          1.0758
38.451          1.7113
38.970          1.5004
39.490          0.87446
40.009          0.64132
40.529          0.60296
41.049          0.65616
41.568          0.93582
42.088          1.5879
42.607          1.6492
43.127          0.99328
43.647          0.67205
44.166          0.60480
44.686          0.63127
45.205          0.82554
45.725          1.4101
46.245          1.7503
46.764          1.1620
47.284          0.72589
47.803          0.61411
48.323          0.61525
48.843          0.73260
49.362          1.1814
49.882          1.7560
50.401          1.3901
50.921          0.81603
51.441          0.62952
51.960          0.60535
52.480          0.67545
52.999          1.0048
