0.0000          0.72793
0.51960         0.61444
1.0392          0.61490
1.5588          0.73062
2.0784          1.1758
2.5980          1.7546
3.1176          1.3956
3.6372          0.81855
4.1568          0.62997
4.6764          0.60518
5.1960          0.67451
5.7156          1.0017
6.2352          1.6574
6.7548          1.5793
7.2744          0.92868
7.7940          0.65434
8.3136          0.60285
8.8332          0.64252
9.3528          0.87978
9.8724          1.5095
10.392          1.7071
10.912          1.0679
11.431          0.69480
11.951          0.60868
12.470          0.62225
12.990          0.77461
13.510          1.2941
14.029          1.7697
14.549          1.2757
15.068          0.76745
15.588          0.62110
16.108          0.60941
16.627          0.69864
17.147          1.0799
17.666          1.7146
18.186          1.4978
18.706          0.87268
19.225          0.64105
19.745          0.60300
20.264          0.65571
20.784          0.93358
21.304          1.5856
21.823          1.6537
22.343          0.99739
22.862          0.67337
23.382          0.60510
23.902          0.63022
24.421          0.81940
24.941          1.3973
25.460          1.7550
25.980          1.1756
26.500          0.73062
27.019          0.61499
27.539          0.61432
28.059          0.72667
28.578          1.1642
29.098          1.7516
29.617          1.4089
30.137          0.82492
30.657          0.63122
31.176          0.60478
31.696          0.67151
32.215          0.99115
32.735          1.6479
33.255          1.5916
33.774          0.93833
34.294          0.65687
34.813          0.60304
35.333          0.64035
35.853          0.86977
36.372          1.4931
36.892          1.7167
37.411          1.0834
37.931          0.69971
38.451          0.60956
38.970          0.62089
39.490          0.76642
40.009          1.2732
40.529          1.7694
41.049          1.2960
41.568          0.77526
42.088          0.62231
42.607          0.60866
43.127          0.69498
43.647          1.0686
44.166          1.7070
44.686          1.5079
45.205          0.87894
45.725          0.64230
46.245          0.60287
46.764          0.65502
47.284          0.93152
47.803          1.5825
48.323          1.6535
48.843          0.99803
49.362          0.67341
49.882          0.60498
50.401          0.63065
50.921          0.82239
51.441          1.4036
51.960          1.7521
52.480          1.1680
52.999          0.72793
