0.0000          1.7656
0.51960         1.2271
1.0392          0.74905
1.5588          0.61805
2.0784          0.61163
2.5980          0.71114
3.1176          1.1182
3.6372          1.7341
4.1568          1.4572
4.6764          0.84966
5.1960          0.63614
5.7156          0.60365
6.2352          0.66274
6.7548          0.95994
7.2744          1.6163
7.7940          1.6255
8.3136          0.96856
8.8332          0.66513
9.3528          0.60393
9.8724          0.63467
10.392          0.84244
10.912          1.4436
11.431          1.7397
11.951          1.1311
12.470          0.71542
12.990          0.61237
13.510          0.61714
14.029          0.74360
14.549          1.2121
15.068          1.7631
15.588          1.3589
16.108          0.80185
16.627          0.62696
17.147          0.60631
17.666          0.68121
18.186          1.0240
18.706          1.6759
19.225          1.5561
19.745          0.91121
20.264          0.64996
20.784          0.60270
21.304          0.64640
21.823          0.89640
22.343          1.5348
22.862          1.6907
23.382          1.0437
23.902          0.68723
24.421          0.60732
24.941          0.62481
25.460          0.78969
25.980          1.3307
26.500          1.7666
27.019          1.2390
27.539          0.75343
28.059          0.61870
28.578          0.61114
29.098          0.70883
29.617          1.1114
30.137          1.7303
30.657          1.4630
31.176          0.85289
31.696          0.63670
32.215          0.60355
32.735          0.66260
33.255          0.95984
33.774          1.6156
34.294          1.6237
34.813          0.96735
35.333          0.66468
35.853          0.60379
36.372          0.63538
36.892          0.84644
37.411          1.4511
37.931          1.7355
38.451          1.1227
38.970          0.71259
39.490          0.61181
40.009          0.61786
40.529          0.74828
41.049          1.2251
41.568          1.7649
42.088          1.3450
42.607          0.79579
43.127          0.62588
43.647          0.60681
44.166          0.68425
44.686          1.0340
45.205          1.6836
45.725          1.5452
46.245          0.90352
46.764          0.64810
47.284          0.60268
47.803          0.64817
48.323          0.90384
48.843          1.5457
49.362          1.6835
49.882          1.0338
50.401          0.68421
50.921          0.60683
51.441          0.62579
51.960          0.79519
52.480          1.3436
52.999          1.7656
