0.0000          0.98508
0.51960         0.66960
1.0392          0.60437
1.5588          0.63292
2.0784          0.83447
2.5980          1.4279
3.1176          1.7433
3.6372          1.1440
4.1568          0.71971
4.6764          0.61299
5.1960          0.61651
5.7156          0.74049
6.2352          1.2036
6.7548          1.7605
7.2744          1.3667
7.7940          0.80549
8.3136          0.62760
8.8332          0.60610
9.3528          0.68014
9.8724          1.0205
10.392          1.6728
10.912          1.5595
11.431          0.91395
11.951          0.65069
12.470          0.60274
12.990          0.64571
13.510          0.89340
14.029          1.5303
14.549          1.6942
15.068          1.0487
15.588          0.68885
16.108          0.60767
16.627          0.62411
17.147          0.78532
17.666          1.3201
18.186          1.7683
18.706          1.2507
19.225          0.75792
19.745          0.61957
20.264          0.61047
20.784          0.70426
21.304          1.0971
21.823          1.7243
22.343          1.4805
22.862          0.86259
23.382          0.63893
23.902          0.60324
24.421          0.65812
24.941          0.94245
25.460          1.5967
25.980          1.6455
26.500          0.98817
27.019          0.67077
27.539          0.60477
28.059          0.63130
28.578          0.82481
29.098          1.4085
29.617          1.7523
30.137          1.1655
30.657          0.72715
31.176          0.61443
31.696          0.61488
32.215          0.72975
32.735          1.1729
33.255          1.7541
33.774          1.4002
34.294          0.82085
34.813          0.63047
35.333          0.60504
35.853          0.67306
36.372          0.99630
36.892          1.6522
37.411          1.5861
37.931          0.93425
38.451          0.65583
38.970          0.60300
39.490          0.64133
40.009          0.87407
40.529          1.4995
41.049          1.7120
41.568          1.0771
42.088          0.69773
42.607          0.60916
43.127          0.62160
43.647          0.77085
44.166          1.2842
44.686          1.7684
45.205          1.2846
45.725          0.77096
46.245          0.62156
46.764          0.60920
47.284          0.69830
47.803          1.0791
48.323          1.7126
48.843          1.4957
49.362          0.87174
49.882          0.64064
50.401          0.60303
50.921          0.65770
51.441          0.94204
51.960          1.5950
52.480          1.6410
52.999          0.98508
