0.0000          0.69161
0.51960         1.0621
1.0392          1.6593
1.5588          1.4270
2.0784          0.84161
2.5980          0.63258
3.1176          0.61509
3.6372          0.74604
4.1568          1.2158
4.6764          1.6862
5.1960          1.2452
5.7156          0.75756
6.2352          0.61697
6.7548          0.63086
7.2744          0.83299
7.7940          1.4092
8.3136          1.6584
8.8332          1.0706
9.3528          0.69451
9.8724          0.60813
10.392          0.65008
10.912          0.91725
11.431          1.5414
11.951          1.5938
12.470          0.96566
12.990          0.66280
13.510          0.60638
14.029          0.67290
14.549          1.0009
15.068          1.6213
15.588          1.4967
16.108          0.88498
16.627          0.64231
17.147          0.61115
17.666          0.71773
18.186          1.1388
18.706          1.6754
19.225          1.3242
19.745          0.79155
20.264          0.62286
20.784          0.62467
21.304          0.80134
21.823          1.3454
22.343          1.6717
22.862          1.1205
23.382          0.71136
23.902          0.61031
24.421          0.64444
24.941          0.89401
25.460          1.5098
25.980          1.6137
26.500          0.99041
27.019          0.66984
27.539          0.60632
28.059          0.66554
28.578          0.97543
29.098          1.6022
29.617          1.5294
30.137          0.90807
30.657          0.64782
31.176          0.60881
31.696          0.70024
32.215          1.0880
32.735          1.6643
33.255          1.3875
33.774          0.82175
34.294          0.62859
34.813          0.61865
35.333          0.76778
35.853          1.2702
36.372          1.6853
36.892          1.1921
37.411          0.73698
37.931          0.61369
38.451          0.63465
38.970          0.85135
39.490          1.4446
40.009          1.6540
40.529          1.0490
41.049          0.68741
41.568          0.60674
42.088          0.64833
42.607          0.91095
43.127          1.5385
43.647          1.6139
44.166          0.98079
44.686          0.66684
45.205          0.60474
45.725          0.65780
46.245          0.94801
46.764          1.5839
47.284          1.5793
47.803          0.94376
48.323          0.65667
48.843          0.60484
49.362          0.66858
49.882          0.98685
50.401          1.6185
50.921          1.5303
51.441          0.90507
51.960          0.64690
52.480          0.60726
52.999          0.69161
