0.0000          0.61625
0.51960         0.73881
1.0392          1.1989
1.5588          1.7599
2.0784          1.3717
2.5980          0.80766
3.1176          0.62799
3.6372          0.60593
4.1568          0.67906
4.6764          1.0169
5.1960          1.6700
5.7156          1.5634
6.2352          0.91673
6.7548          0.65136
7.2744          0.60275
7.7940          0.64507
8.3136          0.89068
8.8332          1.5262
9.3528          1.6968
9.8724          1.0524
10.392          0.68999
10.912          0.60786
11.431          0.62374
11.951          0.78324
12.470          1.3151
12.990          1.7686
13.510          1.2554
14.029          0.75967
14.549          0.61984
15.068          0.61028
15.588          0.70334
16.108          1.0943
16.627          1.7226
17.147          1.4830
17.666          0.86404
18.186          0.63921
18.706          0.60320
19.225          0.65795
19.745          0.94196
20.264          1.5959
20.784          1.6454
21.304          0.98830
21.823          0.67077
22.343          0.60474
22.862          0.63141
23.382          0.82556
23.902          1.4101
24.421          1.7516
24.941          1.1636
25.460          0.72648
25.980          0.61430
26.500          0.61502
27.019          0.73071
27.539          1.1757
28.059          1.7549
28.578          1.3970
29.098          0.81928
29.617          0.63016
30.137          0.60513
30.657          0.67378
31.176          0.99886
31.696          1.6546
32.215          1.5832
32.735          0.93183
33.255          0.65519
33.774          0.60294
34.294          0.64184
34.813          0.87644
35.333          1.5036
35.853          1.7099
36.372          1.0733
36.892          0.69649
37.411          0.60895
37.931          0.62191
38.451          0.77268
38.970          1.2889
39.490          1.7687
40.009          1.2800
40.529          0.76911
41.049          0.62127
41.568          0.60936
42.088          0.69907
42.607          1.0814
43.127          1.7142
43.647          1.4937
44.166          0.87051
44.686          0.64040
45.205          0.60305
45.725          0.65773
46.245          0.94203
46.764          1.5951
47.284          1.6417
47.803          0.98558
48.323          0.66978
48.843          0.60442
49.362          0.63267
49.882          0.83302
50.401          1.4251
50.921          1.7448
51.441          1.1470
51.960          0.72076
52.480          0.61320
52.999          0.61625
