0.0000          1.5537
0.51960         1.6015
1.0392          0.96724
1.5588          0.66305
2.0784          0.60482
2.5980          0.66243
3.1176          0.96500
3.6372          1.5995
4.1568          1.5565
4.6764          0.92524
5.1960          0.65190
5.7156          0.60597
6.2352          0.67992
6.7548          1.0249
7.2744          1.6418
7.7940          1.4762
8.3136          0.86996
8.8332          0.63875
9.3528          0.61130
9.8724          0.72098
10.392          1.1485
10.912          1.6811
11.431          1.3185
11.951          0.78840
12.470          0.62218
12.990          0.62418
13.510          0.79915
14.029          1.3416
14.549          1.6759
15.068          1.1267
15.588          0.71322
16.108          0.61036
16.627          0.64253
17.147          0.88619
17.666          1.4997
18.186          1.6234
18.706          1.0011
19.225          0.67284
19.745          0.60611
20.264          0.66114
20.784          0.95978
21.304          1.5894
21.823          1.5505
22.343          0.92385
22.862          0.65169
23.382          0.60757
23.902          0.68984
24.421          1.0561
24.941          1.6526
25.460          1.4271
25.980          0.84263
26.500          0.63287
27.019          0.61592
27.539          0.75061
28.059          1.2273
28.578          1.6843
29.098          1.2307
29.617          0.75194
30.137          0.61612
30.657          0.63253
31.176          0.84104
31.696          1.4243
32.215          1.6537
32.735          1.0585
33.255          0.69059
33.774          0.60763
34.294          0.65125
34.813          0.92211
35.333          1.5485
35.853          1.5914
36.372          0.96177
36.892          0.66169
37.411          0.60605
37.931          0.67191
38.451          0.99791
38.970          1.6212
39.490          1.5041
40.009          0.88919
40.529          0.64324
41.049          0.61005
41.568          0.71086
42.088          1.1197
42.607          1.6742
43.127          1.3501
43.647          0.80316
44.166          0.62493
44.686          0.62148
45.205          0.78446
45.725          1.3096
46.245          1.6822
46.764          1.1565
47.284          0.72383
47.803          0.61172
48.323          0.63799
48.843          0.86660
49.362          1.4707
49.882          1.6440
50.401          1.0290
50.921          0.68118
51.441          0.60610
51.960          0.65135
52.480          0.92303
52.999          1.5537
