0.0000          1.6564
0.51960         1.4368
1.0392          0.84696
1.5588          0.63371
2.0784          0.61431
2.5980          0.74104
3.1176          1.2028
3.6372          1.6859
4.1568          1.2586
4.6764          0.76290
5.1960          0.61782
5.7156          0.62964
6.2352          0.82712
6.7548          1.3982
7.2744          1.6615
7.7940          1.0793
8.3136          0.69744
8.8332          0.60847
9.3528          0.64889
9.8724          0.91247
10.392          1.5353
10.912          1.5983
11.431          0.97092
11.951          0.66429
12.470          0.60632
12.990          0.67112
13.510          0.99487
14.029          1.6171
14.549          1.5043
15.068          0.89021
15.588          0.64354
16.108          0.61064
16.627          0.71390
17.147          1.1279
17.666          1.6733
18.186          1.3369
18.706          0.79734
19.225          0.62392
19.745          0.62358
20.264          0.79549
20.784          1.3328
21.304          1.6740
21.823          1.1313
22.343          0.71511
22.862          0.61080
23.382          0.64318
23.902          0.88868
24.421          1.5021
24.941          1.6182
25.460          0.99653
25.980          0.67161
26.500          0.60636
27.019          0.66401
27.539          0.96991
28.059          1.5972
28.578          1.5363
29.098          0.91331
29.617          0.64911
30.137          0.60846
30.657          0.69718
31.176          1.0784
31.696          1.6609
32.215          1.3993
32.735          0.82767
33.255          0.62976
33.774          0.61779
34.294          0.76263
34.813          1.2577
35.333          1.6858
35.853          1.2035
36.372          0.74130
36.892          0.61435
37.411          0.63369
37.931          0.84682
38.451          1.4365
38.970          1.6565
39.490          1.0550
40.009          0.68932
40.529          0.60697
41.049          0.64767
41.568          0.90825
42.088          1.5348
42.607          1.6161
43.127          0.98359
43.647          0.66764
44.166          0.60478
44.686          0.65723
45.205          0.94589
45.725          1.5816
46.245          1.5817
46.764          0.94593
47.284          0.65724
47.803          0.60478
48.323          0.66762
48.843          0.98352
49.362          1.6160
49.882          1.5349
50.401          0.90831
50.921          0.64768
51.441          0.60696
51.960          0.68925
52.480          1.0548
52.999          1.6564
