0.0000          1.6665
0.51960         0.99052
1.0392          0.68187
1.5588          0.61768
2.0784          0.62068
2.5980          0.70196
3.1176          1.0622
3.6372          1.7320
4.1568          1.6116
4.6764          0.94553
5.1960          0.66923
5.7156          0.61483
6.2352          0.62364
6.7548          0.72690
7.2744          1.1452
7.7940          1.7792
8.3136          1.5112
8.8332          0.88019
9.3528          0.65209
9.8724          0.61131
10.392          0.63123
10.912          0.77867
11.431          1.2930
11.951          1.8119
12.470          1.3468
12.990          0.80017
13.510          0.63488
14.029          0.61049
14.549          0.64669
15.068          0.85770
15.588          1.4702
16.108          1.7915
16.627          1.1793
17.147          0.73775
17.666          0.62480
18.186          0.61365
18.706          0.66554
19.225          0.93327
19.745          1.5949
20.264          1.7400
20.784          1.0740
21.304          0.70494
21.823          0.62049
22.343          0.61695
22.862          0.68151
23.382          0.99130
23.902          1.6672
24.421          1.6876
24.941          1.0110
25.460          0.68701
25.980          0.61794
26.500          0.61950
27.019          0.69739
27.539          1.0478
28.059          1.7205
28.578          1.6258
29.098          0.95633
29.617          0.67181
30.137          0.61498
30.657          0.62278
31.176          0.72283
31.696          1.1331
32.215          1.7735
32.735          1.5242
33.255          0.88764
33.774          0.65378
34.294          0.61142
34.813          0.63022
35.333          0.77336
35.853          1.2795
36.372          1.8109
36.892          1.3607
37.411          0.80612
37.931          0.63605
38.451          0.61043
38.970          0.64521
39.490          0.85083
40.009          1.4568
40.529          1.7955
41.049          1.1919
41.568          0.74217
42.088          0.62567
42.607          0.61351
43.127          0.66340
43.647          0.92415
44.166          1.5817
44.686          1.7489
45.205          1.0869
45.725          0.70911
46.245          0.62150
46.764          0.61676
47.284          0.67763
47.803          0.97551
48.323          1.6494
48.843          1.7060
49.362          1.0302
49.882          0.69298
50.401          0.61958
50.921          0.61894
51.441          0.68871
51.960          1.0149
52.480          1.6917
52.999          1.6665
