0.0000          1.1729
0.51960         1.7546
1.0392          1.3981
1.5588          0.81981
2.0784          0.63024
2.5980          0.60508
3.1176          0.67362
3.6372          0.99877
4.1568          1.6562
4.6764          1.5825
5.1960          0.93085
5.7156          0.65493
6.2352          0.60290
6.7548          0.64180
7.2744          0.87637
7.7940          1.5040
8.3136          1.7109
8.8332          1.0740
9.3528          0.69681
9.8724          0.60911
10.392          0.62157
10.912          0.77017
11.431          1.2826
11.951          1.7700
12.470          1.2883
12.990          0.77252
13.510          0.62204
14.029          0.60882
14.549          0.69477
15.068          1.0674
15.588          1.7075
16.108          1.5126
16.627          0.88178
17.147          0.64321
17.666          0.60288
18.186          0.65240
18.706          0.92015
19.225          1.5687
19.745          1.6695
20.264          1.0149
20.784          0.67864
21.304          0.60604
21.823          0.62762
22.343          0.80471
22.862          1.3651
23.382          1.7629
23.902          1.2074
24.421          0.74190
24.941          0.61690
25.460          0.61254
25.980          0.71614
26.500          1.1331
27.019          1.7408
27.539          1.4418
28.059          0.84117
28.578          0.63434
29.098          0.60391
29.617          0.66551
30.137          0.97027
30.657          1.6284
31.176          1.6145
31.696          0.95610
32.215          0.66142
32.735          0.60339
33.255          0.63674
33.774          0.85315
34.294          1.4648
34.813          1.7332
35.333          1.1088
35.853          0.70704
36.372          0.61078
36.892          0.61879
37.411          0.75407
37.931          1.2408
38.451          1.7675
38.970          1.3282
39.490          0.78789
40.009          0.62429
40.529          0.60747
41.049          0.68909
41.568          1.0501
42.088          1.6941
42.607          1.5255
43.127          0.89041
43.647          0.64479
44.166          0.60271
44.686          0.65295
45.205          0.92396
45.725          1.5724
46.245          1.6593
46.764          1.0055
47.284          0.67552
47.803          0.60521
48.323          0.63000
48.843          0.81945
49.362          1.3977
49.882          1.7529
50.401          1.1729
50.921          0.72964
51.441          0.61467
51.960          0.61457
52.480          0.72917
52.999          1.1729
