0.0000          1.7508
0.51960         1.4108
1.0392          0.82589
1.5588          0.63141
2.0784          0.60474
2.5980          0.67122
3.1176          0.99010
3.6372          1.6467
4.1568          1.5928
4.6764          0.93956
5.1960          0.65723
5.7156          0.60310
6.2352          0.64007
6.7548          0.86835
7.2744          1.4903
7.7940          1.7180
8.3136          1.0865
8.8332          0.70075
9.3528          0.60976
9.8724          0.62060
10.392          0.76455
10.912          1.2682
11.431          1.7691
11.951          1.3015
12.470          0.77766
12.990          0.62277
13.510          0.60840
14.029          0.69323
14.549          1.0629
15.068          1.7038
15.588          1.5147
16.108          0.88319
16.627          0.64331
17.147          0.60280
17.666          0.65336
18.186          0.92484
18.706          1.5744
19.225          1.6616
19.745          1.0066
20.264          0.67598
20.784          0.60543
21.304          0.62923
21.823          0.81446
22.343          1.3868
22.862          1.7571
23.382          1.1847
23.902          0.73375
24.421          0.61545
24.941          0.61389
25.460          0.72454
25.980          1.1581
26.500          1.7492
27.019          1.4145
27.539          0.82767
28.059          0.63170
28.578          0.60467
29.098          0.67103
29.617          0.98966
30.137          1.6460
30.657          1.5922
31.176          0.93930
31.696          0.65710
32.215          0.60305
32.735          0.64045
33.255          0.87040
33.774          1.4937
34.294          1.7154
34.813          1.0825
35.333          0.69946
35.853          0.60949
36.372          0.62101
36.892          0.76730
37.411          1.2755
37.931          1.7692
38.451          1.2940
38.970          0.77464
39.490          0.62226
40.009          0.60870
40.529          0.69498
41.049          1.0686
41.568          1.7074
42.088          1.5087
42.607          0.87943
43.127          0.64247
43.647          0.60286
44.166          0.65434
44.686          0.92864
45.205          1.5793
45.725          1.6577
46.245          1.0022
46.764          0.67471
47.284          0.60524
47.803          0.62977
48.323          0.81736
48.843          1.3930
49.362          1.7557
49.882          1.1790
50.401          0.73182
50.921          0.61516
51.441          0.61417
51.960          0.72596
52.480          1.1622
52.999          1.7508
