0.0000          1.6755
0.51960         1.3551
1.0392          0.80532
1.5588          0.62533
2.0784          0.62107
2.5980          0.78186
3.1176          1.3028
3.6372          1.6811
4.1568          1.1610
4.6764          0.72555
5.1960          0.61212
5.7156          0.63911
6.2352          0.87114
6.7548          1.4756
7.2744          1.6337
7.7940          1.0189
8.3136          0.67822
8.8332          0.60658
9.3528          0.65835
9.8724          0.94929
10.392          1.5782
10.912          1.5608
11.431          0.93319
11.951          0.65412
12.470          0.60732
12.990          0.68634
13.510          1.0450
14.029          1.6468
14.549          1.4401
15.068          0.85010
15.588          0.63448
16.108          0.61514
16.627          0.74538
17.147          1.2137
17.666          1.6832
18.186          1.2435
18.706          0.75709
19.225          0.61698
19.745          0.63169
20.264          0.83694
20.784          1.4163
21.304          1.6547
21.823          1.0634
22.343          0.69223
22.862          0.60794
23.382          0.65139
23.902          0.92248
24.421          1.5480
24.941          1.5889
25.460          0.96022
25.980          0.66131
26.500          0.60634
27.019          0.67406
27.539          1.0050
28.059          1.6249
28.578          1.4934
29.098          0.88253
29.617          0.64172
30.137          0.61093
30.657          0.71699
31.176          1.1370
31.696          1.6771
32.215          1.3297
32.735          0.79392
33.255          0.62324
33.774          0.62316
34.294          0.79363
34.813          1.3298
35.333          1.6795
35.853          1.1392
36.372          0.71771
36.892          0.61082
37.411          0.63944
37.931          0.87306
38.451          1.4815
38.970          1.6406
39.490          1.0219
40.009          0.67897
40.529          0.60580
41.049          0.65174
41.568          0.92463
42.088          1.5563
42.607          1.6017
43.127          0.96662
43.647          0.66286
44.166          0.60466
44.686          0.66141
45.205          0.96135
45.725          1.5969
46.245          1.5629
46.764          0.92992
47.284          0.65308
47.803          0.60549
48.323          0.67594
48.843          1.0118
49.362          1.6349
49.882          1.4954
50.401          0.88173
50.921          0.64142
51.441          0.60978
51.960          0.71035
52.480          1.1182
52.999          1.6755
