0.0000          1.0997
0.51960         1.7253
1.0392          1.4770
1.5588          0.86061
2.0784          0.63844
2.5980          0.60329
3.1176          0.65918
3.6372          0.94671
4.1568          1.6014
4.6764          1.6399
5.1960          0.98269
5.7156          0.66912
6.2352          0.60448
6.7548          0.63234
7.2744          0.83058
7.7940          1.4204
8.3136          1.7483
8.8332          1.1533
9.3528          0.72291
9.8724          0.61367
10.392          0.61566
10.912          0.73465
11.431          1.1871
11.951          1.7581
12.470          1.3848
12.990          0.81343
13.510          0.62904
14.029          0.60548
14.549          0.67619
15.068          1.0072
15.588          1.6623
16.108          1.5739
16.627          0.92424
17.147          0.65318
17.666          0.60278
18.186          0.64342
18.706          0.88370
19.225          1.5158
19.745          1.7033
20.264          1.0616
20.784          0.69273
21.304          0.60829
21.823          0.62295
22.343          0.77880
22.862          1.3044
23.382          1.7689
23.902          1.2647
24.421          0.76302
24.941          0.62026
25.460          0.60998
25.980          0.70243
26.500          1.0918
27.019          1.7204
27.539          1.4833
28.059          0.86428
28.578          0.63908
29.098          0.60320
29.617          0.65925
30.137          0.94760
30.657          1.6018
31.176          1.6364
31.696          0.97992
32.215          0.66819
32.735          0.60422
33.255          0.63334
33.774          0.83643
34.294          1.4322
34.813          1.7430
35.333          1.1407
35.853          0.71858
36.372          0.61285
36.892          0.61656
37.411          0.74055
37.931          1.2043
38.451          1.7620
38.970          1.3661
39.490          0.80495
40.009          0.62750
40.529          0.60606
41.049          0.67985
41.568          1.0197
42.088          1.6731
42.607          1.5605
43.127          0.91410
43.647          0.65067
44.166          0.60269
44.686          0.64558
45.205          0.89303
45.725          1.5301
46.245          1.6945
46.764          1.0486
47.284          0.68878
47.803          0.60763
48.323          0.62414
48.843          0.78562
49.362          1.3210
49.882          1.7682
50.401          1.2493
50.921          0.75734
51.441          0.61943
51.960          0.61056
52.480          0.70506
52.999          1.0997
