0.0000          0.64165
0.51960         0.60294
1.0392          0.65541
1.5588          0.93271
2.0784          1.5842
2.5980          1.6534
3.1176          0.99757
3.6372          0.67335
4.1568          0.60503
4.6764          0.63047
5.1960          0.82108
5.7156          1.4008
6.2352          1.7533
6.7548          1.1714
7.2744          0.72917
7.7940          0.61469
8.3136          0.61465
8.8332          0.72890
9.3528          1.1707
9.8724          1.7531
10.392          1.4015
10.912          0.82143
11.431          0.63053
11.951          0.60502
12.470          0.67326
12.990          0.99729
13.510          1.6531
14.029          1.5844
14.549          0.93283
15.068          0.65543
15.588          0.60294
16.108          0.64168
16.627          0.87584
17.147          1.5027
17.666          1.7106
18.186          1.0742
18.706          0.69680
19.225          0.60903
19.745          0.62175
20.264          0.77162
20.784          1.2863
21.304          1.7693
21.823          1.2832
22.343          0.77038
22.862          0.62155
23.382          0.60915
23.902          0.69749
24.421          1.0763
24.941          1.7119
25.460          1.5006
25.980          0.87451
26.500          0.64139
27.019          0.60296
27.539          0.65574
28.059          0.93398
28.578          1.5858
29.098          1.6521
29.617          0.99609
30.137          0.67292
30.657          0.60497
31.176          0.63066
31.696          0.82208
32.215          1.4028
32.735          1.7528
33.255          1.1695
33.774          0.72850
34.294          0.61459
34.813          0.61475
35.333          0.72943
35.853          1.1722
36.372          1.7536
36.892          1.4001
37.411          0.82077
37.931          0.63042
38.451          0.60505
38.970          0.67337
39.490          0.99761
40.009          1.6535
40.529          1.5843
41.049          0.93275
41.568          0.65543
42.088          0.60295
42.607          0.64159
43.127          0.87535
43.647          1.5020
44.166          1.7113
44.686          1.0751
45.205          0.69712
45.725          0.60910
46.245          0.62163
46.764          0.77084
47.284          1.2844
47.803          1.7693
48.323          1.2853
48.843          0.77122
49.362          0.62169
49.882          0.60906
50.401          0.69694
50.921          1.0746
51.441          1.7109
51.960          1.5025
52.480          0.87568
52.999          0.64165
