0.0000          0.66785
0.51960         0.97826
1.0392          1.6353
1.5588          1.6058
2.0784          0.95064
2.5980          0.66021
3.1176          0.60338
3.6372          0.63783
4.1568          0.85777
4.6764          1.4719
5.1960          1.7275
5.7156          1.1042
6.2352          0.70654
6.7548          0.61082
7.2744          0.61910
7.7940          0.75540
8.3136          1.2441
8.8332          1.7675
9.3528          1.3264
9.8724          0.78797
10.392          0.62457
10.912          0.60747
11.431          0.68767
11.951          1.0448
12.470          1.6911
12.990          1.5343
13.510          0.89662
14.029          0.64656
14.549          0.60280
15.068          0.64999
15.588          0.91081
16.108          1.5542
16.627          1.6751
17.147          1.0261
17.666          0.68209
18.186          0.60642
18.706          0.62703
19.225          0.80235
19.745          1.3595
20.264          1.7608
20.784          1.2111
21.304          0.74378
21.823          0.61716
22.343          0.61257
22.862          0.71686
23.382          1.1354
23.902          1.7403
24.421          1.4377
24.941          0.83966
25.460          0.63405
25.980          0.60411
26.500          0.66706
27.019          0.97582
27.539          1.6323
28.059          1.6065
28.578          0.95169
29.098          0.66038
29.617          0.60333
30.137          0.63820
30.657          0.86004
31.176          1.4758
31.696          1.7242
32.215          1.0992
32.735          0.70483
33.255          0.61043
33.774          0.61970
34.294          0.75939
34.813          1.2546
35.333          1.7677
35.853          1.3148
36.372          0.78309
36.892          0.62366
37.411          0.60794
37.931          0.69090
38.451          1.0553
38.970          1.6979
39.490          1.5226
40.009          0.88857
40.529          0.64458
41.049          0.60278
41.568          0.65214
42.088          0.91983
42.607          1.5671
43.127          1.6669
43.647          1.0134
44.166          0.67807
44.686          0.60581
45.205          0.62835
45.725          0.80942
46.245          1.3753
46.764          1.7596
47.284          1.1962
47.803          0.73790
48.323          0.61620
48.843          0.61323
49.362          0.72038
49.882          1.1456
50.401          1.7450
50.921          1.4284
51.441          0.83469
51.960          0.63313
52.480          0.60429
52.999          0.66785
