0.0000          0.92967
0.51960         0.65462
1.0392          0.60289
1.5588          0.64234
2.0784          0.87878
2.5980          1.5075
3.1176          1.7079
3.6372          1.0697
4.1568          0.69540
4.6764          0.60878
5.1960          0.62215
5.7156          0.77395
6.2352          1.2922
6.7548          1.7693
7.2744          1.2775
7.7940          0.76817
8.3136          0.62119
8.8332          0.60938
9.3528          0.69866
9.8724          1.0800
10.392          1.7141
10.912          1.4970
11.431          0.87237
11.951          0.64094
12.470          0.60301
12.990          0.65618
13.510          0.93560
14.029          1.5879
14.549          1.6507
15.068          0.99447
15.588          0.67247
16.108          0.60492
16.627          0.63082
17.147          0.82281
17.666          1.4044
18.186          1.7526
18.706          1.1682
19.225          0.72807
19.745          0.61453
20.264          0.61480
20.784          0.72968
21.304          1.1729
21.823          1.7539
22.343          1.3996
22.862          0.82056
23.382          0.63041
23.902          0.60508
24.421          0.67341
24.941          0.99757
25.460          1.6532
25.980          1.5845
26.500          0.93327
27.019          0.65563
27.539          0.60302
28.059          0.64159
28.578          0.87509
29.098          1.5007
29.617          1.7107
30.137          1.0765
30.657          0.69774
31.176          0.60919
31.696          0.62165
32.215          0.77098
32.735          1.2844
33.255          1.7681
33.774          1.2851
34.294          0.77157
34.813          0.62178
35.333          0.60912
35.853          0.69728
36.372          1.0756
36.892          1.7110
37.411          1.5009
37.931          0.87497
38.451          0.64150
38.970          0.60297
39.490          0.65584
40.009          0.93445
40.529          1.5863
41.049          1.6512
41.568          0.99525
42.088          0.67266
42.607          0.60492
43.127          0.63088
43.647          0.82333
44.166          1.4055
44.686          1.7519
45.205          1.1667
45.725          0.72751
46.245          0.61440
46.764          0.61494
47.284          0.73072
47.803          1.1759
48.323          1.7545
48.843          1.3959
49.362          0.81878
49.882          0.63003
50.401          0.60518
50.921          0.67435
51.441          1.0010
51.960          1.6564
52.480          1.5804
52.999          0.92967
