0.0000          0.84290
0.51960         0.63285
1.0392          0.61493
1.5588          0.74500
2.0784          1.2130
2.5980          1.6858
3.1176          1.2479
3.6372          0.75865
4.1568          0.61715
4.6764          0.63075
5.1960          0.83244
5.7156          1.4080
6.2352          1.6581
6.7548          1.0709
7.2744          0.69463
7.7940          0.60820
8.3136          0.65040
8.8332          0.91848
9.3528          1.5426
9.8724          1.5916
10.392          0.96376
10.912          0.66230
11.431          0.60654
11.951          0.67434
12.470          1.0057
12.990          1.6241
13.510          1.4895
14.029          0.88045
14.549          0.64127
15.068          0.61175
15.588          0.72190
16.108          1.1504
16.627          1.6769
17.147          1.3105
17.666          0.78542
18.186          0.62178
18.706          0.62597
19.225          0.80820
19.745          1.3597
20.264          1.6683
20.784          1.1081
21.304          0.70710
21.823          0.60979
22.343          0.64614
22.862          0.90106
23.382          1.5195
23.902          1.6070
24.421          0.98211
24.941          0.66746
25.460          0.60636
25.980          0.66824
26.500          0.98494
27.019          1.6097
27.539          1.5171
28.059          0.89908
28.578          0.64564
29.098          0.60961
29.617          0.70656
30.137          1.1068
30.657          1.6697
31.176          1.3641
31.696          0.81020
32.215          0.62632
32.735          0.62051
33.255          0.77876
33.774          1.2962
34.294          1.6832
34.813          1.1684
35.333          0.72821
35.853          0.61236
36.372          0.63674
36.892          0.86098
37.411          1.4614
37.931          1.6485
38.451          1.0368
38.970          0.68359
39.490          0.60627
40.009          0.64955
40.529          0.91592
41.049          1.5455
41.568          1.6105
42.088          0.97613
42.607          0.66552
43.127          0.60462
43.647          0.65830
44.166          0.94988
44.686          1.5862
45.205          1.5781
45.725          0.94240
46.245          0.65631
46.764          0.60480
47.284          0.66857
47.803          0.98681
48.323          1.6187
48.843          1.5310
49.362          0.90540
49.882          0.64698
50.401          0.60718
50.921          0.69107
51.441          1.0604
51.960          1.6586
52.480          1.4293
52.999          0.84290
