0.0000          0.67175
0.51960         0.88031
1.0392          1.4866
1.5588          1.8308
2.0784          1.2414
2.5980          0.77631
3.1176          0.65478
3.6372          0.63956
4.1568          0.64782
4.6764          0.73428
5.1960          1.1163
5.7156          1.7737
6.2352          1.6199
6.7548          0.96104
7.2744          0.68971
7.7940          0.63867
8.3136          0.63696
8.8332          0.67169
9.3528          0.87964
9.8724          1.4852
10.392          1.8313
10.912          1.2429
11.431          0.77685
11.951          0.65491
12.470          0.63961
12.990          0.64777
13.510          0.73374
14.029          1.1145
14.549          1.7726
15.068          1.6219
15.588          0.96245
16.108          0.69006
16.627          0.63874
17.147          0.63697
17.666          0.67143
18.186          0.87827
18.706          1.4826
19.225          1.8320
19.745          1.2453
20.264          0.77768
20.784          0.65501
21.304          0.63956
21.823          0.64764
22.343          0.73317
22.862          1.1128
23.382          1.7716
23.902          1.6237
24.421          0.96359
24.941          0.69030
25.460          0.63872
25.980          0.63692
26.500          0.67125
27.019          0.87756
27.539          1.4814
28.059          1.8324
28.578          1.2463
29.098          0.77799
29.617          0.65499
30.137          0.63946
30.657          0.64756
31.176          0.73312
31.696          1.1128
32.215          1.7716
32.735          1.6235
33.255          0.96344
33.774          0.69020
34.294          0.63863
34.813          0.63684
35.333          0.67132
35.853          0.87821
36.372          1.4826
36.892          1.8319
37.411          1.2451
37.931          0.77754
38.451          0.65488
38.970          0.63942
39.490          0.64760
40.009          0.73360
40.529          1.1144
41.049          1.7726
41.568          1.6217
42.088          0.96221
42.607          0.68989
43.127          0.63855
43.647          0.63681
44.166          0.67156
44.686          0.87950
45.205          1.4851
45.725          1.8312
46.245          1.2427
46.764          0.77672
47.284          0.65477
47.803          0.63946
48.323          0.64772
48.843          0.73417
49.362          1.1161
49.882          1.7737
50.401          1.6199
50.921          0.96097
51.441          0.68962
51.960          0.63856
52.480          0.63686
52.999          0.67175
