0.0000          1.7689
0.51960         1.2848
1.0392          0.77094
1.5588          0.62157
2.0784          0.60915
2.5980          0.69793
3.1176          1.0779
3.6372          1.7123
4.1568          1.4975
4.6764          0.87273
5.1960          0.64089
5.7156          0.60300
6.2352          0.65707
6.7548          0.93950
7.2744          1.5921
7.7940          1.6444
8.3136          0.98845
8.8332          0.67060
9.3528          0.60454
9.8724          0.63219
10.392          0.83057
10.912          1.4203
11.431          1.7466
11.951          1.1517
12.470          0.72232
12.990          0.61347
13.510          0.61593
14.029          0.73682
14.549          1.1934
15.068          1.7590
15.588          1.3774
16.108          0.81012
16.627          0.62843
17.147          0.60573
17.666          0.67791
18.186          1.0131
18.706          1.6671
19.225          1.5675
19.745          0.91959
20.264          0.65206
20.784          0.60276
21.304          0.64440
21.823          0.88783
22.343          1.5220
22.862          1.6996
23.382          1.0564
23.902          0.69123
24.421          0.60808
24.941          0.62333
25.460          0.78080
25.980          1.3092
26.500          1.7691
27.019          1.2612
27.539          0.76187
28.059          0.62020
28.578          0.61002
29.098          0.70185
29.617          1.0897
30.137          1.7202
30.657          1.4879
31.176          0.86686
31.696          0.63982
32.215          0.60313
32.735          0.65710
33.255          0.93875
33.774          1.5921
34.294          1.6488
34.813          0.99192
35.333          0.67181
35.853          0.60490
36.372          0.63088
36.892          0.82278
37.411          1.4043
37.931          1.7533
38.451          1.1691
38.970          0.72837
39.490          0.61462
40.009          0.61469
40.529          0.72879
41.049          1.1702
41.568          1.7534
42.088          1.4026
42.607          0.82192
43.127          0.63065
43.647          0.60497
44.166          0.67276
44.686          0.99545
45.205          1.6516
45.725          1.5867
46.245          0.93458
46.764          0.65588
47.284          0.60297
47.803          0.64128
48.323          0.87402
48.843          1.4998
49.362          1.7122
49.882          1.0768
50.401          0.69760
50.921          0.60914
51.441          0.62158
51.960          0.77072
52.480          1.2841
52.999          1.7689
