0.0000          0.61068
0.51960         0.64761
1.0392          0.86137
1.5588          1.4769
2.0784          1.7901
2.5980          1.1746
3.1176          0.73647
3.6372          0.62496
4.1568          0.61403
4.6764          0.66536
5.1960          0.93107
5.7156          1.5916
6.2352          1.7441
6.7548          1.0793
7.2744          0.70700
7.7940          0.62142
8.3136          0.61713
8.8332          0.67839
9.3528          0.97758
9.8724          1.6518
10.392          1.7051
10.912          1.0291
11.431          0.69286
11.951          0.61981
12.470          0.61910
12.990          0.68807
13.510          1.0119
14.029          1.6888
14.549          1.6711
15.068          0.99469
15.588          0.68325
16.108          0.61820
16.627          0.62056
17.147          0.69908
17.666          1.0515
18.186          1.7240
18.706          1.6254
19.225          0.95607
19.745          0.67229
20.264          0.61568
20.784          0.62281
21.304          0.71932
21.823          1.1206
22.343          1.7679
22.862          1.5411
23.382          0.89798
23.902          0.65658
24.421          0.61214
24.941          0.62877
25.460          0.76298
25.980          1.2510
26.500          1.8075
27.019          1.3911
27.539          0.81951
28.059          0.63854
28.578          0.61017
29.098          0.64236
29.617          0.83809
30.137          1.4309
30.657          1.8003
31.176          1.2137
31.696          0.74942
32.215          0.62635
32.735          0.61268
33.255          0.66166
33.774          0.91927
34.294          1.5745
34.813          1.7499
35.333          1.0898
35.853          0.70942
36.372          0.62077
36.892          0.61624
37.411          0.67959
37.931          0.98553
38.451          1.6607
38.970          1.6914
39.490          1.0152
40.009          0.68787
40.529          0.61770
41.049          0.61920
41.568          0.69775
42.088          1.0500
42.607          1.7219
43.127          1.6215
43.647          0.95298
44.166          0.67064
44.686          0.61447
45.205          0.62308
45.725          0.72667
46.245          1.1456
46.764          1.7785
47.284          1.5085
47.803          0.87865
48.323          0.65149
48.843          0.61097
49.362          0.63163
49.882          0.78227
50.401          1.3025
50.921          1.8117
51.441          1.3369
51.960          0.79623
52.480          0.63426
52.999          0.61068
