0.0000          0.61082
0.51960         0.71774
1.0392          1.1393
1.5588          1.6796
2.0784          1.3294
2.5980          0.79334
3.1176          0.62309
3.6372          0.62346
4.1568          0.79507
4.6764          1.3322
5.1960          1.6757
5.7156          1.1334
6.2352          0.71571
6.7548          0.61084
7.2744          0.64290
7.7940          0.88745
8.3136          1.4999
8.8332          1.6181
9.3528          0.99724
9.8724          0.67183
10.392          0.60661
10.912          0.66541
11.431          0.97469
11.951          1.6000
12.470          1.5266
12.990          0.90682
13.510          0.64757
14.029          0.60963
14.549          0.70504
15.068          1.1018
15.588          1.6657
16.108          1.3658
16.627          0.81131
17.147          0.62660
17.666          0.62155
18.186          0.78391
18.706          1.3068
19.225          1.6763
19.745          1.1525
20.264          0.72272
20.784          0.61194
21.304          0.64156
21.823          0.88158
22.343          1.4907
22.862          1.6215
23.382          1.0033
23.902          0.67367
24.421          0.60670
24.941          0.66405
25.460          0.96995
25.980          1.5964
26.500          1.5333
27.019          0.91166
27.539          0.64874
28.059          0.60889
28.578          0.70002
29.098          1.0874
29.617          1.6635
30.137          1.3866
30.657          0.82137
31.176          0.62851
31.696          0.61886
32.215          0.76910
32.735          1.2736
33.255          1.6850
33.774          1.1884
34.294          0.73563
34.813          0.61348
35.333          0.63494
35.853          0.85272
36.372          1.4473
36.892          1.6536
37.411          1.0474
37.931          0.68691
38.451          0.60664
38.970          0.64811
39.490          0.91010
40.009          1.5379
40.529          1.6160
41.049          0.98257
41.568          0.66735
42.088          0.60463
42.607          0.65640
43.127          0.94276
43.647          1.5791
44.166          1.5874
44.686          0.95040
45.205          0.65843
45.725          0.60446
46.245          0.66428
46.764          0.97174
47.284          1.6074
47.803          1.5526
48.323          0.92100
48.843          0.65080
49.362          0.60576
49.882          0.67939
50.401          1.0232
50.921          1.6420
51.441          1.4808
51.960          0.87240
52.480          0.63928
52.999          0.61082
