0.0000          0.68488
0.51960         1.0404
1.0392          1.6451
1.5588          1.4467
2.0784          0.85381
2.5980          0.63527
3.1176          0.61439
3.6372          0.74080
4.1568          1.2021
4.6764          1.6842
5.1960          1.2571
5.7156          0.76251
6.2352          0.61779
6.7548          0.62969
7.2744          0.82745
7.7940          1.3994
8.3136          1.6634
8.8332          1.0801
9.3528          0.69757
9.8724          0.60824
10.392          0.64684
10.912          0.90453
11.431          1.5273
11.951          1.6124
12.470          0.98338
12.990          0.66766
13.510          0.60542
14.029          0.66185
14.549          0.96271
15.068          1.5950
15.588          1.5537
16.108          0.92453
16.627          0.65178
17.147          0.60660
17.666          0.68401
18.186          1.0381
18.706          1.6472
19.225          1.4559
19.745          0.85827
20.264          0.63618
20.784          0.61297
21.304          0.73223
21.823          1.1796
22.343          1.6849
22.862          1.2840
23.382          0.77351
23.902          0.61957
24.421          0.62675
24.941          0.81282
25.460          1.3707
25.980          1.6724
26.500          1.1051
27.019          0.70582
27.539          0.60919
28.059          0.64322
28.578          0.88941
29.098          1.5064
29.617          1.6270
30.137          1.0016
30.657          0.67291
31.176          0.60547
31.696          0.65654
32.215          0.94309
32.735          1.5762
33.255          1.5786
33.774          0.94532
34.294          0.65713
34.813          0.60546
35.333          0.67228
35.853          0.99940
36.372          1.6252
36.892          1.5085
37.411          0.89097
37.931          0.64359
38.451          0.60924
38.970          0.70578
39.490          1.1048
40.009          1.6713
40.529          1.3696
41.049          0.81237
41.568          0.62668
42.088          0.62011
42.607          0.77632
43.127          1.2901
43.647          1.6820
44.166          1.1715
44.686          0.72933
45.205          0.61268
45.725          0.63825
46.245          0.86732
46.764          1.4695
47.284          1.6360
47.803          1.0231
48.323          0.67950
48.843          0.60669
49.362          0.65771
49.882          0.94690
50.401          1.5758
50.921          1.5634
51.441          0.93548
51.960          0.65471
52.480          0.60715
52.999          0.68488
