0.0000          0.61930
0.51960         0.75728
1.0392          1.2497
1.5588          1.7679
2.0784          1.3196
2.5980          0.78501
3.1176          0.62401
3.6372          0.60771
4.1568          0.68945
4.6764          1.0511
5.1960          1.6963
5.7156          1.5270
6.2352          0.89098
6.7548          0.64511
7.2744          0.60271
7.7940          0.65122
8.3136          0.91637
8.8332          1.5635
9.3528          1.6708
9.8724          1.0173
10.392          0.67920
10.912          0.60598
11.431          0.62770
11.951          0.80599
12.470          1.3683
12.990          1.7617
13.510          1.2033
14.029          0.74043
14.549          0.61665
15.068          0.61278
15.588          0.71759
16.108          1.1375
16.627          1.7425
17.147          1.4375
17.666          0.83922
18.186          0.63407
18.706          0.60406
19.225          0.66582
19.745          0.97085
20.264          1.6281
20.784          1.6147
21.304          0.95828
21.823          0.66234
22.343          0.60364
22.862          0.63619
23.382          0.84969
23.902          1.4573
24.421          1.7346
24.941          1.1186
25.460          0.71129
25.980          0.61168
26.500          0.61796
27.019          0.74834
27.539          1.2251
28.059          1.7655
28.578          1.3459
29.098          0.79609
29.617          0.62594
30.137          0.60674
30.657          0.68367
31.176          1.0321
31.696          1.6824
32.215          1.5477
32.735          0.90498
33.255          0.64842
33.774          0.60266
34.294          0.64779
34.813          0.90236
35.333          1.5438
35.853          1.6848
36.372          1.0352
36.892          0.68453
37.411          0.60684
37.931          0.62575
38.451          0.79510
38.970          1.3435
39.490          1.7653
40.009          1.2261
40.529          0.74854
41.049          0.61786
41.568          0.61178
42.088          0.71264
42.607          1.1230
43.127          1.7354
43.647          1.4503
44.166          0.84594
44.686          0.63522
45.205          0.60382
45.725          0.66525
46.245          0.96963
46.764          1.6258
47.284          1.6123
47.803          0.95699
48.323          0.66176
48.843          0.60342
49.362          0.63747
49.882          0.85683
50.401          1.4702
50.921          1.7265
51.441          1.1040
51.960          0.70636
52.480          0.61067
52.999          0.61930
