0.0000          0.80644
0.51960         1.3691
1.0392          1.7620
1.5588          1.2035
2.0784          0.74061
2.5980          0.61677
3.1176          0.61266
3.6372          0.71636
4.1568          1.1336
4.6764          1.7417
5.1960          1.4432
5.7156          0.84221
6.2352          0.63481
6.7548          0.60392
7.2744          0.66370
7.7940          0.96267
8.3136          1.6201
8.8332          1.6259
9.3528          0.96805
9.8724          0.66519
10.392          0.60410
10.912          0.63391
11.431          0.83772
11.951          1.4345
12.470          1.7450
12.990          1.1420
13.510          0.71917
14.029          0.61316
14.549          0.61620
15.068          0.73715
15.588          1.1938
16.108          1.7601
16.627          1.3794
17.147          0.81110
17.666          0.62871
18.186          0.60562
18.706          0.67646
19.225          1.0077
19.745          1.6626
20.264          1.5747
20.784          0.92506
21.304          0.65348
21.823          0.60287
22.343          0.64310
22.862          0.88182
23.382          1.5120
23.902          1.7049
24.421          1.0653
24.941          0.69395
25.460          0.60847
25.980          0.62276
26.500          0.77777
27.019          1.3014
27.539          1.7676
28.059          1.2669
28.578          0.76399
29.098          0.62032
29.617          0.61004
30.137          0.70345
30.657          1.0952
31.176          1.7208
31.696          1.4772
32.215          0.86104
32.735          0.63821
33.255          0.60334
33.774          0.66193
34.294          0.95823
34.813          1.6127
35.333          1.6213
35.853          0.96622
36.372          0.66413
36.892          0.60358
37.411          0.63674
37.931          0.85402
38.451          1.4648
38.970          1.7268
39.490          1.1071
40.009          0.70733
40.529          0.61073
41.049          0.61936
41.568          0.75817
42.088          1.2517
42.607          1.7667
43.127          1.3167
43.647          0.78398
44.166          0.62381
44.686          0.60789
45.205          0.69076
45.725          1.0552
46.245          1.6982
46.764          1.5224
47.284          0.88847
47.803          0.64460
48.323          0.60279
48.843          0.65190
49.362          0.91888
49.882          1.5665
50.401          1.6686
50.921          1.0150
51.441          0.67862
51.960          0.60596
52.480          0.62784
52.999          0.80644
