0.0000          0.61507
0.51960         0.63387
1.0392          0.84732
1.5588          1.4353
2.0784          1.6494
2.5980          1.0496
3.1176          0.68776
3.6372          0.60745
4.1568          0.65343
4.6764          0.93046
5.1960          1.5572
5.7156          1.5801
6.2352          0.95152
6.7548          0.65896
7.2744          0.60676
7.7940          0.67874
8.3136          1.0204
8.8332          1.6334
9.3528          1.4711
9.8724          0.86862
10.392          0.63857
10.912          0.61299
11.431          0.73074
11.951          1.1748
12.470          1.6803
12.990          1.2838
13.510          0.77380
14.029          0.61976
14.549          0.62824
15.068          0.81988
15.588          1.3834
16.108          1.6631
16.627          1.0889
17.147          0.70062
17.666          0.60896
18.186          0.64837
18.706          0.91030
19.225          1.5321
19.745          1.5992
20.264          0.97237
20.784          0.66470
21.304          0.60634
21.823          0.67081
22.343          0.99387
22.862          1.6167
23.382          1.5064
23.902          0.89148
24.421          0.64382
24.941          0.61021
25.460          0.71135
25.980          1.1208
26.500          1.6734
27.019          1.3479
27.539          0.80238
28.059          0.62482
28.578          0.62175
29.098          0.78586
29.617          1.3126
30.137          1.6817
30.657          1.1540
31.176          0.72298
31.696          0.61158
32.215          0.63803
32.735          0.86678
33.255          1.4713
33.774          1.6450
34.294          1.0296
34.813          0.68134
35.333          0.60602
35.853          0.65048
36.372          0.91968
36.892          1.5503
37.411          1.6070
37.931          0.97215
38.451          0.66440
38.970          0.60460
39.490          0.65940
40.009          0.95399
40.529          1.5902
41.049          1.5729
41.568          0.93797
42.088          0.65515
42.607          0.60500
43.127          0.67096
43.647          0.99507
44.166          1.6245
44.686          1.5193
45.205          0.89734
45.725          0.64505
46.245          0.60799
46.764          0.69735
47.284          1.0797
47.803          1.6655
48.323          1.4038
48.843          0.82932
49.362          0.63004
49.882          0.61701
50.401          0.75797
50.921          1.2460
51.441          1.6857
51.960          1.2145
52.480          0.74547
52.999          0.61507
