0.0000          1.4414
0.51960         1.6508
1.0392          1.0479
1.5588          0.68713
2.0784          0.60706
2.5980          0.65131
3.1176          0.92252
3.6372          1.5502
4.1568          1.5945
4.6764          0.96346
5.1960          0.66210
5.7156          0.60568
6.2352          0.66916
6.7548          0.98848
7.2744          1.6152
7.7940          1.5186
8.3136          0.89886
8.8332          0.64552
9.3528          0.60899
9.8724          0.70298
10.392          1.0963
10.912          1.6678
11.431          1.3785
11.951          0.81703
12.470          0.62763
12.990          0.61950
13.510          0.77269
14.029          1.2816
14.549          1.6828
15.068          1.1796
15.588          0.73238
16.108          0.61311
16.627          0.63713
17.147          0.86238
17.666          1.4618
18.186          1.6410
18.706          1.0304
19.225          0.68173
19.745          0.60669
20.264          0.65513
20.784          0.93728
21.304          1.5666
21.823          1.5769
22.343          0.94676
22.862          0.65762
23.382          0.60632
23.902          0.67730
24.421          1.0159
24.941          1.6327
25.460          1.4814
25.980          0.87453
26.500          0.63987
27.019          0.61159
27.539          0.72197
28.059          1.1507
28.578          1.6794
29.098          1.3146
29.617          0.78710
30.137          0.62201
30.657          0.62450
31.176          0.80077
31.696          1.3449
32.215          1.6762
32.735          1.1257
33.255          0.71300
33.774          0.61022
34.294          0.64137
34.813          0.88136
35.333          1.4938
35.853          1.6324
36.372          1.0105
36.892          0.67558
37.411          0.60571
37.931          0.65520
38.451          0.93796
38.970          1.5704
39.490          1.5839
40.009          0.95041
40.529          0.65849
41.049          0.60531
41.568          0.67010
42.088          0.99200
42.607          1.6202
43.127          1.5188
43.647          0.89793
44.166          0.64523
44.686          0.60842
45.205          0.69986
45.725          1.0872
46.245          1.6670
46.764          1.3926
47.284          0.82376
47.803          0.62892
48.323          0.61792
48.843          0.76361
49.362          1.2601
49.882          1.6858
50.401          1.2015
50.921          0.74048
51.441          0.61425
51.960          0.63445
52.480          0.85020
52.999          1.4414
