0.0000          1.1790
0.51960         0.75477
1.0392          0.65149
1.5588          0.63998
2.0784          0.65104
2.5980          0.75201
3.1176          1.1708
3.6372          1.8042
4.1568          1.5617
4.6764          0.92256
5.1960          0.68061
5.7156          0.63734
6.2352          0.63721
6.7548          0.67924
7.2744          0.91644
7.7940          1.5516
8.3136          1.8084
8.8332          1.1800
9.3528          0.75505
9.8724          0.65138
10.392          0.63976
10.912          0.65089
11.431          0.75226
11.951          1.1720
12.470          1.8051
12.990          1.5601
13.510          0.92136
14.029          0.68020
14.549          0.63715
15.068          0.63708
15.588          0.67950
16.108          0.91820
16.627          1.5549
17.147          1.8074
17.666          1.1769
18.186          0.75391
18.706          0.65119
19.225          0.63978
19.745          0.65107
20.264          0.75317
20.784          1.1747
21.304          1.8063
21.823          1.5574
22.343          0.91971
22.862          0.67987
23.382          0.63717
23.902          0.63716
24.421          0.67982
24.941          0.91949
25.460          1.5570
25.980          1.8065
26.500          1.1751
27.019          0.75333
27.539          0.65114
28.059          0.63984
28.578          0.65118
29.098          0.75361
29.617          1.1759
30.137          1.8069
30.657          1.5561
31.176          0.91899
31.696          0.67975
32.215          0.63721
32.735          0.63723
33.255          0.67994
33.774          0.91983
34.294          1.5575
34.813          1.8063
35.333          1.1747
35.853          0.75323
36.372          0.65117
36.892          0.63990
37.411          0.65123
37.931          0.75358
38.451          1.1757
38.970          1.8067
39.490          1.5565
40.009          0.91930
40.529          0.67989
41.049          0.63731
41.568          0.63730
42.088          0.67982
42.607          0.91906
43.127          1.5561
43.647          1.8070
44.166          1.1761
44.686          0.75375
45.205          0.65131
45.725          0.63998
46.245          0.65116
46.764          0.75284
47.284          1.1734
47.803          1.8057
48.323          1.5591
48.843          0.92083
49.362          0.68024
49.882          0.63738
50.401          0.63732
50.921          0.67947
51.441          0.91725
51.960          1.5530
52.480          1.8081
52.999          1.1790
