0.0000          0.66029
0.51960         0.60330
1.0392          0.63782
1.5588          0.85823
2.0784          1.4735
2.5980          1.7271
3.1176          1.1016
3.6372          0.70546
4.1568          0.61058
4.6764          0.61936
5.1960          0.75723
5.7156          1.2493
6.2352          1.7683
6.7548          1.3200
7.2744          0.78496
7.7940          0.62393
8.3136          0.60772
8.8332          0.68981
9.3528          1.0522
9.8724          1.6963
10.392          1.5251
10.912          0.88994
11.431          0.64480
11.951          0.60272
12.470          0.65210
12.990          0.92013
13.510          1.5679
14.029          1.6654
14.549          1.0117
15.068          0.67745
15.588          0.60560
16.108          0.62870
16.627          0.81200
17.147          1.3820
17.666          1.7583
18.186          1.1889
18.706          0.73524
19.225          0.61570
19.745          0.61360
20.264          0.72289
20.784          1.1539
21.304          1.7491
21.823          1.4184
22.343          0.82928
22.862          0.63200
23.382          0.60451
23.902          0.67001
24.421          0.98639
24.941          1.6441
25.460          1.5960
25.980          0.94171
26.500          0.65771
27.019          0.60307
27.539          0.63970
28.059          0.86704
28.578          1.4887
29.098          1.7191
29.617          1.0878
30.137          0.70117
30.657          0.60983
31.176          0.62043
31.696          0.76362
32.215          1.2661
32.735          1.7695
33.255          1.3040
33.774          0.77867
34.294          0.62299
34.813          0.60826
35.333          0.69214
35.853          1.0593
36.372          1.7018
36.892          1.5196
37.411          0.88629
37.931          0.64412
38.451          0.60279
38.970          0.65199
39.490          0.91902
40.009          1.5669
40.529          1.6689
41.049          1.0149
41.568          0.67854
42.088          0.60592
42.607          0.62790
43.127          0.80680
43.647          1.3701
44.166          1.7615
44.686          1.2016
45.205          0.73976
45.725          0.61651
46.245          0.61289
46.764          0.71841
47.284          1.1400
47.803          1.7435
48.323          1.4339
48.843          0.83718
49.362          0.63354
49.882          0.60413
50.401          0.66714
50.921          0.97606
51.441          1.6336
51.960          1.6075
52.480          0.95146
52.999          0.66029
