0.0000          0.60299
0.51960         0.65614
1.0392          0.93553
1.5588          1.5879
2.0784          1.6505
2.5980          0.99409
3.1176          0.67230
3.6372          0.60486
4.1568          0.63100
4.6764          0.82397
5.1960          1.4069
5.7156          1.7515
6.2352          1.1650
6.7548          0.72686
7.2744          0.61425
7.7940          0.61510
8.3136          0.73185
8.8332          1.1792
9.3528          1.7551
9.8724          1.3916
10.392          0.81667
10.912          0.62955
11.431          0.60535
11.951          0.67601
12.470          1.0070
12.990          1.6611
13.510          1.5722
14.029          0.92353
14.549          0.65292
15.068          0.60274
15.588          0.64437
16.108          0.88826
16.627          1.5223
17.147          1.6972
17.666          1.0541
18.186          0.69039
18.706          0.60779
19.225          0.62390
19.745          0.78484
20.264          1.3192
20.784          1.7675
21.304          1.2498
21.823          0.75748
22.343          0.61938
22.862          0.61063
23.382          0.70599
23.902          1.1028
24.421          1.7265
24.941          1.4722
25.460          0.85792
25.980          0.63779
26.500          0.60337
27.019          0.66060
27.539          0.95242
28.059          1.6079
28.578          1.6326
29.098          0.97563
29.617          0.66707
30.137          0.60415
30.657          0.63363
31.176          0.83744
31.696          1.4341
32.215          1.7433
32.735          1.1401
33.255          0.71849
33.774          0.61293
34.294          0.61648
34.813          0.73948
35.333          1.2007
35.853          1.7614
36.372          1.3714
36.892          0.80747
37.411          0.62805
37.931          0.60586
38.451          0.67793
38.970          1.0128
39.490          1.6673
40.009          1.5699
40.529          0.92121
41.049          0.65259
41.568          0.60285
42.088          0.64338
42.607          0.88283
43.127          1.5142
43.647          1.7057
44.166          1.0650
44.686          0.69396
45.205          0.60862
45.725          0.62237
46.245          0.77480
46.764          1.2943
47.284          1.7698
47.803          1.2762
48.323          0.76760
48.843          0.62112
49.362          0.60940
49.882          0.69859
50.401          1.0796
50.921          1.7142
51.441          1.4976
51.960          0.87257
52.480          0.64096
52.999          0.60299
