0.0000          0.69146
0.51960         1.0244
1.0392          1.7008
1.5588          1.6565
2.0784          0.98166
2.5980          0.67945
3.1176          0.61727
3.6372          0.62117
4.1568          0.70551
4.6764          1.0744
5.1960          1.7407
5.7156          1.5973
6.2352          0.93509
6.7548          0.66641
7.2744          0.61423
7.7940          0.62458
8.3136          0.73382
8.8332          1.1666
9.3528          1.7874
9.8724          1.4861
10.392          0.86628
10.912          0.64876
11.431          0.61083
11.951          0.63342
12.470          0.79147
12.990          1.3253
13.510          1.8123
14.029          1.3141
14.549          0.78685
15.068          0.63247
15.588          0.61085
16.108          0.65015
16.627          0.87277
17.147          1.4981
17.666          1.7826
18.186          1.1550
18.706          0.72975
19.225          0.62362
19.745          0.61427
20.264          0.66899
20.784          0.94642
21.304          1.6129
21.823          1.7284
22.343          1.0582
22.862          0.70026
23.382          0.61973
23.902          0.61747
24.421          0.68525
24.941          1.0052
25.460          1.6817
25.980          1.6724
26.500          0.99624
27.019          0.68275
27.539          0.61702
28.059          0.62019
28.578          0.70373
29.098          1.0702
29.617          1.7371
30.137          1.5987
30.657          0.93603
31.176          0.66619
31.696          0.61369
32.215          0.62457
32.735          0.73660
33.255          1.1759
33.774          1.7901
34.294          1.4738
34.813          0.85969
35.333          0.64712
35.853          0.61051
36.372          0.63459
36.892          0.79873
37.411          1.3432
37.931          1.8118
38.451          1.2965
38.970          0.78007
39.490          0.63148
40.009          0.61126
40.529          0.65173
41.049          0.87863
41.568          1.5084
42.088          1.7802
42.607          1.1477
43.127          0.72774
43.647          0.62379
44.166          0.61478
44.686          0.66880
45.205          0.94378
45.725          1.6093
46.245          1.7337
46.764          1.0645
47.284          0.70268
47.803          0.62086
48.323          0.61764
48.843          0.68116
49.362          0.98768
49.882          1.6633
50.401          1.6951
50.921          1.0183
51.441          0.68976
51.960          0.61923
52.480          0.61949
52.999          0.69146
