0.0000          0.60737
0.51960         0.68742
1.0392          1.0485
1.5588          1.6487
2.0784          1.4363
2.5980          0.84785
3.1176          0.63399
3.6372          0.61533
4.1568          0.74672
4.6764          1.2173
5.1960          1.6837
5.7156          1.2403
6.2352          0.75580
6.7548          0.61676
7.2744          0.63183
7.7940          0.83765
8.3136          1.4178
8.8332          1.6549
9.3528          1.0628
9.8724          0.69201
10.392          0.60786
10.912          0.65110
11.431          0.92143
11.951          1.5472
12.470          1.5909
12.990          0.96183
13.510          0.66173
14.029          0.60619
14.549          0.67274
15.068          1.0007
15.588          1.6226
16.108          1.4996
16.627          0.88642
17.147          0.64261
17.666          0.61043
18.186          0.71349
18.706          1.1273
19.225          1.6756
19.745          1.3410
20.264          0.79899
20.784          0.62416
21.304          0.62222
21.823          0.78856
22.343          1.3188
22.862          1.6811
23.382          1.1486
23.902          0.72100
24.421          0.61130
24.941          0.63864
25.460          0.86949
25.980          1.4756
26.500          1.6426
27.019          1.0259
27.539          0.68020
28.059          0.60596
28.578          0.65146
29.098          0.92351
29.617          1.5546
30.137          1.6020
30.657          0.96730
31.176          0.66306
31.696          0.60473
32.215          0.66175
32.735          0.96258
33.255          1.5977
33.774          1.5605
34.294          0.92821
34.813          0.65265
35.333          0.60568
35.853          0.67746
36.372          1.0169
36.892          1.6377
37.411          1.4879
37.931          0.87709
38.451          0.64035
38.970          0.61037
39.490          0.71450
40.009          1.1302
40.529          1.6781
41.049          1.3404
41.568          0.79837
42.088          0.62401
42.607          0.62230
43.127          0.78881
43.647          1.3188
44.166          1.6794
44.686          1.1466
45.205          0.72030
45.725          0.61136
46.245          0.64049
46.764          0.87725
47.284          1.4856
47.803          1.6298
48.323          1.0115
48.843          0.67596
49.362          0.60636
49.882          0.65939
50.401          0.95321
50.921          1.5826
51.441          1.5572
51.960          0.92976
52.480          0.65321
52.999          0.60737
