0.0000          1.7386
0.51960         1.4471
1.0392          0.84401
1.5588          0.63492
2.0784          0.60383
2.5980          0.66477
3.1176          0.96764
3.6372          1.6249
4.1568          1.6165
4.6764          0.95995
5.1960          0.66267
5.7156          0.60360
6.2352          0.63625
6.7548          0.85045
7.2744          1.4589
7.7940          1.7333
8.3136          1.1163
8.8332          0.71051
9.3528          0.61151
9.8724          0.61819
10.392          0.74994
10.912          1.2295
11.431          1.7660
11.951          1.3413
12.470          0.79420
12.990          0.62565
13.510          0.60689
14.029          0.68441
14.549          1.0344
15.068          1.6842
15.588          1.5458
16.108          0.90384
16.627          0.64823
17.147          0.60270
17.666          0.64773
18.186          0.90181
18.706          1.5431
19.225          1.6862
19.745          1.0369
20.264          0.68517
20.784          0.60702
21.304          0.62535
21.823          0.79256
22.343          1.3376
22.862          1.7667
23.382          1.2328
23.902          0.75105
24.421          0.61835
24.941          0.61136
25.460          0.70978
25.980          1.1142
26.500          1.7323
27.019          1.4607
27.539          0.85139
28.059          0.63640
28.578          0.60357
29.098          0.66263
29.617          0.95986
30.137          1.6161
30.657          1.6244
31.176          0.96751
31.696          0.66472
32.215          0.60381
32.735          0.63517
33.255          0.84529
33.774          1.4492
34.294          1.7368
34.813          1.1247
35.333          0.71321
35.853          0.61192
36.372          0.61770
36.892          0.74731
37.411          1.2224
37.931          1.7645
38.451          1.3475
38.970          0.79681
39.490          0.62601
40.009          0.60674
40.529          0.68410
41.049          1.0337
41.568          1.6830
42.088          1.5448
42.607          0.90335
43.127          0.64800
43.647          0.60266
44.166          0.64860
44.686          0.90589
45.205          1.5486
45.725          1.6805
46.245          1.0302
46.764          0.68305
47.284          0.60656
47.803          0.62633
48.323          0.79866
48.843          1.3521
49.362          1.7643
49.882          1.2181
50.401          0.74570
50.921          0.61746
51.441          0.61207
51.960          0.71387
52.480          1.1269
52.999          1.7386
