0.0000          0.67925
0.51960         0.98376
1.0392          1.6587
1.5588          1.6941
2.0784          1.0178
2.5980          0.68876
3.1176          0.61803
3.6372          0.61913
4.1568          0.69605
4.6764          1.0436
5.1960          1.7169
5.7156          1.6297
6.2352          0.95945
6.7548          0.67253
7.2744          0.61498
7.7940          0.62255
8.3136          0.72197
8.8332          1.1306
9.3528          1.7720
9.8724          1.5267
10.392          0.88920
10.912          0.65411
11.431          0.61142
11.951          0.63007
12.470          0.77268
12.990          1.2776
13.510          1.8104
14.029          1.3626
14.549          0.80702
15.068          0.63622
15.588          0.61042
16.108          0.64504
16.627          0.85007
17.147          1.4551
17.666          1.7958
18.186          1.1934
18.706          0.74274
19.225          0.62579
19.745          0.61350
20.264          0.66315
20.784          0.92304
21.304          1.5800
21.823          1.7500
22.343          1.0886
22.862          0.70966
23.382          0.62164
23.902          0.61675
24.421          0.67712
24.941          0.97337
25.460          1.6468
25.980          1.7085
26.500          1.0330
27.019          0.69384
27.539          0.61983
28.059          0.61890
28.578          0.68754
29.098          1.0103
29.617          1.6873
30.137          1.6721
30.657          0.99572
31.176          0.68345
31.696          0.61813
32.215          0.62047
32.735          0.69917
33.255          1.0520
33.774          1.7243
34.294          1.6244
34.813          0.95523
35.333          0.67200
35.853          0.61555
36.372          0.62287
36.892          0.72020
37.411          1.1236
37.931          1.7694
38.451          1.5374
38.970          0.89567
39.490          0.65598
40.009          0.61201
40.529          0.62907
41.049          0.76502
41.568          1.2566
42.088          1.8084
42.607          1.3851
43.127          0.81682
43.647          0.63804
44.166          0.61022
44.686          0.64291
45.205          0.84056
45.725          1.4360
46.245          1.7994
46.764          1.2093
47.284          0.74796
47.803          0.62620
48.323          0.61284
48.843          0.66201
49.362          0.92028
49.882          1.5760
50.401          1.7496
50.921          1.0892
51.441          0.70931
51.960          0.62090
52.480          0.61633
52.999          0.67925
