0.0000          0.61063
0.51960         0.61938
1.0392          0.75745
1.5588          1.2496
2.0784          1.7674
2.5980          1.3198
3.1176          0.78514
3.6372          0.62399
4.1568          0.60775
4.6764          0.68997
5.1960          1.0527
5.7156          1.6964
6.2352          1.5244
6.7548          0.88958
7.2744          0.64472
7.7940          0.60273
8.3136          0.65232
8.8332          0.92099
9.3528          1.5689
9.8724          1.6643
10.392          1.0105
10.912          0.67709
11.431          0.60555
11.951          0.62899
12.470          0.81348
12.990          1.3846
13.510          1.7569
14.029          1.1862
14.549          0.73431
15.068          0.61552
15.588          0.61386
16.108          0.72454
16.627          1.1582
17.147          1.7490
17.666          1.4141
18.186          0.82758
18.706          0.63169
19.225          0.60468
19.745          0.67104
20.264          0.98971
20.784          1.6461
21.304          1.5924
21.823          0.93944
22.343          0.65717
22.862          0.60307
23.382          0.64027
23.902          0.86945
24.421          1.4922
24.941          1.7167
25.460          1.0845
25.980          0.70014
26.500          0.60965
27.019          0.62075
27.539          0.76550
28.059          1.2707
28.578          1.7694
29.098          1.2994
29.617          0.77687
30.137          0.62269
30.657          0.60844
31.176          0.69315
31.696          1.0625
32.215          1.7039
32.735          1.5163
33.255          0.88419
33.774          0.64365
34.294          0.60282
34.813          0.65250
35.333          0.92101
35.853          1.5695
36.372          1.6670
36.892          1.0126
37.411          0.67785
37.931          0.60582
38.451          0.62818
38.970          0.80829
39.490          1.3732
40.009          1.7607
40.529          1.1987
41.049          0.73879
41.568          0.61636
42.088          0.61305
42.607          0.71927
43.127          1.1424
43.647          1.7440
44.166          1.4316
44.686          0.83626
45.205          0.63341
45.725          0.60422
46.245          0.66749
46.764          0.97703
47.284          1.6339
47.803          1.6065
48.323          0.95142
48.843          0.66037
49.362          0.60336
49.882          0.63794
50.401          0.85850
50.921          1.4730
51.441          1.7261
51.960          1.1025
52.480          0.70591
52.999          0.61063
