0.0000          1.0918
0.51960         1.7208
1.0392          1.4844
1.5588          0.86482
2.0784          0.63926
2.5980          0.60317
3.1176          0.65852
3.6372          0.94460
4.1568          1.5987
4.6764          1.6407
5.1960          0.98389
5.7156          0.66937
6.2352          0.60444
6.7548          0.63252
7.2744          0.83190
7.7940          1.4230
8.3136          1.7464
8.8332          1.1498
9.3528          0.72170
9.8724          0.61340
10.392          0.61600
10.912          0.73707
11.431          1.1940
11.951          1.7590
12.470          1.3769
12.990          0.80990
13.510          0.62836
14.029          0.60577
14.549          0.67825
15.068          1.0143
15.588          1.6677
16.108          1.5655
16.627          0.91831
17.147          0.65168
17.666          0.60273
18.186          0.64507
18.706          0.89094
19.225          1.5265
19.745          1.6956
20.264          1.0511
20.784          0.68950
21.304          0.60770
21.823          0.62406
22.343          0.78546
22.862          1.3207
23.382          1.7677
23.902          1.2489
24.421          0.75715
24.941          0.61934
25.460          0.61064
25.980          0.70587
26.500          1.1024
27.019          1.7264
27.539          1.4731
28.059          0.85836
28.578          0.63789
29.098          0.60335
29.617          0.66039
30.137          0.95156
30.657          1.6069
31.176          1.6336
31.696          0.97659
32.215          0.66733
32.735          0.60418
33.255          0.63352
33.774          0.83690
34.294          1.4330
34.813          1.7434
35.333          1.1410
35.853          0.71874
36.372          0.61294
36.892          0.61648
37.411          0.73967
37.931          1.2012
38.451          1.7611
38.970          1.3703
39.490          0.80696
40.009          0.62791
40.529          0.60593
41.049          0.67869
41.568          1.0155
42.088          1.6692
42.607          1.5659
43.127          0.91836
43.647          0.65180
44.166          0.60278
44.686          0.64442
45.205          0.88772
45.725          1.5218
46.245          1.7001
46.764          1.0569
47.284          0.69137
47.803          0.60810
48.323          0.62329
48.843          0.78053
49.362          1.3085
49.882          1.7689
50.401          1.2615
50.921          0.76191
51.441          0.62015
51.960          0.61006
52.480          0.70248
52.999          1.0918
