0.0000          0.82025
0.51960         1.3861
1.0392          1.6697
1.5588          1.0934
2.0784          0.70192
2.5980          0.60859
3.1176          0.64357
3.6372          0.89109
4.1568          1.5102
4.6764          1.6295
5.1960          1.0021
5.7156          0.67304
6.2352          0.60513
6.7548          0.65367
7.2744          0.93227
7.7940          1.5666
8.3136          1.5969
8.8332          0.96033
9.3528          0.66112
9.8724          0.60445
10.392          0.66159
10.912          0.96204
11.431          1.5985
11.951          1.5645
12.470          0.93054
12.990          0.65322
13.510          0.60521
14.029          0.67397
14.549          1.0053
15.068          1.6315
15.588          1.5058
16.108          0.88821
16.627          0.64290
17.147          0.60891
17.666          0.70423
18.186          1.1003
18.706          1.6716
19.225          1.3774
19.745          0.81593
20.264          0.62735
20.784          0.61924
21.304          0.77134
21.823          1.2784
22.343          1.6835
22.862          1.1826
23.382          0.73337
23.902          0.61327
24.421          0.63726
24.941          0.86282
25.460          1.4618
25.980          1.6381
26.500          1.0279
27.019          0.68100
27.539          0.60697
28.059          0.65790
28.578          0.94740
29.098          1.5751
29.617          1.5600
30.137          0.93345
30.657          0.65423
31.176          0.60772
31.696          0.68859
32.215          1.0519
32.735          1.6486
33.255          1.4289
33.774          0.84412
34.294          0.63323
34.813          0.61635
35.333          0.75273
35.853          1.2323
36.372          1.6821
36.892          1.2232
37.411          0.74917
37.931          0.61579
38.451          0.63410
38.970          0.84821
39.490          1.4362
40.009          1.6459
40.529          1.0462
41.049          0.68678
41.568          0.60755
42.088          0.65519
42.607          0.93716
43.127          1.5642
43.647          1.5711
44.166          0.94360
44.686          0.65689
45.205          0.60711
45.725          0.68273
46.245          1.0336
46.764          1.6412
47.284          1.4545
47.803          0.85844
48.323          0.63629
48.843          0.61380
49.362          0.73696
49.882          1.1923
50.401          1.6844
50.921          1.2682
51.441          0.76706
51.960          0.61852
52.480          0.62821
52.999          0.82025
