0.0000          0.74892
0.51960         0.61802
1.0392          0.61166
1.5588          0.71136
2.0784          1.1189
2.5980          1.7342
3.1176          1.4561
3.6372          0.84908
4.1568          0.63597
4.6764          0.60368
5.1960          0.66331
5.7156          0.96216
6.2352          1.6184
6.7548          1.6221
7.2744          0.96565
7.7940          0.66425
8.3136          0.60378
8.8332          0.63547
9.3528          0.84668
9.8724          1.4515
10.392          1.7356
10.912          1.1227
11.431          0.71256
11.951          0.61180
12.470          0.61787
12.990          0.74831
13.510          1.2251
14.029          1.7647
14.549          1.3447
15.068          0.79566
15.588          0.62581
16.108          0.60685
16.627          0.68476
17.147          1.0358
17.666          1.6845
18.186          1.5423
18.706          0.90163
19.225          0.64757
19.745          0.60266
20.264          0.64916
20.784          0.90822
21.304          1.5517
21.823          1.6778
22.343          1.0270
22.862          0.68207
23.382          0.60639
23.902          0.62684
24.421          0.80150
24.941          1.3581
25.460          1.7626
25.980          1.2121
26.500          0.74357
27.019          0.61708
27.539          0.61245
28.059          0.71625
28.578          1.1337
29.098          1.7402
29.617          1.4400
30.137          0.84062
30.657          0.63426
31.176          0.60403
31.696          0.66623
32.215          0.97273
32.735          1.6296
33.255          1.6109
33.774          0.95533
34.294          0.66144
34.813          0.60348
35.333          0.63716
35.853          0.85478
36.372          1.4666
36.892          1.7296
37.411          1.1090
37.931          0.70811
38.451          0.61109
38.970          0.61875
39.490          0.75331
40.009          1.2386
40.529          1.7671
41.049          1.3320
41.568          0.79030
42.088          0.62498
42.607          0.60722
43.127          0.68621
43.647          1.0402
44.166          1.6885
44.686          1.5398
45.205          0.89967
45.725          0.64725
46.245          0.60271
46.764          0.64866
47.284          0.90556
47.803          1.5483
48.323          1.6826
48.843          1.0322
49.362          0.68376
49.882          0.60679
50.401          0.62588
50.921          0.79545
51.441          1.3441
51.960          1.7656
52.480          1.2267
52.999          0.74892
