0.0000          0.68930
0.51960         1.0169
1.0392          1.6936
1.5588          1.6647
2.0784          0.98889
2.5980          0.68146
3.1176          0.61765
3.6372          0.62078
4.1568          0.70239
4.6764          1.0636
5.1960          1.7330
5.7156          1.6102
6.2352          0.94447
6.7548          0.66897
7.2744          0.61480
7.7940          0.62373
8.3136          0.72744
8.8332          1.1468
9.3528          1.7798
9.8724          1.5094
10.392          0.87925
10.912          0.65189
11.431          0.61129
11.951          0.63140
12.470          0.77956
12.990          1.2952
13.510          1.8116
14.029          1.3447
14.549          0.79948
15.068          0.63476
15.588          0.61052
16.108          0.64695
16.627          0.85885
17.147          1.4721
17.666          1.7903
18.186          1.1777
18.706          0.73732
19.225          0.62471
19.745          0.61368
20.264          0.66589
20.784          0.93474
21.304          1.5968
21.823          1.7384
22.343          1.0721
22.862          0.70434
23.382          0.62034
23.902          0.61699
24.421          0.68216
24.941          0.99392
25.460          1.6699
25.980          1.6845
26.500          1.0079
27.019          0.68607
27.539          0.61769
28.059          0.61963
28.578          0.69892
29.098          1.0534
29.617          1.7247
30.137          1.6189
30.657          0.95103
31.176          0.67030
31.696          0.61459
32.215          0.62324
32.735          0.72663
33.255          1.1450
33.774          1.7782
34.294          1.5101
34.813          0.87964
35.333          0.65182
35.853          0.61111
36.372          0.63146
36.892          0.78073
37.411          1.2982
37.931          1.8116
38.451          1.3415
38.970          0.79812
39.490          0.63460
40.009          0.61064
40.529          0.64715
41.049          0.85929
41.568          1.4729
42.088          1.7911
42.607          1.1779
43.127          0.73753
43.647          0.62506
44.166          0.61390
44.686          0.66505
45.205          0.93018
45.725          1.5903
46.245          1.7444
46.764          1.0799
47.284          0.70710
47.803          0.62131
48.323          0.61704
48.843          0.67864
49.362          0.97892
49.882          1.6534
50.401          1.7031
50.921          1.0270
51.441          0.69212
51.960          0.61952
52.480          0.61910
52.999          0.68930
