0.0000          0.90727
0.51960         0.64914
1.0392          0.60274
1.5588          0.64650
2.0784          0.89630
2.5980          1.5350
3.1176          1.6927
3.6372          1.0455
4.1568          0.68790
4.6764          0.60756
5.1960          0.62428
5.7156          0.78604
6.2352          1.3218
6.7548          1.7684
7.2744          1.2490
7.7940          0.75723
8.3136          0.61942
8.8332          0.61058
9.3528          0.70507
9.8724          1.0996
10.392          1.7252
10.912          1.4768
11.431          0.86044
11.951          0.63836
12.470          0.60330
12.990          0.65958
13.510          0.94837
14.029          1.6031
14.549          1.6371
15.068          0.98003
15.588          0.66827
16.108          0.60430
16.627          0.63308
17.147          0.83465
17.666          1.4284
18.186          1.7445
18.706          1.1446
19.225          0.71985
19.745          0.61305
20.264          0.61639
20.784          0.73952
21.304          1.2009
21.823          1.7602
22.343          1.3692
22.862          0.80642
23.382          0.62768
23.902          0.60605
24.421          0.68031
24.941          1.0214
25.460          1.6730
25.980          1.5568
26.500          0.91203
27.019          0.65004
27.539          0.60266
28.059          0.64704
28.578          0.89967
29.098          1.5393
29.617          1.6857
30.137          1.0379
30.657          0.68534
31.176          0.60690
31.696          0.62572
32.215          0.79534
32.735          1.3440
33.255          1.7644
33.774          1.2254
34.294          0.74840
34.813          0.61786
35.333          0.61181
35.853          0.71277
36.372          1.1234
36.892          1.7358
37.411          1.4505
37.931          0.84613
38.451          0.63536
38.970          0.60380
39.490          0.66448
40.009          0.96655
40.529          1.6232
41.049          1.6174
41.568          0.96119
42.088          0.66305
42.607          0.60365
43.127          0.63611
43.647          0.84972
44.166          1.4574
44.686          1.7339
45.205          1.1179
45.725          0.71106
46.245          0.61162
46.764          0.61804
47.284          0.74897
47.803          1.2269
48.323          1.7658
48.843          1.3444
49.362          0.79558
49.882          0.62594
50.401          0.60676
50.921          0.68330
51.441          1.0306
51.960          1.6816
52.480          1.5509
52.999          0.90727
