0.0000          1.7610
0.51960         1.2087
1.0392          0.74261
1.5588          0.61692
2.0784          0.61266
2.5980          0.71750
3.1176          1.1373
3.6372          1.7410
4.1568          1.4358
4.6764          0.83870
5.1960          0.63386
5.7156          0.60415
6.2352          0.66734
6.7548          0.97681
7.2744          1.6333
7.7940          1.6056
8.3136          0.95085
8.8332          0.66016
9.3528          0.60331
9.8724          0.63834
10.392          0.86067
10.912          1.4770
11.431          1.7238
11.951          1.0982
12.470          0.70450
12.990          0.61037
13.510          0.61974
14.029          0.75969
14.549          1.2557
15.068          1.7681
15.588          1.3138
16.108          0.78267
16.627          0.62360
17.147          0.60794
17.666          0.69078
18.186          1.0552
18.706          1.6986
19.225          1.5227
19.745          0.88833
20.264          0.64450
20.784          0.60275
21.304          0.65202
21.823          0.91955
22.343          1.5675
22.862          1.6672
23.382          1.0132
23.902          0.67797
24.421          0.60576
24.941          0.62831
25.460          0.80941
25.980          1.3759
26.500          1.7598
27.019          1.1956
27.539          0.73766
28.059          0.61615
28.578          0.61324
29.098          0.72050
29.617          1.1462
30.137          1.7455
30.657          1.4276
31.176          0.83424
31.696          0.63304
32.215          0.60431
32.735          0.66803
33.255          0.97894
33.774          1.6360
34.294          1.6050
34.813          0.94991
35.333          0.66001
35.853          0.60336
36.372          0.63798
36.892          0.85854
37.411          1.4733
37.931          1.7267
38.451          1.1029
38.970          0.70610
39.490          0.61073
40.009          0.61923
40.529          0.75617
41.049          1.2461
41.568          1.7676
42.088          1.3242
42.607          0.78706
43.127          0.62440
43.647          0.60754
44.166          0.68821
44.686          1.0467
45.205          1.6925
45.725          1.5323
46.245          0.89499
46.764          0.64613
47.284          0.60277
47.803          0.65034
48.323          0.91242
48.843          1.5569
49.362          1.6741
49.882          1.0233
50.401          0.68109
50.921          0.60627
51.441          0.62725
51.960          0.80351
52.480          1.3621
52.999          1.7610
