0.0000          0.64382
0.51960         0.88485
1.0392          1.5174
1.5588          1.7036
2.0784          1.0618
2.5980          0.69297
3.1176          0.60844
3.6372          0.62269
4.1568          0.77677
4.6764          1.2992
5.1960          1.7696
5.7156          1.2713
6.2352          0.76576
6.7548          0.62083
7.2744          0.60962
7.7940          0.69975
8.3136          1.0832
8.8332          1.7160
9.3528          1.4939
9.8724          0.87067
10.392          0.64059
10.912          0.60309
11.431          0.65678
11.951          0.93769
12.470          1.5899
12.990          1.6478
13.510          0.99234
14.029          0.67188
14.549          0.60481
15.068          0.63141
15.588          0.82602
16.108          1.4107
16.627          1.7493
17.147          1.1615
17.666          0.72587
18.186          0.61409
18.706          0.61536
19.225          0.73342
19.745          1.1836
20.264          1.7559
20.784          1.3869
21.304          0.81465
21.823          0.62920
22.343          0.60550
22.862          0.67684
23.382          1.0097
23.902          1.6635
24.421          1.5693
24.941          0.92136
25.460          0.65238
25.980          0.60273
26.500          0.64481
27.019          0.89009
27.539          1.5250
28.059          1.6955
28.578          1.0516
29.098          0.68961
29.617          0.60767
30.137          0.62422
30.657          0.78653
31.176          1.3228
31.696          1.7667
32.215          1.2462
32.735          0.75616
33.255          0.61915
33.774          0.61088
34.294          0.70741
34.813          1.1066
35.333          1.7272
35.853          1.4685
36.372          0.85616
36.892          0.63746
37.411          0.60348
37.931          0.66136
38.451          0.95489
38.970          1.6098
39.490          1.6302
40.009          0.97376
40.529          0.66661
41.049          0.60413
41.568          0.63396
42.088          0.83884
42.607          1.4365
43.127          1.7423
43.647          1.1380
44.166          0.71779
44.686          0.61282
45.205          0.61663
45.725          0.74036
46.245          1.2030
46.764          1.7617
47.284          1.3690
47.803          0.80638
48.323          0.62785
48.843          0.60594
49.362          0.67850
49.882          1.0147
50.401          1.6689
50.921          1.5677
51.441          0.91954
51.960          0.65216
52.480          0.60282
52.999          0.64382
