0.0000          0.97889
0.51960         1.6358
1.0392          1.6041
1.5588          0.94923
2.0784          0.65977
2.5980          0.60329
3.1176          0.63836
3.6372          0.86061
4.1568          1.4770
4.6764          1.7245
5.1960          1.0988
5.7156          0.70476
6.2352          0.61047
6.7548          0.61957
7.2744          0.75838
7.7940          1.2522
8.3136          1.7683
8.8332          1.3180
9.3528          0.78442
9.8724          0.62395
10.392          0.60774
10.912          0.68929
11.431          1.0502
11.951          1.6956
12.470          1.5290
12.990          0.89240
13.510          0.64552
14.029          0.60274
14.549          0.65056
15.068          0.91336
15.588          1.5592
16.108          1.6745
16.627          1.0219
17.147          0.68062
17.666          0.60625
18.186          0.62711
18.706          0.80246
19.225          1.3602
19.745          1.7630
20.264          1.2110
20.784          0.74320
21.304          0.61707
21.823          0.61243
22.343          0.71579
22.862          1.1322
23.382          1.7400
23.902          1.4422
24.421          0.84167
24.941          0.63447
25.460          0.60397
25.980          0.66568
26.500          0.97072
27.019          1.6276
27.539          1.6132
28.059          0.95719
28.578          0.66192
29.098          0.60351
29.617          0.63687
30.137          0.85347
30.657          1.4642
31.176          1.7304
31.696          1.1108
32.215          0.70861
32.735          0.61112
33.255          0.61871
33.774          0.75331
34.294          1.2386
34.813          1.7666
35.333          1.3311
35.853          0.78981
36.372          0.62480
36.892          0.60732
37.411          0.68738
37.931          1.0443
38.451          1.6908
38.970          1.5336
39.490          0.89567
40.009          0.64617
40.529          0.60269
41.049          0.65052
41.568          0.91368
42.088          1.5593
42.607          1.6724
43.127          1.0201
43.647          0.67998
44.166          0.60605
44.686          0.62765
45.205          0.80597
45.725          1.3682
46.245          1.7608
46.764          1.2023
47.284          0.74005
47.803          0.61650
48.323          0.61295
48.843          0.71914
49.362          1.1423
49.882          1.7437
50.401          1.4309
50.921          0.83588
51.441          0.63330
51.960          0.60424
52.480          0.66795
52.999          0.97889
