0.0000          1.3045
0.51960         0.78319
1.0392          0.63187
1.5588          0.61101
2.0784          0.65116
2.5980          0.87696
3.1176          1.5054
3.6372          1.7798
4.1568          1.1489
4.6764          0.72789
5.1960          0.62339
5.7156          0.61446
6.2352          0.66981
6.7548          0.94934
7.2744          1.6167
7.7940          1.7260
8.3136          1.0551
8.8332          0.69940
9.3528          0.61965
9.8724          0.61761
10.392          0.68582
10.912          1.0071
11.431          1.6837
11.951          1.6705
12.470          0.99449
12.990          0.68229
13.510          0.61697
14.029          0.62030
14.549          0.70432
15.068          1.0721
15.588          1.7383
16.108          1.5967
16.627          0.93465
17.147          0.66584
17.666          0.61365
18.186          0.62473
18.706          0.73756
19.225          1.1784
19.745          1.7905
20.264          1.4712
20.784          0.85836
21.304          0.64683
21.823          0.61050
22.343          0.63485
22.862          0.80000
23.382          1.3460
23.902          1.8116
24.421          1.2939
24.941          0.77905
25.460          0.63132
25.980          0.61131
26.500          0.65201
27.019          0.87978
27.539          1.5104
28.059          1.7795
28.578          1.1460
29.098          0.72720
29.617          0.62371
30.137          0.61483
30.657          0.66904
31.176          0.94469
31.696          1.6105
32.215          1.7329
32.735          1.0634
33.255          0.70236
33.774          0.62080
34.294          0.61767
34.813          0.68142
35.333          0.98867
35.853          1.6644
36.372          1.6940
36.892          1.0172
37.411          0.68943
37.931          0.61916
38.451          0.61952
38.970          0.69189
39.490          1.0261
40.009          1.7023
40.529          1.6545
41.049          0.97993
41.568          0.67895
42.088          0.61713
42.607          0.62126
43.127          0.70646
43.647          1.0777
44.166          1.7429
44.686          1.5931
45.205          0.93214
45.725          0.66560
46.245          0.61403
46.764          0.62486
47.284          0.73602
47.803          1.1733
48.323          1.7896
48.843          1.4783
49.362          0.86211
49.882          0.64780
50.401          0.61071
50.921          0.63413
51.441          0.79544
51.960          1.3350
52.480          1.8119
52.999          1.3045
