0.0000          1.6076
0.51960         0.97317
1.0392          0.66469
1.5588          0.60466
2.0784          0.65950
2.5980          0.95432
3.1176          1.5903
3.6372          1.5719
4.1568          0.93729
4.6764          0.65498
5.1960          0.60509
5.7156          0.67170
6.2352          0.99758
6.7548          1.6260
7.2744          1.5154
7.7940          0.89479
8.3136          0.64445
8.8332          0.60830
9.3528          0.69958
9.8724          1.0864
10.392          1.6675
10.912          1.3949
11.431          0.82472
11.951          0.62910
12.470          0.61773
12.990          0.76245
13.510          1.2571
14.029          1.6855
14.549          1.2035
15.068          0.74115
15.588          0.61438
16.108          0.63485
16.627          0.85200
17.147          1.4439
17.666          1.6469
18.186          1.0431
18.706          0.68565
19.225          0.60720
19.745          0.65415
20.264          0.93333
20.784          1.5609
21.304          1.5779
21.823          0.94893
22.343          0.65824
22.862          0.60672
23.382          0.67919
23.902          1.0219
24.421          1.6347
24.941          1.4697
25.460          0.86767
25.980          0.63834
26.500          0.61299
27.019          0.73093
27.539          1.1754
28.059          1.6806
28.578          1.2836
29.098          0.77369
29.617          0.61973
30.137          0.62814
30.657          0.81944
31.176          1.3827
31.696          1.6638
32.215          1.0899
32.735          0.70094
33.255          0.60896
33.774          0.64799
34.294          0.90878
34.813          1.5304
35.333          1.6013
35.853          0.97438
36.372          0.66524
36.892          0.60623
37.411          0.66962
37.931          0.98992
38.451          1.6143
38.970          1.5120
39.490          0.89507
40.009          0.64465
40.529          0.60978
41.049          0.70831
41.568          1.1123
42.088          1.6719
42.607          1.3579
43.127          0.80697
43.647          0.62567
44.166          0.62093
44.686          0.78136
45.205          1.3026
45.725          1.6829
46.245          1.1626
46.764          0.72607
47.284          0.61204
47.803          0.63729
48.323          0.86345
48.843          1.4657
49.362          1.6468
49.882          1.0335
50.401          0.68254
50.921          0.60617
51.441          0.65016
51.960          0.91837
52.480          1.5484
52.999          1.6076
