0.0000          0.67964
0.51960         1.0241
1.0392          1.6422
1.5588          1.4792
2.0784          0.87156
2.5980          0.63910
3.1176          0.61094
3.6372          0.71860
4.1568          1.1417
4.6764          1.6799
5.1960          1.3270
5.7156          0.79235
6.2352          0.62293
6.7548          0.62354
7.2744          0.79549
7.7940          1.3330
8.3136          1.6760
8.8332          1.1338
9.3528          0.71594
9.8724          0.61083
10.392          0.64239
10.912          0.88527
11.431          1.4970
11.951          1.6215
12.470          1.0011
12.990          0.67296
13.510          0.60645
14.029          0.66320
14.549          0.96692
15.068          1.5942
15.588          1.5382
16.108          0.91517
16.627          0.64959
17.147          0.60870
17.666          0.69809
18.186          1.0812
18.706          1.6603
19.225          1.3925
19.745          0.82456
20.264          0.62918
20.784          0.61911
21.304          0.76988
21.823          1.2744
22.343          1.6807
22.862          1.1831
23.382          0.73383
23.902          0.61346
24.421          0.63792
24.941          0.86566
25.460          1.4660
25.980          1.6348
26.500          1.0236
27.019          0.67976
27.539          0.60691
28.059          0.65884
28.578          0.95097
29.098          1.5790
29.617          1.5569
30.137          0.93056
30.657          0.65349
31.176          0.60757
31.696          0.68842
32.215          1.0515
32.735          1.6497
33.255          1.4325
33.774          0.84595
34.294          0.63360
34.813          0.61532
35.333          0.74696
35.853          1.2181
36.372          1.6856
36.892          1.2424
37.411          0.75657
37.931          0.61679
38.451          0.63034
38.970          0.83077
39.490          1.4065
40.009          1.6648
40.529          1.0777
41.049          0.69669
41.568          0.60790
42.088          0.64519
42.607          0.89794
43.127          1.5202
43.647          1.6243
44.166          0.99461
44.686          0.67083
45.205          0.60497
45.725          0.65505
46.245          0.93758
46.764          1.5726
47.284          1.5911
47.803          0.95465
48.323          0.65958
48.843          0.60455
49.362          0.66386
49.882          0.97021
50.401          1.6055
50.921          1.5533
51.441          0.92186
51.960          0.65103
52.480          0.60582
52.999          0.67964
