0.0000          0.95290
0.51960         1.6077
1.0392          1.6303
1.5588          0.97399
2.0784          0.66649
2.5980          0.60399
3.1176          0.63447
3.6372          0.84211
4.1568          1.4428
4.6764          1.7383
5.1960          1.1302
5.7156          0.71507
6.2352          0.61222
6.7548          0.61738
7.2744          0.74558
7.7940          1.2177
8.3136          1.7634
8.8332          1.3524
9.3528          0.79909
9.8724          0.62646
10.392          0.60656
10.912          0.68285
11.431          1.0294
11.951          1.6799
12.470          1.5501
12.990          0.90706
13.510          0.64898
14.029          0.60270
14.549          0.64731
15.068          0.90019
15.588          1.5404
16.108          1.6873
16.627          1.0390
17.147          0.68584
17.666          0.60713
18.186          0.62518
18.706          0.79159
19.225          1.3351
19.745          1.7667
20.264          1.2356
20.784          0.75226
21.304          0.61861
21.823          0.61119
22.343          0.70853
22.862          1.1102
23.382          1.7306
23.902          1.4661
24.421          0.85450
24.941          0.63718
25.460          0.60348
25.980          0.66092
26.500          0.95311
27.019          1.6088
27.539          1.6334
28.059          0.97609
28.578          0.66728
29.098          0.60424
29.617          0.63330
30.137          0.83537
30.657          1.4298
31.176          1.7450
31.696          1.1446
32.215          0.71999
32.735          0.61318
33.255          0.61621
33.774          0.73787
34.294          1.1960
34.813          1.7599
35.333          1.3758
35.853          0.80946
36.372          0.62835
36.892          0.60577
37.411          0.67783
37.931          1.0126
38.451          1.6665
38.970          1.5684
39.490          0.92039
40.009          0.65226
40.529          0.60278
41.049          0.64431
41.568          0.88738
42.088          1.5210
42.607          1.6995
43.127          1.0568
43.647          0.69129
44.166          0.60803
44.686          0.62350
45.205          0.78204
45.725          1.3121
46.245          1.7679
46.764          1.2571
47.284          0.76025
47.803          0.61981
48.323          0.61035
48.843          0.70454
49.362          1.0983
49.882          1.7235
50.401          1.4762
50.921          0.86028
51.441          0.63821
51.960          0.60332
52.480          0.66066
52.999          0.95290
