0.0000          1.6734
0.51960         1.3675
1.0392          0.81110
1.5588          0.62640
2.0784          0.61998
2.5980          0.77580
3.1176          1.2893
3.6372          1.6837
4.1568          1.1730
4.6764          0.72955
5.1960          0.61262
5.7156          0.63770
6.2352          0.86509
6.7548          1.4666
7.2744          1.6391
7.7940          1.0259
8.3136          0.68023
8.8332          0.60663
9.3528          0.65652
9.8724          0.94251
10.392          1.5718
10.912          1.5693
11.431          0.94021
11.951          0.65590
12.470          0.60686
12.990          0.68212
13.510          1.0315
14.029          1.6405
14.549          1.4582
15.068          0.86051
15.588          0.63674
16.108          0.61370
16.627          0.73597
17.147          1.1890
17.666          1.6823
18.186          1.2695
18.706          0.76772
19.225          0.61870
19.745          0.62923
20.264          0.82495
20.784          1.3937
21.304          1.6616
21.823          1.0817
22.343          0.69818
22.862          0.60857
23.382          0.64862
23.902          0.91154
24.421          1.5347
24.941          1.6001
25.460          0.97196
25.980          0.66452
26.500          0.60606
27.019          0.66929
27.539          0.98925
28.059          1.6155
28.578          1.5136
29.098          0.89543
29.617          0.64467
30.137          0.60949
30.657          0.70680
31.176          1.1091
31.696          1.6728
32.215          1.3611
32.735          0.80821
33.255          0.62586
33.774          0.62057
34.294          0.77960
34.813          1.2993
35.333          1.6838
35.853          1.1654
36.372          0.72701
36.892          0.61216
37.411          0.63707
37.931          0.86251
38.451          1.4641
38.970          1.6471
39.490          1.0343
40.009          0.68279
40.529          0.60623
41.049          0.65031
41.568          0.91896
42.088          1.5489
42.607          1.6063
43.127          0.97205
43.647          0.66438
44.166          0.60473
44.686          0.66036
45.205          0.95748
45.725          1.5930
46.245          1.5671
46.764          0.93351
47.284          0.65400
47.803          0.60537
48.323          0.67436
48.843          1.0066
49.362          1.6316
49.882          1.5024
50.401          0.88625
50.921          0.64245
51.441          0.60928
51.960          0.70679
52.480          1.1079
52.999          1.6734
