0.0000          1.4788
0.51960         1.6429
1.0392          1.0249
1.5588          0.67989
2.0784          0.60580
2.5980          0.65054
3.1176          0.91995
3.6372          1.5513
4.1568          1.6085
4.6764          0.97293
5.1960          0.66461
5.7156          0.60446
6.2352          0.65803
6.7548          0.94892
7.2744          1.5859
7.7940          1.5811
8.3136          0.94444
8.8332          0.65684
9.3528          0.60455
9.8724          0.66639
10.392          0.97921
10.912          1.6136
11.431          1.5428
11.951          0.91362
12.470          0.64897
12.990          0.60630
13.510          0.68416
14.029          1.0387
14.549          1.6498
15.068          1.4596
15.588          0.85983
16.108          0.63650
16.627          0.61246
17.147          0.72886
17.666          1.1700
18.186          1.6833
18.706          1.2945
19.225          0.77810
19.745          0.62042
20.264          0.62659
20.784          0.81141
21.304          1.3661
21.823          1.6682
22.343          1.1047
22.862          0.70591
23.382          0.60962
23.902          0.64655
24.421          0.90260
24.941          1.5209
25.460          1.6043
25.980          0.97990
26.500          0.66688
27.019          0.60669
27.539          0.67082
28.059          0.99348
28.578          1.6142
29.098          1.5025
29.617          0.88972
30.137          0.64348
30.657          0.61125
31.176          0.71738
31.696          1.1374
32.215          1.6734
32.735          1.3233
33.255          0.79136
33.774          0.62289
34.294          0.62530
34.813          0.80446
35.333          1.3514
35.853          1.6682
36.372          1.1132
36.892          0.70894
37.411          0.61017
37.931          0.64651
38.451          0.90237
38.970          1.5202
39.490          1.6029
40.009          0.97899
40.529          0.66666
41.049          0.60673
41.568          0.67130
42.088          0.99524
42.607          1.6159
43.127          1.5015
43.647          0.88900
44.166          0.64331
44.686          0.61083
45.205          0.71530
45.725          1.1319
46.245          1.6746
46.764          1.3343
47.284          0.79629
47.803          0.62373
48.323          0.62295
48.843          0.79234
49.362          1.3268
49.882          1.6797
50.401          1.1418
50.921          0.71869
51.441          0.61096
51.960          0.63902
52.480          0.87120
52.999          1.4788
