0.0000          1.5728
0.51960         0.91816
1.0392          0.66177
1.5588          0.61312
2.0784          0.62633
2.5980          0.74708
3.1176          1.2063
3.6372          1.7991
4.1568          1.4403
4.6764          0.84267
5.1960          0.64342
5.7156          0.61031
6.2352          0.63757
6.7548          0.81409
7.2744          1.3789
7.7940          1.8090
8.3136          1.2623
8.8332          0.76700
9.3528          0.62925
9.8724          0.61179
10.392          0.65560
10.912          0.89474
11.431          1.5359
11.951          1.7690
12.470          1.1236
12.990          0.71995
13.510          0.62250
14.029          0.61533
14.549          0.67294
15.068          0.96006
15.588          1.6305
16.108          1.7178
16.627          1.0444
17.147          0.69654
17.666          0.61954
18.186          0.61814
18.706          0.68725
19.225          1.0113
19.745          1.6880
20.264          1.6676
20.784          0.99167
21.304          0.68174
21.823          0.61715
22.343          0.62050
22.862          0.70402
23.382          1.0705
23.902          1.7376
24.421          1.5997
24.941          0.93676
25.460          0.66657
25.980          0.61396
26.500          0.62446
27.019          0.73478
27.539          1.1700
28.059          1.7883
28.578          1.4812
29.098          0.86364
29.617          0.64809
30.137          0.61068
30.657          0.63389
31.176          0.79446
31.696          1.3328
32.215          1.8122
32.735          1.3069
33.255          0.78410
33.774          0.63214
34.294          0.61108
34.813          0.65068
35.333          0.87436
35.853          1.5008
36.372          1.7826
36.892          1.1539
37.411          0.72964
37.931          0.62394
38.451          0.61454
38.970          0.66824
39.490          0.94214
40.009          1.6071
40.529          1.7344
41.049          1.0656
41.568          0.70286
42.088          0.62069
42.607          0.61750
43.127          0.68157
43.647          0.98986
44.166          1.6657
44.686          1.6918
45.205          1.0150
45.725          0.68862
46.245          0.61879
46.764          0.61952
47.284          0.69352
47.803          1.0326
48.323          1.7080
48.843          1.6461
49.362          0.97273
49.882          0.67675
50.401          0.61647
50.921          0.62165
51.441          0.71112
51.960          1.0939
52.480          1.7531
52.999          1.5728
