0.0000          1.3659
0.51960         0.81041
1.0392          0.62629
1.5588          0.62023
2.0784          0.77708
2.5980          1.2918
3.1176          1.6821
3.6372          1.1701
4.1568          0.72868
4.6764          0.61256
5.1960          0.63854
5.7156          0.86868
6.2352          1.4716
6.7548          1.6342
7.2744          1.0202
7.7940          0.67855
8.3136          0.60675
8.8332          0.65921
9.3528          0.95240
9.8724          1.5805
10.392          1.5549
10.912          0.92864
11.431          0.65297
11.951          0.60789
12.470          0.69069
12.990          1.0585
13.510          1.6516
14.029          1.4208
14.549          0.83957
15.068          0.63226
15.588          0.61692
16.108          0.75643
16.627          1.2416
17.147          1.6822
17.666          1.2143
18.186          0.74568
18.706          0.61524
19.225          0.63485
19.745          0.85174
20.264          1.4425
20.784          1.6442
21.304          1.0416
21.823          0.68534
22.343          0.60736
22.862          0.65558
23.382          0.93879
23.902          1.5666
24.421          1.5701
24.941          0.94218
25.460          0.65648
25.980          0.60704
26.500          0.68273
27.019          1.0340
27.539          1.6422
28.059          1.4540
28.578          0.85791
29.098          0.63613
29.617          0.61376
30.137          0.73708
30.657          1.1931
31.176          1.6847
31.696          1.2673
32.215          0.76670
32.735          0.61845
33.255          0.62827
33.774          0.82060
34.294          1.3868
34.813          1.6695
35.333          1.0929
35.853          0.70173
36.372          0.60857
36.892          0.64366
37.411          0.89147
37.931          1.5107
38.451          1.6291
38.970          1.0016
39.490          0.67289
40.009          0.60513
40.529          0.65383
41.049          0.93289
41.568          1.5673
42.088          1.5961
42.607          0.95957
43.127          0.66092
43.647          0.60447
44.166          0.66199
44.686          0.96347
45.205          1.5997
45.725          1.5624
46.245          0.92893
46.764          0.65281
47.284          0.60534
47.803          0.67511
48.323          1.0091
48.843          1.6337
49.362          1.5003
49.882          0.88469
50.401          0.64209
50.921          0.60935
51.441          0.70736
51.960          1.1094
52.480          1.6736
52.999          1.3659
