0.0000          1.6323
0.51960         1.5039
1.0392          0.88705
1.5588          0.64264
2.0784          0.60907
2.5980          0.70531
3.1176          1.1034
3.6372          1.6720
4.1568          1.3734
4.6764          0.81421
5.1960          0.62704
5.7156          0.61962
6.2352          0.77348
6.7548          1.2833
7.2744          1.6827
7.7940          1.1777
8.3136          0.73158
8.8332          0.61300
9.3528          0.63783
9.8724          0.86552
10.392          1.4666
10.912          1.6361
11.431          1.0238
11.951          0.67969
12.470          0.60687
12.990          0.65874
13.510          0.95058
14.029          1.5785
14.549          1.5564
15.068          0.93013
15.588          0.65336
16.108          0.60790
16.627          0.69038
17.147          1.0575
17.666          1.6509
18.186          1.4217
18.706          0.84011
19.225          0.63238
19.745          0.61692
20.264          0.75637
20.784          1.2414
21.304          1.6819
21.823          1.2142
22.343          0.74564
22.862          0.61524
23.382          0.63497
23.902          0.85225
24.421          1.4434
24.941          1.6435
25.460          1.0406
25.980          0.68502
26.500          0.60736
27.019          0.65596
27.539          0.94024
28.059          1.5681
28.578          1.5682
29.098          0.94037
29.617          0.65601
30.137          0.60714
30.657          0.68378
31.176          1.0374
31.696          1.6442
32.215          1.4491
32.735          0.85489
33.255          0.63545
33.774          0.61413
34.294          0.73962
34.813          1.2001
35.333          1.6853
35.853          1.2599
36.372          0.76358
36.892          0.61792
37.411          0.62888
37.931          0.82370
38.451          1.3930
38.970          1.6682
39.490          1.0881
40.009          0.70013
40.529          0.60835
41.049          0.64408
41.568          0.89327
42.088          1.5135
42.607          1.6280
43.127          0.99982
43.647          0.67236
44.166          0.60506
44.686          0.65396
45.205          0.93340
45.725          1.5680
46.245          1.5960
46.764          0.95929
47.284          0.66084
47.803          0.60444
48.323          0.66182
48.843          0.96285
49.362          1.5993
49.882          1.5636
50.401          0.92976
50.921          0.65302
51.441          0.60525
51.960          0.67436
52.480          1.0066
52.999          1.6323
