0.0000          1.3655
0.51960         1.7623
1.0392          1.2059
1.5588          0.74133
2.0784          0.61676
2.5980          0.61268
3.1176          0.71722
3.6372          1.1365
4.1568          1.7419
4.6764          1.4376
5.1960          0.83915
5.7156          0.63395
6.2352          0.60405
6.7548          0.66655
7.2744          0.97397
7.7940          1.6314
8.3136          1.6095
8.8332          0.95335
9.3528          0.66082
9.8724          0.60335
10.392          0.63747
10.912          0.85667
11.431          1.4710
11.951          1.7289
12.470          1.1037
12.990          0.70607
13.510          0.61071
14.029          0.61915
14.549          0.75585
15.068          1.2457
15.588          1.7683
16.108          1.3239
16.627          0.78646
17.147          0.62418
17.666          0.60756
18.186          0.68886
18.706          1.0491
19.225          1.6943
19.745          1.5286
20.264          0.89221
20.784          0.64534
21.304          0.60270
21.823          0.65140
22.343          0.91727
22.862          1.5642
23.382          1.6687
23.902          1.0155
24.421          0.67858
24.941          0.60580
25.460          0.62814
25.980          0.80892
26.500          1.3754
27.019          1.7600
27.539          1.1954
28.059          0.73752
28.578          0.61608
29.098          0.61321
29.617          0.72058
30.137          1.1475
30.657          1.7472
31.176          1.4250
31.696          0.83253
32.215          0.63261
32.735          0.60435
33.255          0.66892
33.774          0.98246
34.294          1.6401
34.813          1.6001
35.333          0.94528
35.853          0.65866
36.372          0.60316
36.892          0.63911
37.411          0.86418
37.931          1.4834
38.451          1.7215
38.970          1.0927
39.490          0.70277
40.009          0.61012
40.529          0.62005
41.049          0.76128
41.568          1.2598
42.088          1.7690
42.607          1.3103
43.127          0.78124
43.647          0.62342
44.166          0.60802
44.686          0.69084
45.205          1.0552
45.725          1.6990
46.245          1.5239
46.764          0.88907
47.284          0.64475
47.803          0.60277
48.323          0.65133
48.843          0.91640
49.362          1.5634
49.882          1.6715
50.401          1.0181
50.921          0.67949
51.441          0.60607
51.960          0.62753
52.480          0.80478
52.999          1.3655
