0.0000          0.64631
0.51960         0.60270
1.0392          0.65002
1.5588          0.91140
2.0784          1.5563
2.5980          1.6757
3.1176          1.0237
3.6372          0.68112
4.1568          0.60629
4.6764          0.62704
5.1960          0.80231
5.7156          1.3599
6.2352          1.7627
6.7548          1.2108
7.2744          0.74311
7.7940          0.61703
8.3136          0.61248
8.8332          0.71628
9.3528          1.1337
9.8724          1.7404
10.392          1.4402
10.912          0.84067
11.431          0.63426
11.951          0.60403
12.470          0.66623
12.990          0.97271
13.510          1.6295
14.029          1.6107
14.549          0.95519
15.068          0.66138
15.588          0.60346
16.108          0.63731
16.627          0.85557
17.147          1.4679
17.666          1.7286
18.186          1.1073
18.706          0.70750
19.225          0.61094
19.745          0.61896
20.264          0.75483
20.784          1.2427
21.304          1.7671
21.823          1.3272
22.343          0.78825
22.862          0.62457
23.382          0.60744
23.902          0.68784
24.421          1.0457
24.941          1.6920
25.460          1.5329
25.980          0.89511
26.500          0.64609
27.019          0.60271
27.539          0.65030
28.059          0.91258
28.578          1.5579
29.098          1.6743
29.617          1.0221
30.137          0.68064
30.657          0.60620
31.176          0.62724
31.696          0.80346
32.215          1.3625
32.735          1.7623
33.255          1.2083
33.774          0.74222
34.294          0.61689
34.813          0.61260
35.333          0.71692
35.853          1.1356
36.372          1.7412
36.892          1.4383
37.411          0.83968
37.931          0.63408
38.451          0.60407
38.970          0.66644
39.490          0.97344
40.009          1.6303
40.529          1.6102
41.049          0.95466
41.568          0.66125
42.088          0.60345
42.607          0.63732
43.127          0.85555
43.647          1.4679
44.166          1.7288
44.686          1.1075
45.205          0.70759
45.725          0.61097
46.245          0.61892
46.764          0.75448
47.284          1.2417
47.803          1.7671
48.323          1.3283
48.843          0.78872
49.362          0.62466
49.882          0.60739
50.401          0.68749
50.921          1.0445
51.441          1.6913
51.960          1.5343
52.480          0.89601
52.999          0.64631
