0.0000          1.4629
0.51960         1.7918
1.0392          1.1858
1.5588          0.74028
2.0784          0.62508
2.5980          0.61342
3.1176          0.66509
3.6372          0.93204
4.1568          1.5927
4.6764          1.7397
5.1960          1.0751
5.7156          0.70518
6.2352          0.62032
6.7548          0.61682
7.2744          0.68210
7.7940          0.99420
8.3136          1.6701
8.8332          1.6833
9.3528          1.0069
9.8724          0.68566
10.392          0.61747
10.912          0.61964
11.431          0.70004
11.951          1.0576
12.470          1.7279
12.990          1.6131
13.510          0.94666
14.029          0.66900
14.549          0.61421
15.068          0.62364
15.588          0.73019
16.108          1.1561
16.627          1.7823
17.147          1.4967
17.666          0.87214
18.186          0.64997
18.706          0.61081
19.225          0.63270
19.745          0.78812
20.264          1.3163
20.784          1.8116
21.304          1.3231
21.823          0.79063
22.343          0.63328
22.862          0.61088
23.382          0.64911
23.902          0.86761
24.421          1.4879
24.941          1.7864
25.460          1.1651
25.980          0.73337
26.500          0.62454
27.019          0.61430
27.539          0.66663
28.059          0.93575
28.578          1.5979
29.098          1.7402
29.617          1.0739
30.137          0.70542
30.657          0.62120
31.176          0.61731
31.696          0.67945
32.215          0.98147
32.735          1.6562
33.255          1.7012
33.774          1.0249
34.294          0.69164
34.813          0.61957
35.333          0.61924
35.853          0.68944
36.372          1.0170
36.892          1.6938
37.411          1.6651
37.931          0.98925
38.451          0.68165
38.970          0.61779
39.490          0.62079
40.009          0.70175
40.529          1.0611
41.049          1.7313
41.568          1.6135
42.088          0.94695
42.607          0.66970
43.127          0.61502
43.647          0.62352
44.166          0.72543
44.686          1.1404
45.205          1.7771
45.725          1.5172
46.245          0.88372
46.764          0.65300
47.284          0.61149
47.803          0.63075
48.323          0.77547
48.843          1.2844
49.362          1.8107
49.882          1.3558
50.401          0.80433
50.921          0.63566
51.441          0.61041
51.960          0.64590
52.480          0.85422
52.999          1.4629
