0.0000          0.84370
0.51960         0.63489
1.0392          0.60388
1.5588          0.66497
2.0784          0.96816
2.5980          1.6250
3.1176          1.6160
3.6372          0.95982
4.1568          0.66267
4.6764          0.60361
5.1960          0.63633
5.7156          0.85075
6.2352          1.4592
6.7548          1.7329
7.2744          1.1159
7.7940          0.71037
8.3136          0.61147
8.8332          0.61826
9.3528          0.75044
9.8724          1.2308
10.392          1.7659
10.912          1.3396
11.431          0.79348
11.951          0.62549
12.470          0.60697
12.990          0.68507
13.510          1.0367
14.029          1.6857
14.549          1.5428
15.068          0.90173
15.588          0.64767
16.108          0.60268
16.627          0.64852
17.147          0.90527
17.666          1.5479
18.186          1.6822
18.706          1.0317
19.225          0.68351
19.745          0.60671
20.264          0.62606
20.784          0.79671
21.304          1.3471
21.823          1.7651
22.343          1.2232
22.862          0.74749
23.382          0.61775
23.902          0.61186
24.421          0.71272
24.941          1.1231
25.460          1.7360
25.980          1.4513
26.500          0.84643
27.019          0.63541
27.539          0.60378
28.059          0.66435
28.578          0.96602
29.098          1.6225
29.617          1.6177
30.137          0.96156
30.657          0.66311
31.176          0.60364
31.696          0.63622
32.215          0.85038
32.735          1.4585
33.255          1.7327
33.774          1.1161
34.294          0.71041
34.813          0.61144
35.333          0.61831
35.853          0.75095
36.372          1.2323
36.892          1.7659
37.411          1.3377
37.931          0.79267
38.451          0.62533
38.970          0.60706
39.490          0.68576
40.009          1.0390
40.529          1.6872
41.049          1.5398
41.568          0.89979
42.088          0.64719
42.607          0.60268
43.127          0.64919
43.647          0.90811
44.166          1.5518
44.686          1.6788
45.205          1.0278
45.725          0.68235
46.245          0.60648
46.764          0.62655
47.284          0.79964
47.803          1.3541
48.323          1.7639
48.843          1.2165
49.362          0.74517
49.882          0.61739
50.401          0.61217
50.921          0.71437
51.441          1.1282
51.960          1.7385
52.480          1.4461
52.999          0.84370
