0.0000          0.62253
0.51960         0.61598
1.0392          0.67343
1.5588          0.96000
2.0784          1.6305
2.5980          1.7208
3.1176          1.0474
3.6372          0.69796
4.1568          0.62045
4.6764          0.61837
5.1960          0.68395
5.7156          0.99712
6.2352          1.6738
6.7548          1.6865
7.2744          1.0094
7.7940          0.68738
8.3136          0.61898
8.8332          0.61991
9.3528          0.69362
9.8724          1.0319
10.392          1.7077
10.912          1.6485
11.431          0.97470
11.951          0.67755
12.470          0.61691
12.990          0.62157
13.510          0.70862
14.029          1.0849
14.549          1.7476
15.068          1.5846
15.588          0.92625
16.108          0.66403
16.627          0.61370
17.147          0.62547
17.666          0.74032
18.186          1.1861
18.706          1.7934
19.225          1.4635
19.745          0.85449
20.264          0.64603
20.784          0.61050
21.304          0.63550
21.823          0.80316
22.343          1.3533
22.862          1.8105
23.382          1.2865
23.902          0.77616
24.421          0.63059
24.941          0.61122
25.460          0.65328
25.980          0.88609
26.500          1.5212
27.019          1.7735
27.539          1.1347
28.059          0.72323
28.578          0.62260
29.098          0.61478
29.617          0.67230
30.137          0.95915
30.657          1.6293
31.176          1.7163
31.696          1.0431
32.215          0.69576
32.735          0.61890
33.255          0.61798
33.774          0.68965
34.294          1.0215
34.813          1.6974
35.333          1.6536
35.853          0.97932
36.372          0.67787
36.892          0.61590
37.411          0.62117
37.931          0.71243
38.451          1.0998
38.970          1.7556
39.490          1.5627
40.009          0.91159
40.529          0.65968
41.049          0.61232
41.568          0.62727
42.088          0.75537
42.607          1.2302
43.127          1.8033
43.647          1.4130
44.166          0.82970
44.686          0.64066
45.205          0.61019
45.725          0.64025
46.245          0.82772
46.764          1.4086
47.284          1.8047
47.803          1.2351
48.323          0.75728
48.843          0.62793
49.362          0.61251
49.882          0.65834
50.401          0.90466
50.921          1.5517
51.441          1.7634
51.960          1.1120
52.480          0.71672
52.999          0.62253
