0.0000          0.88827
0.51960         0.64440
1.0392          0.60275
1.5588          0.65278
2.0784          0.92290
2.5980          1.5714
3.1176          1.6620
3.6372          1.0080
4.1568          0.67632
4.6764          0.60541
5.1960          0.62938
5.7156          0.81564
6.2352          1.3893
6.7548          1.7556
7.2744          1.1816
7.7940          0.73269
8.3136          0.61524
8.8332          0.61413
9.3528          0.72614
9.8724          1.1628
10.392          1.7505
10.912          1.4093
11.431          0.82521
11.951          0.63124
12.470          0.60481
12.990          0.67192
13.510          0.99271
14.029          1.6489
14.549          1.5893
15.068          0.93686
15.588          0.65651
16.108          0.60303
16.627          0.64075
17.147          0.87157
17.666          1.4957
18.186          1.7150
18.706          1.0813
19.225          0.69911
19.745          0.60948
20.264          0.62101
20.784          0.76698
21.304          1.2745
21.823          1.7696
22.343          1.2958
22.862          0.77541
23.382          0.62246
23.902          0.60858
24.421          0.69381
24.941          1.0646
25.460          1.7053
25.980          1.5144
26.500          0.88295
27.019          0.64338
27.539          0.60284
28.059          0.65271
28.578          0.92177
29.098          1.5706
29.617          1.6664
30.137          1.0118
30.657          0.67764
31.176          0.60580
31.696          0.62824
32.215          0.80854
32.735          1.3738
33.255          1.7607
33.774          1.1983
34.294          0.73865
34.813          0.61634
35.333          0.61307
35.853          0.71934
36.372          1.1426
36.892          1.7441
37.411          1.4315
37.931          0.83617
38.451          0.63340
38.970          0.60422
39.490          0.66752
40.009          0.97714
40.529          1.6340
41.049          1.6064
41.568          0.95123
42.088          0.66031
42.607          0.60336
43.127          0.63800
43.647          0.85879
44.166          1.4736
44.686          1.7258
45.205          1.1017
45.725          0.70565
46.245          0.61058
46.764          0.61947
47.284          0.75798
47.803          1.2510
48.323          1.7675
48.843          1.3181
49.362          0.78445
49.882          0.62385
50.401          0.60783
50.921          0.69048
51.441          1.0544
51.960          1.6974
52.480          1.5223
52.999          0.88827
