0.0000          1.7630
0.51960         1.3521
1.0392          0.79888
1.5588          0.62632
2.0784          0.60664
2.5980          0.68392
3.1176          1.0333
3.6372          1.6821
4.1568          1.5437
4.6764          0.90278
5.1960          0.64776
5.7156          0.60264
6.2352          0.64948
6.7548          0.90985
7.2744          1.5537
7.7940          1.6748
8.3136          1.0239
8.8332          0.68105
9.3528          0.60615
9.8724          0.62746
10.392          0.80530
10.912          1.3666
11.431          1.7604
11.951          1.2032
12.470          0.74036
12.990          0.61652
13.510          0.61297
14.029          0.71944
14.549          1.1432
15.068          1.7437
15.588          1.4297
16.108          0.83541
16.627          0.63323
17.147          0.60428
17.666          0.66813
18.186          0.97945
18.706          1.6363
19.225          1.6038
19.745          0.94909
20.264          0.65978
20.784          0.60333
21.304          0.63824
21.823          0.85985
22.343          1.4756
22.862          1.7257
23.382          1.1008
23.902          0.70546
24.421          0.61065
24.941          0.61932
25.460          0.75660
25.980          1.2473
26.500          1.7683
27.019          1.3237
27.539          0.78685
28.059          0.62444
28.578          0.60748
29.098          0.68734
29.617          1.0437
30.137          1.6915
30.657          1.5372
31.176          0.89780
31.696          0.64688
32.215          0.60274
32.735          0.64862
33.255          0.90502
33.774          1.5477
34.294          1.6842
34.813          1.0339
35.333          0.68432
35.853          0.60695
36.372          0.62551
36.892          0.79302
37.411          1.3384
37.931          1.7667
38.451          1.2330
38.970          0.75125
39.490          0.61843
40.009          0.61132
40.529          0.70923
41.049          1.1123
41.568          1.7313
42.088          1.4635
42.607          0.85309
43.127          0.63682
43.647          0.60354
44.166          0.66189
44.686          0.95688
45.205          1.6126
45.725          1.6279
46.245          0.97122
46.764          0.66580
47.284          0.60398
47.803          0.63457
48.323          0.84216
48.843          1.4428
49.362          1.7388
49.882          1.1307
50.401          0.71523
50.921          0.61224
51.441          0.61737
51.960          0.74546
52.480          1.2173
52.999          1.7630
