0.0000          0.61020
0.51960         0.64059
1.0392          0.82938
1.5588          1.4126
2.0784          1.8045
2.5980          1.2313
3.1176          0.75586
3.6372          0.62768
4.1568          0.61256
4.6764          0.65879
5.1960          0.90656
5.7156          1.5549
6.2352          1.7619
6.7548          1.1091
7.2744          0.71576
7.7940          0.62233
8.3136          0.61602
8.8332          0.67408
9.3528          0.96269
9.8724          1.6338
10.392          1.7179
10.912          1.0440
11.431          0.69689
11.951          0.62018
12.470          0.61844
12.990          0.68518
13.510          1.0020
14.029          1.6787
14.549          1.6808
15.068          1.0039
15.588          0.68573
16.108          0.61854
16.627          0.62009
17.147          0.69618
17.666          1.0414
18.186          1.7157
18.706          1.6368
19.225          0.96512
19.745          0.67477
20.264          0.61618
20.784          0.62216
21.304          0.71434
21.823          1.1044
22.343          1.7593
22.862          1.5606
23.382          0.91023
23.902          0.65975
24.421          0.61276
24.941          0.62723
25.460          0.75286
25.980          1.2228
26.500          1.8028
27.019          1.4220
27.539          0.83382
28.059          0.64152
28.578          0.61022
29.098          0.63932
29.617          0.82304
30.137          1.3988
30.657          1.8062
31.176          1.2434
31.696          0.76004
32.215          0.62808
32.735          0.61211
33.255          0.65793
33.774          0.90435
34.294          1.5515
34.813          1.7616
35.333          1.1098
35.853          0.71558
36.372          0.62174
36.892          0.61566
37.411          0.67565
37.931          0.97068
38.451          1.6435
38.970          1.7068
39.490          1.0317
40.009          0.69270
40.529          0.61868
41.049          0.61853
41.568          0.69173
42.088          1.0283
42.607          1.7037
43.127          1.6474
43.647          0.97392
44.166          0.67655
44.686          0.61584
45.205          0.62153
45.725          0.71391
46.245          1.1043
46.764          1.7586
47.284          1.5580
47.803          0.90850
48.323          0.65899
48.843          0.61230
49.362          0.62757
49.882          0.75677
50.401          1.2343
50.921          1.8047
51.441          1.4086
51.960          0.82755
52.480          0.64023
52.999          0.61020
