0.0000          0.60962
0.51960         0.70936
1.0392          1.1152
1.5588          1.6749
2.0784          1.3588
2.5980          0.80708
3.1176          0.62567
3.6372          0.62091
4.1568          0.78080
4.6764          1.3000
5.1960          1.6801
5.7156          1.1625
6.2352          0.72625
6.7548          0.61233
7.2744          0.63978
7.7940          0.87374
8.3136          1.4784
8.8332          1.6283
9.3528          1.0138
9.8724          0.67682
10.392          0.60692
10.912          0.66209
11.431          0.96261
11.951          1.5887
12.470          1.5400
12.990          0.91759
13.510          0.65026
14.029          0.60903
14.549          0.69942
15.068          1.0850
15.588          1.6601
16.108          1.3855
16.627          0.82125
17.147          0.62856
17.666          0.62007
18.186          0.77525
18.706          1.2868
19.225          1.6781
19.745          1.1701
20.264          0.72913
20.784          0.61287
21.304          0.63989
21.823          0.87423
22.343          1.4790
22.862          1.6264
23.382          1.0117
23.902          0.67622
24.421          0.60692
24.941          0.66266
25.460          0.96479
25.980          1.5911
26.500          1.5386
27.019          0.91629
27.539          0.64992
28.059          0.60869
28.578          0.69788
29.098          1.0806
29.617          1.6605
30.137          1.3951
30.657          0.82600
31.176          0.62948
31.696          0.61823
32.215          0.76508
32.735          1.2635
33.255          1.6852
33.774          1.1981
34.294          0.73933
34.813          0.61406
35.333          0.63407
35.853          0.84863
36.372          1.4399
36.892          1.6560
37.411          1.0530
37.931          0.68868
38.451          0.60685
38.970          0.64744
39.490          0.90735
40.009          1.5341
40.529          1.6184
41.049          0.98554
41.568          0.66819
42.088          0.60467
42.607          0.65573
43.127          0.94023
43.647          1.5764
44.166          1.5904
44.686          0.95314
45.205          0.65917
45.725          0.60439
46.245          0.66305
46.764          0.96733
47.284          1.6037
47.803          1.5588
48.323          0.92571
48.843          0.65199
49.362          0.60540
49.882          0.67615
50.401          1.0126
50.921          1.6362
51.441          1.4960
51.960          0.88187
52.480          0.64144
52.999          0.60962
