0.0000          0.70668
0.51960         1.1069
1.0392          1.6681
1.5588          1.3613
2.0784          0.80897
2.5980          0.62612
3.1176          0.62158
3.6372          0.78431
4.1568          1.3081
4.6764          1.6776
5.1960          1.1529
5.7156          0.72277
6.2352          0.61185
6.7548          0.64078
7.2744          0.87836
7.7940          1.4866
8.3136          1.6265
8.8332          1.0087
9.3528          0.67522
9.8724          0.60649
10.392          0.66100
10.912          0.95911
11.431          1.5879
11.951          1.5492
12.470          0.92346
12.990          0.65164
13.510          0.60772
14.029          0.69085
14.549          1.0594
15.068          1.6542
15.588          1.4231
16.108          0.84040
16.627          0.63239
17.147          0.61590
17.666          0.75096
18.186          1.2288
18.706          1.6864
19.225          1.2317
19.745          0.75221
20.264          0.61606
20.784          0.63120
21.304          0.83505
21.823          1.4148
22.343          1.6628
22.862          1.0713
23.382          0.69459
23.902          0.60763
24.421          0.64587
24.941          0.90080
25.460          1.5243
25.980          1.6220
26.500          0.99145
27.019          0.66991
27.539          0.60492
28.059          0.65571
28.578          0.94013
29.098          1.5754
29.617          1.5881
30.137          0.95186
30.657          0.65883
31.176          0.60463
31.696          0.66515
32.215          0.97482
32.735          1.6092
33.255          1.5467
33.774          0.91698
34.294          0.64981
34.813          0.60623
35.333          0.68316
35.853          1.0354
36.372          1.6478
36.892          1.4631
37.411          0.86194
37.931          0.63695
38.451          0.61224
38.970          0.72740
39.490          1.1662
40.009          1.6832
40.529          1.2983
41.049          0.77957
41.568          0.62063
42.088          0.62612
42.607          0.80930
43.127          1.3625
43.647          1.6703
44.166          1.1080
44.686          0.70690
45.205          0.60965
45.725          0.64551
46.245          0.89853
46.764          1.5164
47.284          1.6102
47.803          0.98544
48.323          0.66837
48.843          0.60636
49.362          0.66732
49.882          0.98162
50.401          1.6067
50.921          1.5202
51.441          0.90153
51.960          0.64625
52.480          0.60973
52.999          0.70668
