0.0000          0.61694
0.51960         0.74319
1.0392          1.2115
1.5588          1.7625
2.0784          1.3585
2.5980          0.80172
3.1176          0.62693
3.6372          0.60632
4.1568          0.68139
4.6764          1.0252
5.1960          1.6775
5.7156          1.5545
6.2352          0.90989
6.7548          0.64965
7.2744          0.60268
7.7940          0.64650
8.3136          0.89691
8.8332          1.5360
9.3528          1.6909
9.8724          1.0435
10.392          0.68724
10.912          0.60739
11.431          0.62459
11.951          0.78811
12.470          1.3269
12.990          1.7680
13.510          1.2442
14.029          0.75547
14.549          0.61919
15.068          0.61073
15.588          0.70562
16.108          1.1012
16.627          1.7266
17.147          1.4765
17.666          0.86030
18.186          0.63847
18.706          0.60330
19.225          0.65857
19.745          0.94404
20.264          1.5987
20.784          1.6443
21.304          0.98675
21.823          0.67039
22.343          0.60474
22.862          0.63140
23.382          0.82523
23.902          1.4094
24.421          1.7523
24.941          1.1649
25.460          0.72695
25.980          0.61441
26.500          0.61489
27.019          0.72972
27.539          1.1728
28.059          1.7542
28.578          1.4004
29.098          0.82090
29.617          0.63048
30.137          0.60503
30.657          0.67301
31.176          0.99615
31.696          1.6522
32.215          1.5862
32.735          0.93425
33.255          0.65581
33.774          0.60298
34.294          0.64137
34.813          0.87433
35.333          1.5000
35.853          1.7116
36.372          1.0764
36.892          0.69747
37.411          0.60910
37.931          0.62169
38.451          0.77148
38.970          1.2859
39.490          1.7684
40.009          1.2826
40.529          0.77010
41.049          0.62139
41.568          0.60930
42.088          0.69902
42.607          1.0814
43.127          1.7138
43.647          1.4928
44.166          0.87002
44.686          0.64023
45.205          0.60307
45.725          0.65843
46.245          0.94492
46.764          1.5982
47.284          1.6374
47.803          0.98155
48.323          0.66856
48.843          0.60420
49.362          0.63358
49.882          0.83797
50.401          1.4349
50.921          1.7407
51.441          1.1370
51.960          0.71735
52.480          0.61257
52.999          0.61694
