0.0000          1.8114
0.51960         1.2933
1.0392          0.77889
1.5588          0.63129
2.0784          0.61132
2.5980          0.65208
3.1176          0.88004
3.6372          1.5107
4.1568          1.7792
4.6764          1.1457
5.1960          0.72712
5.7156          0.62370
6.2352          0.61483
6.7548          0.66912
7.2744          0.94500
7.7940          1.6109
8.3136          1.7326
8.8332          1.0630
9.3528          0.70224
9.8724          0.62077
10.392          0.61768
10.912          0.68155
11.431          0.98922
11.951          1.6650
12.470          1.6933
12.990          1.0166
13.510          0.68922
14.029          0.61910
14.549          0.61954
15.068          0.69220
15.588          1.0273
16.108          1.7033
16.627          1.6531
17.147          0.97867
17.666          0.67857
18.186          0.61703
18.706          0.62133
19.225          0.70722
19.745          1.0803
20.264          1.7446
20.784          1.5898
21.304          0.92986
21.823          0.66497
22.343          0.61388
22.862          0.62510
23.382          0.73782
23.902          1.1787
24.421          1.7912
24.941          1.4720
25.460          0.85889
25.980          0.64706
26.500          0.61063
27.019          0.63468
27.539          0.79854
28.059          1.3423
28.578          1.8115
29.098          1.2974
29.617          0.78039
30.137          0.63140
30.657          0.61113
31.176          0.65190
31.696          0.87995
32.215          1.5106
32.735          1.7782
33.255          1.1444
33.774          0.72642
34.294          0.62321
34.813          0.61461
35.333          0.67037
35.853          0.95130
36.372          1.6193
36.892          1.7245
37.411          1.0530
37.931          0.69881
38.451          0.61960
38.970          0.61770
39.490          0.68619
40.009          1.0084
40.529          1.6849
41.049          1.6694
41.568          0.99341
42.088          0.68201
42.607          0.61695
43.127          0.62036
43.647          0.70459
44.166          1.0730
44.686          1.7390
45.205          1.5957
45.725          0.93394
46.245          0.66568
46.764          0.61363
47.284          0.62478
47.803          0.73779
48.323          1.1793
48.843          1.7910
49.362          1.4702
49.882          0.85789
50.401          0.64675
50.921          0.61051
51.441          0.63491
51.960          0.80028
52.480          1.3467
52.999          1.8114
