0.0000          0.66389
0.51960         0.60363
1.0392          0.63631
1.5588          0.85137
2.0784          1.4601
2.5980          1.7305
3.1176          1.1130
3.6372          0.70935
4.1568          0.61117
4.6764          0.61871
5.1960          0.75379
5.7156          1.2400
6.2352          1.7662
6.7548          1.3293
7.2744          0.78918
7.7940          0.62472
8.3136          0.60739
8.8332          0.68772
9.3528          1.0454
9.8724          1.6916
10.392          1.5331
10.912          0.89536
11.431          0.64618
11.951          0.60272
12.470          0.65016
12.990          0.91191
13.510          1.5570
14.029          1.6755
14.549          1.0235
15.068          0.68113
15.588          0.60634
16.108          0.62692
16.627          0.80142
17.147          1.3579
17.666          1.7636
18.186          1.2137
18.706          0.74425
19.225          0.61731
19.745          0.61222
20.264          0.71423
20.784          1.1274
21.304          1.7385
21.823          1.4485
22.343          0.84501
22.862          0.63527
23.382          0.60382
23.902          0.66360
24.421          0.96273
24.941          1.6197
25.460          1.6239
25.980          0.96672
26.500          0.66470
27.019          0.60395
27.539          0.63461
28.059          0.84172
28.578          1.4422
29.098          1.7410
29.617          1.1334
30.137          0.71623
30.657          0.61257
31.176          0.61690
31.696          0.74179
32.215          1.2069
32.735          1.7624
33.255          1.3649
33.774          0.80452
34.294          0.62747
34.813          0.60611
35.333          0.67976
35.853          1.0190
36.372          1.6719
36.892          1.5619
37.411          0.91546
37.931          0.65104
38.451          0.60274
38.970          0.64537
39.490          0.89189
40.009          1.5279
40.529          1.6951
41.049          1.0503
41.568          0.68925
42.088          0.60766
42.607          0.62420
43.127          0.78615
43.647          1.3220
44.166          1.7669
44.686          1.2471
45.205          0.75645
45.725          0.61915
46.245          0.61084
46.764          0.70749
47.284          1.1074
47.803          1.7278
48.323          1.4660
48.843          0.85462
49.362          0.63698
49.882          0.60352
50.401          0.66285
50.921          0.96113
51.441          1.6165
51.960          1.6205
52.480          0.96486
52.999          0.66389
