0.0000          1.0354         0.95190        0.95190
0.51960         1.1339         1.6071         1.6071
1.0392          1.1375         1.6331         1.6331
1.5588          1.0449         0.97627        0.97627
2.0784          0.93708        0.66723        0.66723
2.5980          0.88258        0.60416        0.60416
3.1176          0.90494        0.63366        0.63366
3.6372          0.99780        0.83759        0.83759
4.1568          1.1117         1.4342         1.4342
4.6764          1.1485         1.7426         1.7426
5.1960          1.0729         1.1395         1.1395
5.7156          0.95935        0.71823        0.71823
6.2352          0.88685        0.61282        0.61282
6.7548          0.88809        0.61664        0.61664
7.2744          0.96536        0.74074        0.74074
7.7940          1.0805         1.2042         1.2042
8.3136          1.1451         1.7614         1.7614
8.8332          1.1015         1.3668         1.3668
9.3528          0.99256        0.80537        0.80537
9.8724          0.90363        0.62758        0.62758
10.392          0.88335        0.60607        0.60607
10.912          0.93956        0.67981        0.67981
11.431          1.0498         1.0193         1.0193
11.951          1.1388         1.6721         1.6721
12.470          1.1232         1.5609         1.5609
12.990          1.0227         0.91479        0.91479
13.510          0.92146        0.65086        0.65086
14.029          0.87674        0.60272        0.60272
14.549          0.91068        0.64556        0.64556
15.068          1.0144         0.89283        0.89283
15.588          1.1213         1.5295         1.5295
16.108          1.1380         1.6944         1.6944
16.627          1.0521         1.0490         1.0490
17.147          0.94302        0.68887        0.68887
17.666          0.88129        0.60762        0.60762
18.186          0.89715        0.62420        0.62420
18.706          0.98716        0.78610        0.78610
19.225          1.1013         1.3221         1.3221
19.745          1.1518         1.7677         1.7677
20.264          1.0931         1.2478         1.2478
20.784          0.97997        0.75676        0.75676
21.304          0.89491        0.61929        0.61929
21.823          0.88378        0.61069        0.61069
22.343          0.95411        0.70609        0.70609
22.862          1.0712         1.1029         1.1029
23.382          1.1497         1.7265         1.7265
23.902          1.1186         1.4726         1.4726
24.421          1.0093         0.85817        0.85817
24.941          0.90890        0.63786        0.63786
25.460          0.87397        0.60337        0.60337
25.980          0.92034        0.66051        0.66051
26.500          1.0308         0.95195        0.95195
27.019          1.1323         1.6071         1.6071
27.539          1.1358         1.6330         1.6330
28.059          1.0426         0.97620        0.97620
28.578          0.93490        0.66721        0.66721
29.098          0.88174        0.60416        0.60416
29.617          0.90495        0.63367        0.63367
30.137          0.99970        0.83765        0.83765
30.657          1.1146         1.4343         1.4343
31.176          1.1499         1.7426         1.7426
31.696          1.0727         1.1394         1.1394
32.215          0.95990        0.71819        0.71819
32.735          0.88963        0.61282        0.61282
33.255          0.89026        0.61664        0.61664
33.774          0.96666        0.74078        0.74078
34.294          1.0835         1.2043         1.2043
34.813          1.1511         1.7614         1.7614
35.333          1.1048         1.3666         1.3666
35.853          0.99125        0.80532        0.80532
36.372          0.90270        0.62758        0.62758
36.892          0.88312        0.60607        0.60607
37.411          0.94161        0.67982        0.67982
37.931          1.0556         1.0194         1.0194
38.451          1.1428         1.6721         1.6721
38.970          1.1264         1.5609         1.5609
39.490          1.0260         0.91476        0.91476
40.009          0.92472        0.65085        0.65085
40.529          0.88370        0.60272        0.60272
41.049          0.91951        0.64556        0.64556
41.568          1.0189         0.89284        0.89284
42.088          1.1247         1.5295         1.5295
42.607          1.1414         1.6944         1.6944
43.127          1.0543         1.0490         1.0490
43.647          0.94676        0.68887        0.68887
44.166          0.88514        0.60762        0.60762
44.686          0.89713        0.62420        0.62420
45.205          0.98216        0.78608        0.78608
45.725          1.0949         1.3220         1.3220
46.245          1.1437         1.7677         1.7677
46.764          1.0839         1.2479         1.2479
47.284          0.97387        0.75678        0.75678
47.803          0.89186        0.61929        0.61929
48.323          0.88041        0.61069        0.61069
48.843          0.94701        0.70607        0.70607
49.362          1.0616         1.1029         1.1029
49.882          1.1431         1.7265         1.7265
50.401          1.1154         1.4727         1.4727
50.921          1.0081         0.85821        0.85821
51.441          0.91098        0.63787        0.63787
51.960          0.87739        0.60337        0.60337
52.480          0.92556        0.66049        0.66049
52.999          1.0354         0.95190        0.95190
