0.0000          1.0389         0.97186        0.97186
0.51960         1.1336         1.6450         1.6450
1.0392          1.1461         1.7080         1.7080
1.5588          1.0672         1.0327         1.0327
2.0784          0.96064        0.69341        0.69341
2.5980          0.89027        0.61932        0.61932
3.1176          0.88322        0.61870        0.61870
3.6372          0.94419        0.68930        0.68930
4.1568          1.0545         1.0180         1.0180
4.6764          1.1433         1.6946         1.6946
5.1960          1.1360         1.6615         1.6615
5.7156          1.0447         0.98609        0.98609
6.2352          0.94170        0.68036        0.68036
6.7548          0.88143        0.61708        0.61708
7.2744          0.88636        0.62085        0.62085
7.7940          0.95787        0.70542        0.70542
8.3136          1.0682         1.0749         1.0749
8.8332          1.1475         1.7408         1.7408
9.3528          1.1279         1.5953         1.5953
9.8724          1.0315         0.93362        0.93362
10.392          0.93285        0.66583        0.66583
10.912          0.88007        0.61391        0.61391
11.431          0.89389        0.62475        0.62475
11.951          0.97459        0.73617        0.73617
12.470          1.0854         1.1741         1.1741
12.990          1.1503         1.7898         1.7898
13.510          1.1145         1.4769         1.4769
14.029          1.0103         0.86135        0.86135
14.549          0.91466        0.64759        0.64759
15.068          0.87460        0.61066        0.61066
15.588          0.90167        0.63424        0.63424
16.108          0.98992        0.79629        0.79629
16.627          1.0979         1.3372         1.3372
17.147          1.1481         1.8121         1.8121
17.666          1.0986         1.3026         1.3026
18.186          0.99715        0.78239        0.78239
18.706          0.91110        0.63182        0.63182
19.225          0.87793        0.61112        0.61112
19.745          0.91563        0.65117        0.65117
20.264          1.0158         0.87654        0.87654
20.784          1.1227         1.5047         1.5047
21.304          1.1522         1.7810         1.7810
21.823          1.0861         1.1503         1.1503
22.343          0.98172        0.72842        0.72842
22.862          0.90088        0.62370        0.62370
23.382          0.87943        0.61458        0.61458
23.902          0.92855        0.66893        0.66893
24.421          1.0307         0.94504        0.94504
24.941          1.1254         1.6110         1.6110
25.460          1.1396         1.7314         1.7314
25.980          1.0645         1.0617         1.0617
26.500          0.96142        0.70161        0.70161
27.019          0.88989        0.62037        0.62037
27.539          0.88069        0.61756        0.61756
28.059          0.94043        0.68287        0.68287
28.578          1.0480         0.99509        0.99509
29.098          1.1412         1.6713         1.6713
29.617          1.1419         1.6856         1.6856
30.137          1.0543         1.0088         1.0088
30.657          0.95115        0.68671        0.68671
31.176          0.88636        0.61826        0.61826
31.696          0.88453        0.61972        0.61972
32.215          0.95282        0.69646        0.69646
32.735          1.0667         1.0436         1.0436
33.255          1.1475         1.7173         1.7173
33.774          1.1309         1.6324         1.6324
34.294          1.0373         0.96153        0.96153
34.813          0.93716        0.67348        0.67348
35.333          0.88177        0.61559        0.61559
35.853          0.89112        0.62239        0.62239
36.372          0.97002        0.71820        0.71820
36.892          1.0843         1.1177         1.1177
37.411          1.1551         1.7662         1.7662
37.931          1.1253         1.5436         1.5436
38.451          1.0221         0.89942        0.89942
38.970          0.92384        0.65684        0.65684
39.490          0.87888        0.61207        0.61207
40.009          0.90214        0.62861        0.62861
40.529          0.99184        0.76261        0.76261
41.049          1.1038         1.2502         1.2502
41.568          1.1551         1.8075         1.8075
42.088          1.1082         1.3919         1.3919
42.607          1.0031         0.81987        0.81987
43.127          0.91053        0.63869        0.63869
43.647          0.87653        0.61025        0.61025
44.166          0.91073        0.64217        0.64217
44.686          1.0039         0.83681        0.83681
45.205          1.1093         1.4283         1.4283
45.725          1.1480         1.8015         1.8015
46.245          1.0887         1.2169         1.2169
46.764          0.98407        0.75072        0.75072
47.284          0.90136        0.62681        0.62681
47.803          0.87437        0.61282        0.61282
48.323          0.91577        0.66064        0.66064
48.843          1.0142         0.91411        0.91411
49.362          1.1160         1.5667         1.5667
49.882          1.1458         1.7557         1.7557
50.401          1.0792         1.0985         1.0985
50.921          0.97256        0.71241        0.71241
51.441          0.89445        0.62169        0.62169
51.960          0.87739        0.61624        0.61624
52.480          0.93228        0.67638        0.67638
52.999          1.0389         0.97186        0.97186
