0.0000          1.0424         0.92687        0.92687
0.51960         1.1326         1.5690         1.5690
1.0392          1.1527         1.8012         1.8012
1.5588          1.0889         1.1639         1.1639
2.0784          0.98794        0.74964        0.74964
2.5980          0.90703        0.65054        0.65054
3.1176          0.87508        0.63986        0.63986
3.6372          0.90213        0.65181        0.65181
4.1568          0.98705        0.75733        0.75733
4.6764          1.0936         1.1870         1.1870
5.1960          1.1532         1.8118         1.8118
5.7156          1.1240         1.5444         1.5444
6.2352          1.0332         0.91202        0.91202
6.7548          0.93816        0.67823        0.67823
7.2744          0.88071        0.63708        0.63708
7.7940          0.87892        0.63739        0.63739
8.3136          0.93685        0.68151        0.68151
8.8332          1.0404         0.92687        0.92687
9.3528          1.1341         1.5690         1.5690
9.8724          1.1531         1.8012         1.8012
10.392          1.0883         1.1639         1.1639
10.912          0.98580        0.74964        0.74964
11.431          0.90324        0.65054        0.65054
11.951          0.87243        0.63986        0.63986
12.470          0.90153        0.65181        0.65181
12.990          0.98650        0.75733        0.75733
13.510          1.0925         1.1870         1.1870
14.029          1.1505         1.8118         1.8118
14.549          1.1207         1.5444         1.5444
15.068          1.0318         0.91202        0.91202
15.588          0.93720        0.67823        0.67823
16.108          0.87930        0.63708        0.63708
16.627          0.87775        0.63739        0.63739
17.147          0.93641        0.68151        0.68151
17.666          1.0384         0.92687        0.92687
18.186          1.1346         1.5690         1.5690
18.706          1.1561         1.8012         1.8012
19.225          1.0868         1.1639         1.1639
19.745          0.98569        0.74964        0.74964
20.264          0.90792        0.65054        0.65054
20.784          0.87788        0.63986        0.63986
21.304          0.90433        0.65181        0.65181
21.823          0.98748        0.75733        0.75733
22.343          1.0953         1.1870         1.1870
22.862          1.1570         1.8118         1.8118
23.382          1.1285         1.5444         1.5444
23.902          1.0375         0.91202        0.91202
24.421          0.94074        0.67823        0.67823
24.941          0.88016        0.63708        0.63708
25.460          0.87665        0.63739        0.63739
25.980          0.93478        0.68151        0.68151
26.500          1.0378         0.92687        0.92687
27.019          1.1310         1.5690         1.5690
27.539          1.1510         1.8012         1.8012
28.059          1.0865         1.1639         1.1639
28.578          0.98556        0.74964        0.74964
29.098          0.90617        0.65054        0.65054
29.617          0.87515        0.63986        0.63986
30.137          0.90367        0.65181        0.65181
30.657          0.98945        0.75733        0.75733
31.176          1.0949         1.1870         1.1870
31.696          1.1528         1.8118         1.8118
32.215          1.1247         1.5444         1.5444
32.735          1.0369         0.91202        0.91202
33.255          0.94070        0.67823        0.67823
33.774          0.88188        0.63708        0.63708
34.294          0.88110        0.63739        0.63739
34.813          0.94125        0.68151        0.68151
35.333          1.0432         0.92687        0.92687
35.853          1.1323         1.5690         1.5690
36.372          1.1520         1.8012         1.8012
36.892          1.0882         1.1639         1.1639
37.411          0.98762        0.74964        0.74964
37.931          0.90748        0.65054        0.65054
38.451          0.87517        0.63986        0.63986
38.970          0.90384        0.65181        0.65181
39.490          0.98942        0.75733        0.75733
40.009          1.0967         1.1870         1.1870
40.529          1.1616         1.8118         1.8118
41.049          1.1335         1.5444         1.5444
41.568          1.0366         0.91202        0.91202
42.088          0.93922        0.67823        0.67823
42.607          0.88129        0.63708        0.63708
43.127          0.87939        0.63739        0.63739
43.647          0.94052        0.68151        0.68151
44.166          1.0439         0.92687        0.92687
44.686          1.1347         1.5690         1.5690
45.205          1.1495         1.8012         1.8012
45.725          1.0804         1.1639         1.1639
46.245          0.97954        0.74964        0.74964
46.764          0.90129        0.65054        0.65054
47.284          0.87286        0.63986        0.63986
47.803          0.90120        0.65181        0.65181
48.323          0.98323        0.75733        0.75733
48.843          1.0864         1.1870         1.1870
49.362          1.1463         1.8118         1.8118
49.882          1.1222         1.5444         1.5444
50.401          1.0348         0.91202        0.91202
50.921          0.93984        0.67823        0.67823
51.441          0.88215        0.63708        0.63708
51.960          0.88008        0.63739        0.63739
52.480          0.94019        0.68151        0.68151
52.999          1.0424         0.92687        0.92687
