0.0000          1.0465         0.73883        0.73883
0.51960         1.1312         0.62364        0.62364
1.0392          1.1575         0.61261        0.61261
1.5588          1.1090         0.66844        0.66844
2.0784          1.0176         0.94983        0.94983
2.5980          0.93175        1.6172         1.6172
3.1176          0.88059        1.7159         1.7159
3.6372          0.87697        1.0446         1.0446
4.1568          0.92719        0.69460        0.69460
4.6764          1.0185         0.61673        0.61673
5.1960          1.1119         0.61735        0.61735
5.7156          1.1550         0.69851        0.69851
6.2352          1.1229         1.0580         1.0580
6.7548          1.0382         1.7259         1.7259
7.2744          0.94769        1.6011         1.6011
7.7940          0.88637        0.93767        0.93767
8.3136          0.87100        0.66494        0.66494
8.8332          0.90882        0.61171        0.61171
9.3528          0.99164        0.62495        0.62495
9.8724          1.0914         0.74885        0.74885
10.392          1.1567         1.2146         1.2146
10.912          1.1424         1.7979         1.7979
11.431          1.0634         1.4231         1.4231
11.951          0.96988        0.83390        0.83390
12.470          0.89916        0.64063        0.64063
12.990          0.87188        0.60924        0.60924
13.510          0.89451        0.64027        0.64027
14.029          0.96269        0.83236        0.83236
14.549          1.0587         1.4202         1.4202
15.068          1.1385         1.8008         1.8008
15.588          1.1484         1.2208         1.2208
16.108          1.0853         0.75196        0.75196
16.627          0.99218        0.62673        0.62673
17.147          0.91364        0.61250        0.61250
17.666          0.87394        0.66086        0.66086
18.186          0.88486        0.91643        0.91643
18.706          0.94547        1.5706         1.5706
19.225          1.0381         1.7534         1.7534
19.745          1.1275         1.0950         1.0950
20.264          1.1620         0.71152        0.71152
20.784          1.1169         0.62182        0.62182
21.304          1.0231         0.61647        0.61647
21.823          0.93520        0.67616        0.67616
22.343          0.88405        0.97037        0.97037
22.862          0.87863        1.6438         1.6438
23.382          0.92346        1.7121         1.7121
23.902          1.0119         1.0368         1.0368
24.421          1.1070         0.69521        0.69521
24.941          1.1526         0.62043        0.62043
25.460          1.1230         0.61887        0.61887
25.980          1.0419         0.68485        0.68485
26.500          0.95392        0.99970        0.99970
27.019          0.89154        1.6774         1.6774
27.539          0.87328        1.6867         1.6867
28.059          0.90562        1.0090         1.0090
28.578          0.98334        0.68778        0.68778
29.098          1.0834         0.61975        0.61975
29.617          1.1505         0.62014        0.62014
30.137          1.1441         0.69055        0.69055
30.657          1.0751         1.0192         1.0192
31.176          0.98196        1.6969         1.6969
31.696          0.90583        1.6673         1.6673
32.215          0.87299        0.99080        0.99080
32.735          0.89255        0.68293        0.68293
33.255          0.95827        0.61908        0.61908
33.774          1.0537         0.62102        0.62102
34.294          1.1360         0.69621        0.69621
34.813          1.1552         1.0390         1.0390
35.333          1.0994         1.7145         1.7145
35.853          1.0050         1.6449         1.6449
36.372          0.92371        0.97181        0.97181
36.892          0.88023        0.67766        0.67766
37.411          0.88389        0.61794        0.61794
37.931          0.93800        0.62197        0.62197
38.451          1.0278         0.70491        0.70491
38.970          1.1192         1.0701         1.0701
39.490          1.1594         1.7385         1.7385
40.009          1.1222         1.6070         1.6070
40.529          1.0373         0.94228        0.94228
41.049          0.94809        0.66913        0.66913
41.568          0.88716        0.61563        0.61563
42.088          0.87502        0.62392        0.62392
42.607          0.91407        0.72401        0.72401
43.127          0.99682        1.1345         1.1345
43.647          1.0977         1.7751         1.7751
44.166          1.1576         1.5265         1.5265
44.686          1.1372         0.88921        0.88921
45.205          1.0556         0.65458        0.65458
45.725          0.96103        0.61199        0.61199
46.245          0.89284        0.62992        0.62992
46.764          0.86982        0.76908        0.76908
47.284          0.89767        1.2671         1.2671
47.803          0.97047        1.8092         1.8092
48.323          1.0670         1.3731         1.3731
48.843          1.1390         0.81118        0.81118
49.362          1.1412         0.63647        0.63647
49.882          1.0782         0.60984        0.60984
50.401          0.98854        0.64481        0.64481
50.921          0.91190        0.85136        0.85136
51.441          0.87430        1.4580         1.4580
51.960          0.88552        1.7910         1.7910
52.480          0.94937        1.1852         1.1852
52.999          1.0465         0.73883        0.73883
