0.0000          1.0508         0.65545        0.65545
0.51960         1.1294         0.60491        0.60491
1.0392          1.1605         0.67005        0.67005
1.5588          1.1270         0.99194        0.99194
2.0784          1.0483         1.6224         1.6224
2.5980          0.96311        1.5239         1.5239
3.1176          0.89892        0.90048        0.90048
3.6372          0.87035        0.64580        0.64580
4.1568          0.88643        0.60766        0.60766
4.6764          0.94463        0.69478        0.69478
5.1960          1.0307         1.0718         1.0718
5.7156          1.1148         1.6627         1.6627
6.2352          1.1566         1.4142         1.4142
6.7548          1.1326         0.83485        0.83485
7.2744          1.0593         0.63118        0.63118
7.7940          0.97318        0.61617        0.61617
8.3136          0.90509        0.75276        0.75276
8.8332          0.87313        1.2327         1.2327
9.3528          0.88141        1.6856         1.6856
9.8724          0.93143        1.2279         1.2279
10.392          1.0162         0.75085        0.75085
10.912          1.1037         0.61594        0.61594
11.431          1.1530         0.63267        0.63267
11.951          1.1409         0.84155        0.84155
12.470          1.0752         1.4245         1.4245
12.990          0.99111        1.6523         1.6523
13.510          0.91898        1.0580         1.0580
14.029          0.87568        0.69055        0.69055
14.549          0.87259        0.60779        0.60779
15.068          0.91435        0.65241        0.65241
15.588          0.99165        0.92636        0.92636
16.108          1.0810         1.5520         1.5520
16.627          1.1432         1.5835         1.5835
17.147          1.1465         0.95555        0.95555
17.666          1.0914         0.66009        0.66009
18.186          1.0108         0.60675        0.60675
18.706          0.93544        0.67765        0.67765
19.225          0.88462        1.0167         1.0167
19.745          0.87422        1.6309         1.6309
20.264          0.90888        1.4752         1.4752
20.784          0.98094        0.87132        0.87132
21.304          1.0685         0.63919        0.63919
21.823          1.1400         0.61277        0.61277
22.343          1.1588         0.72907        0.72907
22.862          1.1122         1.1702         1.1702
23.382          1.0291         1.6795         1.6795
23.902          0.94801        1.2884         1.2884
24.421          0.89101        0.77582        0.77582
24.941          0.86927        0.62011        0.62011
25.460          0.89021        0.62792        0.62792
25.980          0.95413        0.81822        0.81822
26.500          1.0461         1.3800         1.3800
27.019          1.1278         1.6636         1.6636
27.539          1.1588         1.0913         1.0913
28.059          1.1246         0.70144        0.70144
28.578          1.0457         0.60910        0.60910
29.098          0.96218        0.64830        0.64830
29.617          0.89903        0.90990        0.90990
30.137          0.87172        1.5313         1.5313
30.657          0.88840        1.5989         1.5989
31.176          0.94566        0.97246        0.97246
31.696          1.0303         0.66475        0.66475
32.215          1.1156         0.60643        0.60643
32.735          1.1612         0.67134        0.67134
33.255          1.1360         0.99548        0.99548
33.774          1.0607         1.6172         1.6172
34.294          0.97551        1.5039         1.5039
34.813          0.90888        0.89004        0.89004
35.333          0.87519        0.64351        0.64351
35.853          0.88041        0.61045        0.61045
36.372          0.93063        0.71291        0.71291
36.892          1.0158         1.1250         1.1250
37.411          1.1061         1.6737         1.6737
37.931          1.1597         1.3431         1.3431
38.451          1.1450         0.80026        0.80026
38.970          1.0781         0.62444        0.62444
39.490          0.99424        0.62218        0.62218
40.009          0.92227        0.78813        0.78813
40.529          0.88259        1.3174         1.3174
41.049          0.88083        1.6809         1.6809
41.568          0.91838        1.1499         1.1499
42.088          0.99448        0.72154        0.72154
42.607          1.0839         0.61138        0.61138
43.127          1.1455         0.63840        0.63840
43.647          1.1516         0.86842        0.86842
44.166          1.0970         1.4740         1.4740
44.686          1.0109         1.6440         1.6440
45.205          0.93095        1.0278         1.0278
45.725          0.87994        0.68078        0.68078
46.245          0.86891        0.60595        0.60595
46.764          0.90195        0.65060        0.65060
47.284          0.97467        0.92014        0.92014
47.803          1.0645         1.5510         1.5510
48.323          1.1350         1.6070         1.6070
48.843          1.1496         0.97193        0.97193
49.362          1.1024         0.66434        0.66434
49.882          1.0237         0.60456        0.60456
50.401          0.94566        0.65917        0.65917
50.921          0.89018        0.95314        0.95314
51.441          0.87123        1.5896         1.5896
51.960          0.89376        1.5744         1.5744
52.480          0.95976        0.93913        0.93913
52.999          1.0508         0.65545        0.65545
