0.0000          1.0323         0.95636        0.95636
0.51960         1.1335         1.5882         1.5882
1.0392          1.1274         1.5594         1.5594
1.5588          1.0227         0.92979        0.92979
2.0784          0.91809        0.65314        0.65314
2.5980          0.88432        0.60657        0.60657
3.1176          0.93865        0.68266        0.68266
3.6372          1.0539         1.0336         1.0336
4.1568          1.1418         1.6441         1.6441
4.6764          1.1100         1.4603         1.4603
5.1960          0.99437        0.86104        0.86104
5.7156          0.90013        0.63680        0.63680
6.2352          0.88496        0.61289        0.61289
6.7548          0.95731        0.73137        0.73137
7.2744          1.0777         1.1771         1.1771
7.7940          1.1426         1.6837         1.6837
8.3136          1.0851         1.2855         1.2855
8.8332          0.97066        0.77420        0.77420
9.3528          0.89206        0.61972        0.61972
9.8724          0.89554        0.62701        0.62701
10.392          0.98502        0.81400        0.81400
10.912          1.1033         1.3727         1.3727
11.431          1.1428         1.6702         1.6702
11.951          1.0643         1.1018         1.1018
12.470          0.94787        0.70477        0.70477
12.990          0.88337        0.60917        0.60917
13.510          0.90499        0.64449        0.64449
14.029          1.0033         0.89467        0.89467
14.549          1.1146         1.5131         1.5131
15.068          1.1344         1.6198         1.6198
15.588          1.0406         0.99370        0.99370
16.108          0.92783        0.67064        0.67064
16.627          0.87764        0.60564        0.60564
17.147          0.91649        0.66024        0.66024
17.666          1.0283         0.95674        0.95674
18.186          1.1354         1.5886         1.5886
18.706          1.1307         1.5591         1.5591
19.225          1.0210         0.92949        0.92949
19.745          0.91610        0.65306        0.65306
20.264          0.88521        0.60657        0.60657
20.784          0.94195        0.68272        0.68272
21.304          1.0568         1.0338         1.0338
21.823          1.1423         1.6443         1.6443
22.343          1.1116         1.4601         1.4601
22.862          0.99737        0.86092        0.86092
23.382          0.90326        0.63678        0.63678
23.902          0.88843        0.61289        0.61289
24.421          0.96011        0.73139        0.73139
24.941          1.0767         1.1772         1.1772
25.460          1.1390         1.6837         1.6837
25.980          1.0825         1.2855         1.2855
26.500          0.96850        0.77419        0.77419
27.019          0.89004        0.61972        0.61972
27.539          0.89410        0.62700        0.62700
28.059          0.98313        0.81394        0.81394
28.578          1.1030         1.3726         1.3726
29.098          1.1475         1.6703         1.6703
29.617          1.0683         1.1019         1.1019
30.137          0.94999        0.70482        0.70482
30.657          0.88564        0.60917        0.60917
31.176          0.90672        0.64445        0.64445
31.696          1.0052         0.89448        0.89448
32.215          1.1187         1.5128         1.5128
32.735          1.1405         1.6200         1.6200
33.255          1.0448         0.99397        0.99397
33.774          0.93059        0.67072        0.67072
34.294          0.88088        0.60563        0.60563
34.813          0.92110        0.66011        0.66011
35.333          1.0330         0.95629        0.95629
35.853          1.1332         1.5882         1.5882
36.372          1.1266         1.5597         1.5597
36.892          1.0221         0.92999        0.92999
37.411          0.91783        0.65319        0.65319
37.931          0.88467        0.60653        0.60653
38.451          0.93869        0.68238        0.68238
38.970          1.0564         1.0327         1.0327
39.490          1.1451         1.6438         1.6438
40.009          1.1131         1.4616         1.4616
40.529          1.0007         0.86181        0.86181
41.049          0.90652        0.63697        0.63697
41.568          0.88764        0.61278        0.61278
42.088          0.95886        0.73062        0.73062
42.607          1.0785         1.1751         1.1751
43.127          1.1431         1.6835         1.6835
43.647          1.0895         1.2877         1.2877
44.166          0.97389        0.77516        0.77516
44.686          0.89233        0.61988        0.61988
45.205          0.89302        0.62681        0.62681
45.725          0.97795        0.81299        0.81299
46.245          1.0956         1.3707         1.3707
46.764          1.1399         1.6706         1.6706
47.284          1.0649         1.1035         1.1035
47.803          0.94765        0.70533        0.70533
48.323          0.88082        0.60924        0.60924
48.843          0.90056        0.64433        0.64433
49.362          0.99995        0.89397        0.89397
49.882          1.1161         1.5120         1.5120
50.401          1.1377         1.6203         1.6203
50.921          1.0437         0.99444        0.99444
51.441          0.93094        0.67086        0.67086
51.960          0.87993        0.60566        0.60566
52.480          0.92008        0.66014        0.66014
52.999          1.0323         0.95636        0.95636
