0.0000          1.0294         0.97059        0.97059
0.51960         1.1324         1.5479         1.5479
1.0392          1.1158         1.4404         1.4404
1.5588          1.0014         0.87050        0.87050
2.0784          0.90442        0.64297        0.64297
2.5980          0.89547        0.63247        0.63247
3.1176          0.98100        0.81913        0.81913
3.6372          1.1009         1.3583         1.3583
4.1568          1.1366         1.5956         1.5956
4.6764          1.0458         1.0462         1.0462
5.1960          0.92880        0.69196        0.69196
5.7156          0.88294        0.62009        0.62009
6.2352          0.93701        0.71295        0.71295
6.7548          1.0589         1.1091         1.1091
7.2744          1.1392         1.6179         1.6179
7.7940          1.0860         1.2904         1.2904
8.3136          0.96424        0.78506        0.78506
8.8332          0.88888        0.62704        0.62704
9.3528          0.90748        0.65361        0.65361
9.8724          1.0141         0.91404        0.91404
10.392          1.1291         1.4942         1.4942
10.912          1.1259         1.5013         1.5013
11.431          1.0116         0.92067        0.92067
11.951          0.90693        0.65533        0.65533
12.470          0.88625        0.62637        0.62637
12.990          0.96403        0.78032        0.78032
13.510          1.0899         1.2801         1.2801
14.029          1.1384         1.6203         1.6203
14.549          1.0558         1.1189         1.1189
15.068          0.93841        0.71636        0.71636
15.588          0.88243        0.62020        0.62020
16.108          0.92289        0.68913        0.68913
16.627          1.0394         1.0373         1.0373
17.147          1.1334         1.5913         1.5913
17.666          1.0995         1.3680         1.3680
18.186          0.98334        0.82451        0.82451
18.706          0.89791        0.63343        0.63343
19.225          0.90062        0.64152        0.64152
19.745          0.99770        0.86411        0.86411
20.264          1.1202         1.4315         1.4315
20.784          1.1376         1.5546         1.5546
21.304          1.0301         0.97900        0.97900
21.823          0.91791        0.67143        0.67143
22.343          0.88699        0.62209        0.62209
22.862          0.95359        0.74374        0.74374
23.382          1.0784         1.1930         1.1930
23.902          1.1463         1.6289         1.6289
24.421          1.0773         1.2039         1.2039
24.941          0.95132        0.74805        0.74805
25.460          0.88136        0.62251        0.62251
25.980          0.91075        0.66917        0.66917
26.500          1.0249         0.97119        0.97119
27.019          1.1307         1.5485         1.5485
27.539          1.1141         1.4400         1.4400
28.059          0.99924        0.87011        0.87011
28.578          0.90238        0.64287        0.64287
29.098          0.89463        0.63245        0.63245
29.617          0.98096        0.81917        0.81917
30.137          1.1030         1.3584         1.3584
30.657          1.1397         1.5957         1.5957
31.176          1.0470         1.0462         1.0462
31.696          0.92860        0.69195        0.69195
32.215          0.88358        0.62005        0.62005
32.735          0.94024        0.71277        0.71277
33.255          1.0619         1.1087         1.1087
33.774          1.1409         1.6179         1.6179
34.294          1.0889         1.2910         1.2910
34.813          0.96851        0.78533        0.78533
35.333          0.89102        0.62705        0.62705
35.853          0.90641        0.65342        0.65342
36.372          1.0133         0.91337        0.91337
36.892          1.1288         1.4935         1.4935
37.411          1.1282         1.5022         1.5022
37.931          1.0169         0.92144        0.92144
38.451          0.90995        0.65552        0.65552
38.970          0.88838        0.62626        0.62626
39.490          0.96687        0.77963        0.77963
40.009          1.0942         1.2786         1.2786
40.529          1.1493         1.6206         1.6206
41.049          1.0676         1.1204         1.1204
41.568          0.94270        0.71688        0.71688
42.088          0.88435        0.62021        0.62021
42.607          0.92501        0.68871        0.68871
43.127          1.0416         1.0360         1.0360
43.647          1.1387         1.5907         1.5907
44.166          1.1054         1.3695         1.3695
44.686          0.98361        0.82534        0.82534
45.205          0.89388        0.63359        0.63359
45.725          0.89596        0.64133        0.64133
46.245          0.99085        0.86325        0.86325
46.764          1.1102         1.4302         1.4302
47.284          1.1295         1.5554         1.5554
47.803          1.0261         0.98012        0.98012
48.323          0.91449        0.67176        0.67176
48.843          0.88100        0.62206        0.62206
49.362          0.94577        0.74323        0.74323
49.882          1.0725         1.1916         1.1916
50.401          1.1428         1.6288         1.6288
50.921          1.0760         1.2052         1.2052
51.441          0.95354        0.74857        0.74857
51.960          0.88484        0.62258        0.62258
52.480          0.91581        0.66902        0.66902
52.999          1.0294         0.97059        0.97059
