0.0000          1.0267         0.90340        0.90340
0.51960         1.1304         1.4344         1.4344
1.0392          1.1031         1.4344         1.4344
1.5588          0.98162        0.90341        0.90341
2.0784          0.89645        0.66205        0.66205
2.5980          0.91522        0.66204        0.66204
3.1176          1.0265         0.90340        0.90340
3.6372          1.1280         1.4344         1.4344
4.1568          1.1002         1.4344         1.4344
4.6764          0.97868        0.90341        0.90341
5.1960          0.89305        0.66205        0.66205
5.7156          0.91129        0.66204        0.66204
6.2352          1.0243         0.90340        0.90340
6.7548          1.1288         1.4344         1.4344
7.2744          1.0990         1.4344         1.4344
7.7940          0.97507        0.90341        0.90341
8.3136          0.89040        0.66205        0.66205
8.8332          0.91186        0.66204        0.66204
9.3528          1.0266         0.90340        0.90340
9.8724          1.1329         1.4344         1.4344
10.392          1.1053         1.4344         1.4344
10.912          0.97965        0.90341        0.90341
11.431          0.89206        0.66205        0.66205
11.951          0.91039        0.66204        0.66204
12.470          1.0227         0.90340        0.90340
12.990          1.1289         1.4344         1.4344
13.510          1.1010         1.4344         1.4344
14.029          0.97588        0.90341        0.90341
14.549          0.88999        0.66205        0.66205
15.068          0.91038        0.66204        0.66204
15.588          1.0229         0.90340        0.90340
16.108          1.1259         1.4344         1.4344
16.627          1.0958         1.4344         1.4344
17.147          0.97414        0.90341        0.90341
17.666          0.89128        0.66205        0.66205
18.186          0.91386        0.66204        0.66204
18.706          1.0299         0.90340        0.90340
19.225          1.1329         1.4344         1.4344
19.745          1.1032         1.4344         1.4344
20.264          0.98185        0.90341        0.90341
20.784          0.89683        0.66205        0.66205
21.304          0.91304        0.66204        0.66204
21.823          1.0253         0.90340        0.90340
22.343          1.1332         1.4344         1.4344
22.862          1.1046         1.4344         1.4344
23.382          0.98017        0.90341        0.90341
23.902          0.89560        0.66205        0.66205
24.421          0.91387        0.66204        0.66204
24.941          1.0226         0.90340        0.90340
25.460          1.1231         1.4344         1.4344
25.980          1.0944         1.4344         1.4344
26.500          0.97486        0.90341        0.90341
27.019          0.89214        0.66205        0.66205
27.539          0.91284        0.66204        0.66204
28.059          1.0274         0.90340        0.90340
28.578          1.1321         1.4344         1.4344
29.098          1.1037         1.4344         1.4344
29.617          0.97905        0.90341        0.90341
30.137          0.89310        0.66205        0.66205
30.657          0.91391        0.66204        0.66204
31.176          1.0275         0.90340        0.90340
31.696          1.1298         1.4344         1.4344
32.215          1.1002         1.4344         1.4344
32.735          0.98000        0.90341        0.90341
33.255          0.89444        0.66205        0.66205
33.774          0.91204        0.66204        0.66204
34.294          1.0250         0.90340        0.90340
34.813          1.1320         1.4344         1.4344
35.333          1.1036         1.4344         1.4344
35.853          0.97781        0.90341        0.90341
36.372          0.89397        0.66205        0.66205
36.892          0.91520        0.66204        0.66204
37.411          1.0295         0.90340        0.90340
37.931          1.1353         1.4344         1.4344
38.451          1.1026         1.4344         1.4344
38.970          0.97780        0.90341        0.90341
39.490          0.89454        0.66205        0.66205
40.009          0.91546        0.66204        0.66204
40.529          1.0325         0.90340        0.90340
41.049          1.1385         1.4344         1.4344
41.568          1.1036         1.4344         1.4344
42.088          0.97781        0.90341        0.90341
42.607          0.89218        0.66205        0.66205
43.127          0.91024        0.66204        0.66204
43.647          1.0261         0.90340        0.90340
44.166          1.1335         1.4344         1.4344
44.686          1.1029         1.4344         1.4344
45.205          0.97708        0.90341        0.90341
45.725          0.89031        0.66205        0.66205
46.245          0.90835        0.66204        0.66204
46.764          1.0217         0.90340        0.90340
47.284          1.1283         1.4344         1.4344
47.803          1.0979         1.4344         1.4344
48.323          0.97361        0.90341        0.90341
48.843          0.88885        0.66205        0.66205
49.362          0.90765        0.66204        0.66204
49.882          1.0226         0.90340        0.90340
50.401          1.1307         1.4344         1.4344
50.921          1.1019         1.4344         1.4344
51.441          0.97778        0.90341        0.90341
51.960          0.89184        0.66205        0.66205
52.480          0.91259        0.66204        0.66204
52.999          1.0267         0.90340        0.90340
