0.0000          1.0243         0.70786        0.70786
0.51960         1.1277         0.62068        0.62068
1.0392          1.0897         0.61649        0.61649
1.5588          0.96398        0.68021        0.68021
2.0784          0.89442        0.98732        0.98732
2.5980          0.94228        1.6627         1.6627
3.1176          1.0686         1.6904         1.6904
3.6372          1.1302         1.0140         1.0140
4.1568          1.0459         0.68766        0.68766
4.6764          0.92655        0.61782        0.61782
5.1960          0.89380        0.61929        0.61929
5.7156          0.97698        0.69744        0.69744
6.2352          1.1033         1.0485         1.0485
6.7548          1.1168         1.7209         1.7209
7.2744          1.0005         1.6239         1.6239
7.7940          0.89966        0.95484        0.95484
8.3136          0.90752        0.67125        0.67125
8.8332          1.0225         0.61470        0.61470
9.3528          1.1291         0.62292        0.62292
9.8724          1.0901         0.72480        0.72480
10.392          0.96353        1.1396         1.1396
10.912          0.89256        1.7761         1.7761
11.431          0.93811        1.5160         1.5160
11.951          1.0649         0.88292        0.88292
12.470          1.1293         0.65257        0.65257
12.990          1.0456         0.61118        0.61118
13.510          0.92570        0.63096        0.63096
14.029          0.89208        0.77808        0.77808
14.549          0.97453        1.2917         1.2917
15.068          1.1017         1.8114         1.8114
15.588          1.1154         1.3480         1.3480
16.108          0.99879        0.80081        0.80081
16.627          0.89842        0.63508        0.63508
17.147          0.90712        0.61056        0.61056
17.666          1.0204         0.64649        0.64649
18.186          1.1295         0.85645        0.85645
18.706          1.0928         1.4676         1.4676
19.225          0.96242        1.7926         1.7926
19.745          0.89257        1.1826         1.1826
20.264          0.94333        0.73911        0.73911
20.784          1.0728         0.62530        0.62530
21.304          1.1336         0.61379        0.61379
21.823          1.0464         0.66442        0.66442
22.343          0.92754        0.92773        0.92773
22.862          0.89616        1.5868         1.5868
23.382          0.98064        1.7465         1.7465
23.902          1.1083         1.0830         1.0830
24.421          1.1205         0.70805        0.70805
24.941          0.99988        0.62148        0.62148
25.460          0.89727        0.61696        0.61696
25.980          0.90558        0.67795        0.67795
26.500          1.0199         0.97624        0.97624
27.019          1.1261         1.6502         1.6502
27.539          1.0880         1.7060         1.7060
28.059          0.96203        1.0301         1.0301
28.578          0.89244        0.69307        0.69307
29.098          0.94145        0.61975        0.61975
29.617          1.0686         0.61902        0.61902
30.137          1.1322         0.68816        0.68816
30.657          1.0487         1.0124         1.0124
31.176          0.92747        1.6894         1.6894
31.696          0.89348        1.6700         1.6700
32.215          0.97784        0.99370        0.99370
32.735          1.1077         0.68289        0.68289
33.255          1.1202         0.61804        0.61804
33.774          1.0018         0.62057        0.62057
34.294          0.90171        0.69991        0.69991
34.813          0.91149        1.0546         1.0546
35.333          1.0250         1.7264         1.7264
35.853          1.1274         1.6213         1.6213
36.372          1.0889         0.95287        0.95287
36.892          0.96347        0.67135        0.67135
37.411          0.89421        0.61540        0.61540
37.931          0.94272        0.62305        0.62305
38.451          1.0685         0.72164        0.72164
38.970          1.1327         1.1283         1.1283
39.490          1.0490         1.7716         1.7716
40.009          0.92883        1.5317         1.5317
40.529          0.89922        0.89226        0.89226
41.049          0.98445        0.65511        0.65511
41.568          1.1068         0.61185        0.61185
42.088          1.1185         0.62953        0.62953
42.607          1.0014         0.76798        0.76798
43.127          0.90001        1.2646         1.2646
43.647          0.91082        1.8093         1.8093
44.166          1.0256         1.3765         1.3765
44.686          1.1296         0.81298        0.81298
45.205          1.0868         0.63727        0.63727
45.725          0.95715        0.61024        0.61024
46.245          0.88738        0.64378        0.64378
46.764          0.93619        0.84466        0.84466
47.284          1.0656         1.4444         1.4444
47.803          1.1289         1.7975         1.7975
48.323          1.0421         1.2017         1.2017
48.843          0.92129        0.74531        0.74531
49.362          0.88942        0.62579        0.62579
49.882          0.97574        0.61301        0.61301
50.401          1.1048         0.66298        0.66298
50.921          1.1189         0.92407        0.92407
51.441          1.0023         1.5816         1.5816
51.960          0.90075        1.7466         1.7466
52.480          0.91051        1.0843         1.0843
52.999          1.0243         0.70786        0.70786
