0.0000          1.0222         0.67476        0.67476
0.51960         1.1244         0.61527        0.61527
1.0392          1.0758         0.62191        0.62191
1.5588          0.94895        0.71817        0.71817
2.0784          0.89834        1.1187         1.1187
2.5980          0.97439        1.7661         1.7661
3.1176          1.1007         1.5400         1.5400
3.6372          1.1087         0.89720        0.89720
4.1568          0.98927        0.65601        0.65601
4.6764          0.89964        0.61166        0.61166
5.1960          0.92998        0.62902        0.62902
5.7156          1.0552         0.76667        0.76667
6.2352          1.1262         1.2618         1.2618
6.7548          1.0390         1.8086         1.8086
7.2744          0.91897        1.3789         1.3789
7.7940          0.90094        0.81413        0.81413
8.3136          1.0029         0.63756        0.63756
8.8332          1.1188         0.61029        0.61029
9.3528          1.0876         0.64347        0.64347
9.8724          0.95913        0.84304        0.84304
10.392          0.89718        1.4411         1.4411
10.912          0.95976        1.7989         1.7989
11.431          1.0870         1.2058         1.2058
11.951          1.1154         0.74700        0.74700
12.470          1.0018         0.62641        0.62641
12.990          0.90245        0.61320        0.61320
13.510          0.92079        0.66166        0.66166
14.029          1.0401         0.91735        0.91735
14.549          1.1228         1.5715         1.5715
15.068          1.0515         1.7543         1.7543
15.588          0.92776        1.0958         1.0958
16.108          0.89608        0.71183        0.71183
16.627          0.98745        0.62196        0.62196
17.147          1.1084         0.61654        0.61654
17.666          1.0943         0.67583        0.67583
18.186          0.97103        0.96852        0.96852
18.706          0.89841        1.6410         1.6410
19.225          0.94805        1.7133         1.7133
19.745          1.0789         1.0385         1.0385
20.264          1.1286         0.69547        0.69547
20.784          1.0235         0.62016        0.62016
21.304          0.91002        0.61873        0.61873
21.823          0.91268        0.68585        0.68585
22.343          1.0306         1.0039         1.0039
22.862          1.1296         1.6807         1.6807
23.382          1.0703         1.6796         1.6796
23.902          0.94253        1.0028         1.0028
24.421          0.89742        0.68555        0.68555
24.941          0.97534        0.61868        0.61868
25.460          1.0972         0.62021        0.62021
25.980          1.0998         0.69585        0.69585
26.500          0.98027        1.0399         1.0399
27.019          0.89631        1.7145         1.7145
27.539          0.93568        1.6394         1.6394
28.059          1.0658         0.96718        0.96718
28.578          1.1284         0.67545        0.67545
29.098          1.0352         0.61645        0.61645
29.617          0.91742        0.62204        0.62204
30.137          0.90623        0.71258        0.71258
30.657          1.0155         1.0983         1.0983
31.176          1.1246         1.7558         1.7558
31.696          1.0799         1.5684         1.5684
32.215          0.95052        0.91530        0.91530
32.735          0.89639        0.66111        0.66111
33.255          0.96594        0.61308        0.61308
33.774          1.0938         0.62664        0.62664
34.294          1.1142         0.74861        0.74861
34.813          0.99825        1.2105         1.2105
35.333          0.90251        1.8001         1.8001
35.853          0.92515        1.4358         1.4358
36.372          1.0514         0.84044        0.84044
36.892          1.1323         0.64291        0.64291
37.411          1.0511         0.61026        0.61026
37.931          0.92810        0.63805        0.63805
38.451          0.90183        0.81668        0.81668
38.970          0.99939        1.3846         1.3846
39.490          1.1188         1.8080         1.8080
40.009          1.0959         1.2564         1.2564
40.529          0.96929        0.76466        0.76466
41.049          0.89962        0.62870        0.62870
41.568          0.95390        0.61176        0.61176
42.088          1.0833         0.65663        0.65663
42.607          1.1197         0.89965        0.89965
43.127          1.0089         1.5440         1.5440
43.647          0.90640        1.7644         1.7644
44.166          0.91883        1.1154         1.1154
44.686          1.0372         0.71714        0.71714
45.205          1.1260         0.62178        0.62178
45.725          1.0572         0.61538        0.61538
46.245          0.93058        0.67530        0.67530
46.764          0.89445        0.97009        0.97009
47.284          0.98328        1.6428         1.6428
47.803          1.1052         1.7062         1.7062
48.323          1.0968         1.0312         1.0312
48.843          0.97154        0.69236        0.69236
49.362          0.89152        0.61837        0.61837
49.882          0.93824        0.61846        0.61846
50.401          1.0706         0.69294        0.69294
50.921          1.1259         1.0333         1.0333
51.441          1.0258         1.7080         1.7080
51.960          0.91131        1.6405         1.6405
52.480          0.90955        0.96815        0.96815
52.999          1.0222         0.67476        0.67476
