0.0000          1.0203         0.89510        0.89510
0.51960         1.1204         0.65553        0.65553
1.0392          1.0619         0.61162        0.61162
1.5588          0.93688        0.62927        0.62927
2.0784          0.90784        0.76799        0.76799
2.5980          1.0084         1.2652         1.2652
3.1176          1.1179         1.8092         1.8092
3.6372          1.0705         1.3754         1.3754
4.1568          0.94270        0.81253        0.81253
4.6764          0.90167        0.63724        0.63724
5.1960          0.99112        0.61030        0.61030
5.7156          1.1091         0.64381        0.64381
6.2352          1.0827         0.84457        0.84457
6.7548          0.95355        1.4442         1.4442
7.2744          0.89751        1.7983         1.7983
7.7940          0.97496        1.2029         1.2029
8.3136          1.0992         0.74598        0.74598
8.8332          1.0934         0.62625        0.62625
9.3528          0.96761        0.61325        0.61325
9.8724          0.90012        0.66201        0.66201
10.392          0.96869        0.91877        0.91877
10.912          1.0963         1.5737         1.5737
11.431          1.1015         1.7532         1.7532
11.951          0.97694        1.0938         1.0938
12.470          0.89720        0.71123        0.71123
12.990          0.95227        0.62185        0.62185
13.510          1.0839         0.61658        0.61658
14.029          1.1081         0.67623        0.67623
14.549          0.98841        0.97011        0.97011
15.068          0.89951        1.6429         1.6429
15.588          0.94010        1.7116         1.7116
16.108          1.0683         1.0365         1.0365
16.627          1.1107         0.69487        0.69487
17.147          1.0021         0.62001        0.62001
17.666          0.90331        0.61878        0.61878
18.186          0.93373        0.68654        0.68654
18.706          1.0648         1.0066         1.0066
19.225          1.1229         1.6835         1.6835
19.745          1.0214         1.6764         1.6764
20.264          0.91389        0.99972        0.99972
20.784          0.92724        0.68462        0.68462
21.304          1.0474         0.61842        0.61842
21.823          1.1220         0.62031        0.62031
22.343          1.0357         0.69735        0.69735
22.862          0.91919        1.0455         1.0455
23.382          0.91778        1.7191         1.7191
23.902          1.0363         1.6324         1.6324
24.421          1.1246         0.96157        0.96157
24.941          1.0444         0.67381        0.67381
25.460          0.91954        0.61600        0.61600
25.980          0.90472        0.62241        0.62241
26.500          1.0160         0.71614        0.71614
27.019          1.1188         1.1103         1.1103
27.539          1.0603         1.7626         1.7626
28.059          0.93504        1.5536         1.5536
28.578          0.90581        0.90571        0.90571
29.098          1.0075         0.65857        0.65857
29.617          1.1179         0.61252        0.61252
30.137          1.0723         0.62777        0.62777
30.657          0.94494        0.75650        0.75650
31.176          0.90256        1.2331         1.2331
31.696          0.99069        1.8048         1.8048
32.215          1.1100         1.4106         1.4106
32.735          1.0868         0.82837        0.82837
33.255          0.95611        0.64035        0.64035
33.774          0.89857        0.61016        0.61016
34.294          0.97749        0.64044        0.64044
34.813          1.1049         0.82878        0.82878
35.333          1.0967         1.4114         1.4114
35.853          0.96640        1.8042         1.8042
36.372          0.89923        1.2315         1.2315
36.892          0.96831        0.75572        0.75572
37.411          1.0988         0.62734        0.62734
37.931          1.1079         0.61231        0.61231
38.451          0.98027        0.65940        0.65940
38.970          0.89925        0.91039        0.91039
39.490          0.95489        1.5610         1.5610
40.009          1.0881         1.7569         1.7569
40.529          1.1184         1.1015         1.1015
41.049          0.99879        0.71297        0.71297
41.568          0.90326        0.62132        0.62132
42.088          0.94245        0.61589        0.61589
42.607          1.0710         0.67728        0.67728
43.127          1.1132         0.97688        0.97688
43.647          1.0061         1.6508         1.6508
44.166          0.90737        1.7004         1.7004
44.686          0.93360        1.0246         1.0246
45.205          1.0588         0.69062        0.69062
45.725          1.1161         0.61825        0.61825
46.245          1.0150         0.61880        0.61880
46.764          0.90734        0.69423        0.69423
47.284          0.92190        1.0374         1.0374
47.803          1.0434         1.7117         1.7117
48.323          1.1168         1.6365         1.6365
48.843          1.0280         0.96488        0.96488
49.362          0.91216        0.67397        0.67397
49.882          0.91347        0.61522        0.61522
50.401          1.0333         0.62215        0.62215
50.921          1.1230         0.71925        0.71925
51.441          1.0471         1.1220         1.1220
51.960          0.92314        1.7679         1.7679
52.480          0.90958        1.5366         1.5366
52.999          1.0203         0.89510        0.89510
