0.0000          1.2625
0.51960         1.5406
1.0392          1.2009
1.5588          0.82856
2.0784          0.69691
2.5980          0.68916
3.1176          0.79183
3.6372          1.1208
4.1568          1.5220
4.6764          1.3419
5.1960          0.90953
5.7156          0.71674
6.2352          0.68138
6.7548          0.74505
7.2744          1.0007
7.7940          1.4478
8.3136          1.4547
8.8332          1.0086
9.3528          0.74782
9.8724          0.68168
10.392          0.71497
10.912          0.90300
11.431          1.3322
11.951          1.5255
12.470          1.1306
12.990          0.79608
13.510          0.69002
14.029          0.69579
14.549          0.82345
15.068          1.1903
15.588          1.5394
16.108          1.2730
16.627          0.86659
17.147          0.70569
17.666          0.68433
18.186          0.76593
18.706          1.0575
19.225          1.4907
19.745          1.4030
20.264          0.95669
20.784          0.73055
21.304          0.68048
21.823          0.72834
22.343          0.94955
22.862          1.3947
23.382          1.4961
23.902          1.0663
24.421          0.76938
24.941          0.68492
25.460          0.70428
25.980          0.86071
26.500          1.2625
27.019          1.5406
27.539          1.2008
28.059          0.82856
28.578          0.69691
29.098          0.68916
29.617          0.79182
30.137          1.1208
30.657          1.5220
31.176          1.3419
31.696          0.90957
32.215          0.71675
32.735          0.68138
33.255          0.74503
33.774          1.0006
34.294          1.4477
34.813          1.4548
35.333          1.0087
35.853          0.74785
36.372          0.68169
36.892          0.71495
37.411          0.90290
37.931          1.3321
38.451          1.5256
38.970          1.1308
39.490          0.79615
40.009          0.69004
40.529          0.69577
41.049          0.82337
41.568          1.1902
42.088          1.5394
42.607          1.2732
43.127          0.86669
43.647          0.70571
44.166          0.68432
44.686          0.76588
45.205          1.0573
45.725          1.4906
46.245          1.4031
46.764          0.95679
47.284          0.73058
47.803          0.68048
48.323          0.72832
48.843          0.94948
49.362          1.3946
49.882          1.4961
50.401          1.0663
50.921          0.76940
51.441          0.68492
51.960          0.70427
52.480          0.86069
52.999          1.2625
