0.0000          0.97592
0.51960         1.4239
1.0392          1.4756
1.5588          1.0350
2.0784          0.75740
2.5980          0.68297
3.1176          0.70962
3.6372          0.88248
4.1568          1.3000
4.6764          1.5346
5.1960          1.1632
5.7156          0.81068
6.2352          0.69305
6.7548          0.69244
7.2744          0.80779
7.7940          1.1569
8.3136          1.5331
8.8332          1.3062
9.3528          0.88631
9.8724          0.71060
10.392          0.68269
10.912          0.75550
11.431          1.0299
11.951          1.4718
12.470          1.4287
12.990          0.98054
13.510          0.73823
14.029          0.68079
14.549          0.72166
15.068          0.92704
15.588          1.3663
16.108          1.5116
16.627          1.0958
17.147          0.78129
17.666          0.68710
18.186          0.70002
18.706          0.84246
19.225          1.2284
19.745          1.5421
20.264          1.2349
20.784          0.84584
21.304          0.70079
21.823          0.68666
22.343          0.77894
22.862          1.0901
23.382          1.5089
23.902          1.3718
24.421          0.93124
24.941          0.72287
25.460          0.68069
25.980          0.73671
26.500          0.97593
27.019          1.4240
27.539          1.4756
28.059          1.0350
28.578          0.75739
29.098          0.68297
29.617          0.70962
30.137          0.88249
30.657          1.3000
31.176          1.5346
31.696          1.1632
32.215          0.81067
32.735          0.69305
33.255          0.69244
33.774          0.80780
34.294          1.1569
34.813          1.5331
35.333          1.3062
35.853          0.88630
36.372          0.71059
36.892          0.68269
37.411          0.75550
37.931          1.0299
38.451          1.4718
38.970          1.4287
39.490          0.98053
40.009          0.73822
40.529          0.68079
41.049          0.72166
41.568          0.92705
42.088          1.3663
42.607          1.5116
43.127          1.0958
43.647          0.78129
44.166          0.68710
44.686          0.70002
45.205          0.84246
45.725          1.2284
46.245          1.5421
46.764          1.2349
47.284          0.84584
47.803          0.70080
48.323          0.68666
48.843          0.77893
49.362          1.0901
49.882          1.5088
50.401          1.3718
50.921          0.93125
51.441          0.72288
51.960          0.68069
52.480          0.73670
52.999          0.97592
