0.0000          1.0568
0.51960         1.4903
1.0392          1.4036
1.5588          0.95720
2.0784          0.73071
2.5980          0.68048
3.1176          0.72819
3.6372          0.94907
4.1568          1.3941
4.6764          1.4964
5.1960          1.0669
5.7156          0.76961
6.2352          0.68496
6.7548          0.70419
7.2744          0.86034
7.7940          1.2619
8.3136          1.5407
8.8332          1.2015
9.3528          0.82888
9.8724          0.69698
10.392          0.68911
10.912          0.79156
11.431          1.1202
11.951          1.5218
12.470          1.3425
12.990          0.90996
13.510          0.71686
14.029          0.68136
14.549          0.74487
15.068          1.0001
15.588          1.4473
16.108          1.4552
16.627          1.0091
17.147          0.74801
17.666          0.68171
18.186          0.71485
18.706          0.90254
19.225          1.3315
19.745          1.5258
20.264          1.1313
20.784          0.79639
21.304          0.69009
21.823          0.69571
22.343          0.82308
22.862          1.1896
23.382          1.5393
23.902          1.2737
24.421          0.86703
24.941          0.70579
25.460          0.68429
25.980          0.76569
26.500          1.0568
27.019          1.4903
27.539          1.4036
28.059          0.95721
28.578          0.73071
29.098          0.68048
29.617          0.72819
30.137          0.94905
30.657          1.3941
31.176          1.4964
31.696          1.0669
32.215          0.76962
32.735          0.68496
33.255          0.70418
33.774          0.86032
34.294          1.2618
34.813          1.5407
35.333          1.2015
35.853          0.82890
36.372          0.69698
36.892          0.68911
37.411          0.79155
37.931          1.1202
38.451          1.5218
38.970          1.3425
39.490          0.90998
40.009          0.71687
40.529          0.68136
41.049          0.74486
41.568          1.0001
42.088          1.4473
42.607          1.4552
43.127          1.0091
43.647          0.74802
44.166          0.68171
44.686          0.71485
45.205          0.90253
45.725          1.3315
46.245          1.5258
46.764          1.1313
47.284          0.79639
47.803          0.69009
48.323          0.69571
48.843          0.82309
49.362          1.1896
49.882          1.5393
50.401          1.2737
50.921          0.86702
51.441          0.70579
51.960          0.68429
52.480          0.76569
52.999          1.0568
