0.0000          1.0260
0.51960         1.4689
1.0392          1.4322
1.5588          0.98407
2.0784          0.73940
2.5980          0.68087
3.1176          0.72075
3.6372          0.92388
4.1568          1.3620
4.6764          1.5136
5.1960          1.1002
5.7156          0.78311
6.2352          0.68745
6.7548          0.69945
7.2744          0.83992
7.7940          1.2235
8.3136          1.5420
8.8332          1.2399
9.3528          0.84843
9.8724          0.70139
10.392          0.68633
10.912          0.77718
11.431          1.0858
11.951          1.5067
12.470          1.3760
12.990          0.93445
13.510          0.72381
14.029          0.68063
14.549          0.73557
15.068          0.97247
15.588          1.4203
16.108          1.4784
16.627          1.0389
17.147          0.75886
17.666          0.68319
18.186          0.70890
18.706          0.87963
19.225          1.2953
19.745          1.5356
20.264          1.1679
20.784          0.81287
21.304          0.69351
21.823          0.69200
22.343          0.80566
22.862          1.1522
23.382          1.5319
23.902          1.3109
24.421          0.88921
24.941          0.71134
25.460          0.68249
25.980          0.75409
26.500          1.0260
27.019          1.4689
27.539          1.4322
28.059          0.98405
28.578          0.73939
29.098          0.68087
29.617          0.72075
30.137          0.92389
30.657          1.3620
31.176          1.5136
31.696          1.1002
32.215          0.78310
32.735          0.68745
33.255          0.69945
33.774          0.83993
34.294          1.2235
34.813          1.5421
35.333          1.2399
35.853          0.84843
36.372          0.70139
36.892          0.68633
37.411          0.77718
37.931          1.0858
38.451          1.5067
38.970          1.3760
39.490          0.93446
40.009          0.72381
40.529          0.68063
41.049          0.73557
41.568          0.97245
42.088          1.4203
42.607          1.4784
43.127          1.0389
43.647          0.75886
44.166          0.68319
44.686          0.70890
45.205          0.87961
45.725          1.2952
46.245          1.5356
46.764          1.1680
47.284          0.81288
47.803          0.69352
48.323          0.69199
48.843          0.80565
49.362          1.1522
49.882          1.5319
50.401          1.3109
50.921          0.88923
51.441          0.71135
51.960          0.68249
52.480          0.75408
52.999          1.0260
