0.0000          1.0270
0.51960         1.4696
1.0392          1.4313
1.5588          0.98314
2.0784          0.73909
2.5980          0.68085
3.1176          0.72098
3.6372          0.92470
4.1568          1.3631
4.6764          1.5131
5.1960          1.0991
5.7156          0.78264
6.2352          0.68736
6.7548          0.69959
7.2744          0.84057
7.7940          1.2248
8.3136          1.5421
8.8332          1.2386
9.3528          0.84777
9.8724          0.70124
10.392          0.68641
10.912          0.77762
11.431          1.0869
11.951          1.5073
12.470          1.3749
12.990          0.93364
13.510          0.72357
14.029          0.68065
14.549          0.73586
15.068          0.97333
15.588          1.4213
16.108          1.4777
16.627          1.0379
17.147          0.75849
17.666          0.68313
18.186          0.70908
18.706          0.88034
19.225          1.2965
19.745          1.5354
20.264          1.1668
20.784          0.81232
21.304          0.69340
21.823          0.69211
22.343          0.80619
22.862          1.1534
23.382          1.5322
23.902          1.3097
24.421          0.88849
24.941          0.71116
25.460          0.68254
25.980          0.75444
26.500          1.0270
27.019          1.4696
27.539          1.4313
28.059          0.98316
28.578          0.73910
29.098          0.68085
29.617          0.72098
30.137          0.92469
30.657          1.3631
31.176          1.5131
31.696          1.0991
32.215          0.78264
32.735          0.68736
33.255          0.69959
33.774          0.84057
34.294          1.2248
34.813          1.5421
35.333          1.2386
35.853          0.84776
36.372          0.70124
36.892          0.68641
37.411          0.77763
37.931          1.0869
38.451          1.5073
38.970          1.3749
39.490          0.93362
40.009          0.72357
40.529          0.68065
41.049          0.73587
41.568          0.97336
42.088          1.4213
42.607          1.4777
43.127          1.0379
43.647          0.75848
44.166          0.68313
44.686          0.70909
45.205          0.88036
45.725          1.2965
46.245          1.5354
46.764          1.1667
47.284          0.81230
47.803          0.69339
48.323          0.69211
48.843          0.80621
49.362          1.1534
49.882          1.5323
50.401          1.3097
50.921          0.88846
51.441          0.71115
51.960          0.68254
52.480          0.75445
52.999          1.0270
