0.0000          1.0070
0.51960         1.4534
1.0392          1.4492
1.5588          1.0022
2.0784          0.74558
2.5980          0.68144
3.1176          0.71639
3.6372          0.90823
4.1568          1.3400
4.6764          1.5228
5.1960          1.1228
5.7156          0.79266
6.2352          0.68933
6.7548          0.69668
7.2744          0.82752
7.7940          1.1987
8.3136          1.5404
8.8332          1.2646
9.3528          0.86188
9.8724          0.70455
10.392          0.68480
10.912          0.76869
11.431          1.0645
11.951          1.4950
12.470          1.3963
12.990          0.95095
13.510          0.72877
14.029          0.68048
14.549          0.73012
15.068          0.95530
15.588          1.4014
16.108          1.4918
16.627          1.0592
17.147          0.76659
17.666          0.68444
18.186          0.70541
18.706          0.86545
19.225          1.2710
19.745          1.5397
20.264          1.1924
20.784          0.82442
21.304          0.69600
21.823          0.68985
22.343          0.79525
22.862          1.1287
23.382          1.5249
23.902          1.3341
24.421          0.90425
24.941          0.71531
25.460          0.68162
25.980          0.74727
26.500          1.0070
27.019          1.4534
27.539          1.4492
28.059          1.0022
28.578          0.74558
29.098          0.68143
29.617          0.71639
30.137          0.90825
30.657          1.3400
31.176          1.5227
31.696          1.1227
32.215          0.79265
32.735          0.68933
33.255          0.69669
33.774          0.82754
34.294          1.1988
34.813          1.5404
35.333          1.2646
35.853          0.86186
36.372          0.70455
36.892          0.68480
37.411          0.76870
37.931          1.0646
38.451          1.4951
38.970          1.3963
39.490          0.95092
40.009          0.72876
40.529          0.68048
41.049          0.73012
41.568          0.95532
42.088          1.4014
42.607          1.4918
43.127          1.0591
43.647          0.76658
44.166          0.68444
44.686          0.70542
45.205          0.86547
45.725          1.2710
46.245          1.5397
46.764          1.1923
47.284          0.82441
47.803          0.69600
48.323          0.68986
48.843          0.79526
49.362          1.1287
49.882          1.5249
50.401          1.3341
50.921          0.90424
51.441          0.71531
51.960          0.68162
52.480          0.74727
52.999          1.0070
