0.0000          0.93348
0.51960         1.3747
1.0392          1.5074
1.5588          1.0871
2.0784          0.77771
2.5980          0.68643
3.1176          0.70121
3.6372          0.84764
4.1568          1.2384
4.6764          1.5421
5.1960          1.2250
5.7156          0.84069
6.2352          0.69962
6.7548          0.68735
7.2744          0.78255
7.7940          1.0989
8.3136          1.5130
8.8332          1.3633
9.3528          0.92485
9.8724          0.72103
10.392          0.68085
10.912          0.73903
11.431          0.98298
11.951          1.4311
12.470          1.4698
12.990          1.0272
13.510          0.75452
14.029          0.68255
14.549          0.71111
15.068          0.88833
15.588          1.3095
16.108          1.5323
16.627          1.1536
17.147          0.80631
17.666          0.69213
18.186          0.69337
18.706          0.81220
19.225          1.1665
19.745          1.5353
20.264          1.2967
20.784          0.88049
21.304          0.70912
21.823          0.68312
22.343          0.75841
22.862          1.0377
23.382          1.4775
23.902          1.4215
24.421          0.97351
24.941          0.73592
25.460          0.68065
25.980          0.72353
26.500          0.93348
27.019          1.3747
27.539          1.5074
28.059          1.0871
28.578          0.77771
29.098          0.68643
29.617          0.70121
30.137          0.84764
30.657          1.2384
31.176          1.5421
31.696          1.2250
32.215          0.84069
32.735          0.69962
33.255          0.68735
33.774          0.78256
34.294          1.0989
34.813          1.5130
35.333          1.3633
35.853          0.92484
36.372          0.72103
36.892          0.68085
37.411          0.73904
37.931          0.98299
38.451          1.4311
38.970          1.4698
39.490          1.0272
40.009          0.75451
40.529          0.68255
41.049          0.71112
41.568          0.88834
42.088          1.3095
42.607          1.5323
43.127          1.1536
43.647          0.80630
44.166          0.69213
44.686          0.69337
45.205          0.81221
45.725          1.1665
46.245          1.5353
46.764          1.2967
47.284          0.88048
47.803          0.70912
48.323          0.68312
48.843          0.75842
49.362          1.0377
49.882          1.4775
50.401          1.4214
50.921          0.97351
51.441          0.73591
51.960          0.68065
52.480          0.72353
52.999          0.93348
