0.0000          0.98706
0.51960         1.4351
1.0392          1.4664
1.5588          1.0228
2.0784          0.75291
2.5980          0.68233
3.1176          0.71199
3.6372          0.89171
4.1568          1.3149
4.6764          1.5309
5.1960          1.1482
5.7156          0.80387
6.2352          0.69162
6.7548          0.69392
7.2744          0.81476
7.7940          1.1720
8.3136          1.5364
8.8332          1.2912
9.3528          0.87721
9.8724          0.70830
10.392          0.68338
10.912          0.76011
11.431          1.0422
11.951          1.4807
12.470          1.4173
12.990          0.96955
13.510          0.73463
14.029          0.68059
14.549          0.72461
15.068          0.93717
15.588          1.3794
16.108          1.5049
16.627          1.0822
17.147          0.77572
17.666          0.68606
18.186          0.70190
18.706          0.85063
19.225          1.2440
19.745          1.5419
20.264          1.2194
20.784          0.83781
21.304          0.69897
21.823          0.68775
22.343          0.78466
22.862          1.1039
23.382          1.5152
23.902          1.3584
24.421          0.92124
24.941          0.72000
25.460          0.68095
25.980          0.74040
26.500          0.98704
27.019          1.4351
27.539          1.4664
28.059          1.0228
28.578          0.75291
29.098          0.68233
29.617          0.71199
30.137          0.89170
30.657          1.3148
31.176          1.5309
31.696          1.1482
32.215          0.80387
32.735          0.69162
33.255          0.69392
33.774          0.81476
34.294          1.1720
34.813          1.5364
35.333          1.2912
35.853          0.87721
36.372          0.70830
36.892          0.68338
37.411          0.76011
37.931          1.0422
38.451          1.4807
38.970          1.4173
39.490          0.96955
40.009          0.73463
40.529          0.68059
41.049          0.72462
41.568          0.93718
42.088          1.3795
42.607          1.5049
43.127          1.0822
43.647          0.77571
44.166          0.68606
44.686          0.70190
45.205          0.85064
45.725          1.2440
46.245          1.5419
46.764          1.2194
47.284          0.83780
47.803          0.69897
48.323          0.68775
48.843          0.78467
49.362          1.1039
49.882          1.5152
50.401          1.3584
50.921          0.92122
51.441          0.72000
51.960          0.68095
52.480          0.74040
52.999          0.98706
