0.0000          1.1816
0.51960         1.5381
1.0392          1.2817
1.5588          0.87158
2.0784          0.70690
2.5980          0.68386
3.1176          0.76314
3.6372          1.0502
4.1568          1.4861
4.6764          1.4098
5.1960          0.96272
5.7156          0.73245
6.2352          0.68052
6.7548          0.72656
7.2744          0.94368
7.7940          1.3876
8.3136          1.5003
8.8332          1.0737
9.3528          0.77232
9.8724          0.68544
10.392          0.70314
10.912          0.85593
11.431          1.2538
11.951          1.5414
12.470          1.2095
12.990          0.83286
13.510          0.69786
14.029          0.68849
14.549          0.78840
15.068          1.1128
15.588          1.5189
16.108          1.3497
16.627          0.91503
17.147          0.71826
17.666          0.68116
18.186          0.74281
18.706          0.99416
19.225          1.4419
19.745          1.4603
20.264          1.0153
20.784          0.75020
21.304          0.68197
21.823          0.71353
22.343          0.89758
22.862          1.3240
23.382          1.5282
23.902          1.1390
24.421          0.79975
24.941          0.69077
25.460          0.69488
25.980          0.81925
26.500          1.1816
27.019          1.5381
27.539          1.2817
28.059          0.87163
28.578          0.70692
29.098          0.68386
29.617          0.76311
30.137          1.0501
30.657          1.4860
31.176          1.4099
31.696          0.96280
32.215          0.73247
32.735          0.68052
33.255          0.72653
33.774          0.94360
34.294          1.3875
34.813          1.5004
35.333          1.0738
35.853          0.77236
36.372          0.68545
36.892          0.70313
37.411          0.85587
37.931          1.2537
38.451          1.5414
38.970          1.2096
39.490          0.83291
40.009          0.69787
40.529          0.68848
41.049          0.78838
41.568          1.1127
42.088          1.5189
42.607          1.3498
43.127          0.91506
43.647          0.71827
44.166          0.68116
44.686          0.74281
45.205          0.99416
45.725          1.4418
46.245          1.4603
46.764          1.0153
47.284          0.75020
47.803          0.68197
48.323          0.71353
48.843          0.89761
49.362          1.3240
49.882          1.5282
50.401          1.1389
50.921          0.79972
51.441          0.69077
51.960          0.69489
52.480          0.81929
52.999          1.1816
