0.0000          0.86996
0.51960         1.2789
1.0392          1.5386
1.5588          1.1844
2.0784          0.82062
2.5980          0.69518
3.1176          0.69052
3.6372          0.79854
4.1568          1.1362
4.6764          1.5273
5.1960          1.3267
5.7156          0.89934
6.2352          0.71399
6.7548          0.68188
7.2744          0.74942
7.7940          1.0131
8.3136          1.4585
8.8332          1.4438
9.3528          0.99627
9.8724          0.74353
10.392          0.68123
10.912          0.71776
11.431          0.91324
11.951          1.3472
12.470          1.5200
12.990          1.1154
13.510          0.78950
14.029          0.68870
14.549          0.69755
15.068          0.83146
15.588          1.2067
16.108          1.5412
16.627          1.2566
17.147          0.85747
17.666          0.70350
18.186          0.68527
18.706          0.77136
19.225          1.0713
19.745          1.4990
20.264          1.3899
20.784          0.94557
21.304          0.72713
21.823          0.68050
22.343          0.73183
22.862          0.96077
23.382          1.4076
23.902          1.4876
24.421          1.0525
24.941          0.76404
25.460          0.68401
25.980          0.70651
26.500          0.86995
27.019          1.2788
27.539          1.5386
28.059          1.1845
28.578          0.82063
29.098          0.69518
29.617          0.69052
30.137          0.79852
30.657          1.1362
31.176          1.5273
31.696          1.3267
32.215          0.89937
32.735          0.71400
33.255          0.68187
33.774          0.74940
34.294          1.0130
34.813          1.4585
35.333          1.4438
35.853          0.99631
36.372          0.74355
36.892          0.68123
37.411          0.71775
37.931          0.91321
38.451          1.3471
38.970          1.5200
39.490          1.1154
40.009          0.78952
40.529          0.68871
41.049          0.69755
41.568          0.83144
42.088          1.2067
42.607          1.5412
43.127          1.2567
43.647          0.85749
44.166          0.70351
44.686          0.68527
45.205          0.77135
45.725          1.0713
46.245          1.4989
46.764          1.3899
47.284          0.94558
47.803          0.72713
48.323          0.68050
48.843          0.73183
49.362          0.96077
49.882          1.4076
50.401          1.4876
50.921          1.0525
51.441          0.76403
51.960          0.68401
52.480          0.70651
52.999          0.86996
