0.0000          0.99715
0.51960         1.4446
1.0392          1.4578
1.5588          1.0122
2.0784          0.74909
2.5980          0.68184
3.1176          0.71419
3.6372          0.90007
4.1568          1.3278
4.6764          1.5270
5.1960          1.1351
5.7156          0.79805
6.2352          0.69042
6.7548          0.69530
7.2744          0.82118
7.7940          1.1856
8.3136          1.5388
8.8332          1.2777
9.3528          0.86930
9.8724          0.70634
10.392          0.68407
10.912          0.76441
11.431          1.0535
11.951          1.4882
12.470          1.4067
12.990          0.95997
13.510          0.73158
14.029          0.68050
14.549          0.72737
15.068          0.94635
15.588          1.3908
16.108          1.4984
16.627          1.0703
17.147          0.77096
17.666          0.68520
18.186          0.70366
18.706          0.85812
19.225          1.2578
19.745          1.5411
20.264          1.2055
20.784          0.83087
21.304          0.69742
21.823          0.68880
22.343          0.78997
22.862          1.1165
23.382          1.5204
23.902          1.3461
24.421          0.91249
24.941          0.71755
25.460          0.68126
25.980          0.74384
26.500          0.99715
27.019          1.4446
27.539          1.4578
28.059          1.0122
28.578          0.74909
29.098          0.68184
29.617          0.71419
30.137          0.90007
30.657          1.3278
31.176          1.5270
31.696          1.1351
32.215          0.79805
32.735          0.69042
33.255          0.69530
33.774          0.82118
34.294          1.1856
34.813          1.5388
35.333          1.2777
35.853          0.86930
36.372          0.70634
36.892          0.68407
37.411          0.76441
37.931          1.0535
38.451          1.4882
38.970          1.4067
39.490          0.95997
40.009          0.73158
40.529          0.68050
41.049          0.72737
41.568          0.94635
42.088          1.3908
42.607          1.4984
43.127          1.0703
43.647          0.77096
44.166          0.68520
44.686          0.70366
45.205          0.85812
45.725          1.2578
46.245          1.5411
46.764          1.2055
47.284          0.83087
47.803          0.69742
48.323          0.68880
48.843          0.78997
49.362          1.1165
49.882          1.5204
50.401          1.3461
50.921          0.91249
51.441          0.71755
51.960          0.68126
52.480          0.74384
52.999          0.99715
