0.0000          1.0179
0.51960         1.4625
1.0392          1.4395
1.5588          0.99164
2.0784          0.74195
2.5980          0.68108
3.1176          0.71887
3.6372          0.91722
4.1568          1.3528
4.6764          1.5177
5.1960          1.1096
5.7156          0.78706
6.2352          0.68822
6.7548          0.69825
7.2744          0.83461
7.7940          1.2130
8.3136          1.5416
8.8332          1.2503
9.3528          0.85403
9.8724          0.70269
10.392          0.68566
10.912          0.77352
11.431          1.0767
11.951          1.5020
12.470          1.3847
12.990          0.94135
13.510          0.72586
14.029          0.68054
14.549          0.73322
15.068          0.96515
15.588          1.4125
16.108          1.4842
16.627          1.0474
17.147          0.76205
17.666          0.68369
18.186          0.70740
18.706          0.87358
19.225          1.2851
19.745          1.5376
20.264          1.1782
20.784          0.81766
21.304          0.69454
21.823          0.69107
22.343          0.80118
22.862          1.1422
23.382          1.5292
23.902          1.3208
24.421          0.89550
24.941          0.71298
25.460          0.68209
25.980          0.75115
26.500          1.0179
27.019          1.4625
27.539          1.4395
28.059          0.99164
28.578          0.74195
29.098          0.68108
29.617          0.71887
30.137          0.91722
30.657          1.3528
31.176          1.5177
31.696          1.1096
32.215          0.78706
32.735          0.68822
33.255          0.69825
33.774          0.83461
34.294          1.2130
34.813          1.5416
35.333          1.2503
35.853          0.85403
36.372          0.70269
36.892          0.68566
37.411          0.77352
37.931          1.0767
38.451          1.5020
38.970          1.3847
39.490          0.94135
40.009          0.72586
40.529          0.68054
41.049          0.73322
41.568          0.96515
42.088          1.4125
42.607          1.4842
43.127          1.0474
43.647          0.76205
44.166          0.68369
44.686          0.70739
45.205          0.87357
45.725          1.2851
46.245          1.5376
46.764          1.1782
47.284          0.81766
47.803          0.69454
48.323          0.69107
48.843          0.80118
49.362          1.1422
49.882          1.5292
50.401          1.3208
50.921          0.89550
51.441          0.71298
51.960          0.68209
52.480          0.75115
52.999          1.0179
