0.0000          0.92399
0.51960         0.71859
1.0392          0.68938
1.5588          0.79693
2.0784          1.1347
2.5980          1.4877
3.1176          1.2575
3.6372          0.86095
4.1568          0.70229
4.6764          0.69976
5.1960          0.84982
5.7156          1.2383
6.2352          1.4905
6.7548          1.1531
7.2744          0.80556
7.7940          0.69085
8.3136          0.71529
8.8332          0.91220
9.3528          1.3346
9.8724          1.4646
10.392          1.0614
10.912          0.76550
11.431          0.68520
11.951          0.73462
12.470          0.97641
12.990          1.4068
13.510          1.4175
14.029          0.98843
14.549          0.73862
15.068          0.68475
15.588          0.75982
16.108          1.0469
16.627          1.4574
17.147          1.3496
17.666          0.92382
18.186          0.71854
18.706          0.68939
19.225          0.79703
19.745          1.1349
20.264          1.4878
20.784          1.2573
21.304          0.86082
21.823          0.70226
22.343          0.69977
22.862          0.84990
23.382          1.2385
23.902          1.4905
24.421          1.1530
24.941          0.80550
25.460          0.69084
25.980          0.71529
26.500          0.91220
27.019          1.3346
27.539          1.4646
28.059          1.0614
28.578          0.76551
29.098          0.68519
29.617          0.73458
30.137          0.97630
30.657          1.4067
31.176          1.4176
31.696          0.98858
32.215          0.73867
32.735          0.68474
33.255          0.75971
33.774          1.0466
34.294          1.4573
34.813          1.3499
35.333          0.92406
35.853          0.71861
36.372          0.68936
36.892          0.79682
37.411          1.1344
37.931          1.4877
38.451          1.2577
38.970          0.86110
39.490          0.70232
40.009          0.69971
40.529          0.84964
41.049          1.2380
41.568          1.4906
42.088          1.1534
42.607          0.80572
43.127          0.69088
43.647          0.71523
44.166          0.91199
44.686          1.3343
45.205          1.4647
45.725          1.0616
46.245          0.76561
46.764          0.68521
47.284          0.73455
47.803          0.97620
48.323          1.4066
48.843          1.4176
49.362          0.98865
49.882          0.73870
50.401          0.68475
50.921          0.75973
51.441          1.0467
51.960          1.4573
52.480          1.3498
52.999          0.92399
