0.0000          1.0163
0.51960         1.4612
1.0392          1.4409
1.5588          0.99315
2.0784          0.74247
2.5980          0.68113
3.1176          0.71850
3.6372          0.91590
4.1568          1.3510
4.6764          1.5184
5.1960          1.1115
5.7156          0.78786
6.2352          0.68838
6.7548          0.69802
7.2744          0.83357
7.7940          1.2110
8.3136          1.5415
8.8332          1.2524
9.3528          0.85515
9.8724          0.70296
10.392          0.68553
10.912          0.77281
11.431          1.0749
11.951          1.5010
12.470          1.3864
12.990          0.94272
13.510          0.72627
14.029          0.68052
14.549          0.73277
15.068          0.96373
15.588          1.4109
16.108          1.4853
16.627          1.0490
17.147          0.76269
17.666          0.68379
18.186          0.70711
18.706          0.87241
19.225          1.2831
19.745          1.5379
20.264          1.1802
20.784          0.81861
21.304          0.69474
21.823          0.69089
22.343          0.80033
22.862          1.1403
23.382          1.5286
23.902          1.3227
24.421          0.89672
24.941          0.71330
25.460          0.68202
25.980          0.75059
26.500          1.0164
27.019          1.4612
27.539          1.4409
28.059          0.99310
28.578          0.74245
29.098          0.68112
29.617          0.71851
30.137          0.91595
30.657          1.3510
31.176          1.5184
31.696          1.1114
32.215          0.78783
32.735          0.68837
33.255          0.69803
33.774          0.83360
34.294          1.2110
34.813          1.5415
35.333          1.2523
35.853          0.85512
36.372          0.70295
36.892          0.68553
37.411          0.77283
37.931          1.0750
38.451          1.5010
38.970          1.3864
39.490          0.94269
40.009          0.72626
40.529          0.68052
41.049          0.73277
41.568          0.96374
42.088          1.4109
42.607          1.4853
43.127          1.0490
43.647          0.76269
44.166          0.68379
44.686          0.70711
45.205          0.87240
45.725          1.2831
46.245          1.5379
46.764          1.1802
47.284          0.81862
47.803          0.69474
48.323          0.69089
48.843          0.80031
49.362          1.1402
49.882          1.5286
50.401          1.3227
50.921          0.89676
51.441          0.71331
51.960          0.68202
52.480          0.75057
52.999          1.0163
