0.0000          1.3370
0.51960         1.5238
1.0392          1.1258
1.5588          0.79397
2.0784          0.68960
2.5980          0.69634
3.1176          0.82595
3.6372          1.1955
4.1568          1.5401
4.6764          1.2678
5.1960          0.86368
5.7156          0.70498
6.2352          0.68461
6.7548          0.76762
7.2744          1.0618
7.7940          1.4934
8.3136          1.3989
8.8332          0.95314
9.3528          0.72945
9.8724          0.68048
10.392          0.72943
10.912          0.95310
11.431          1.3989
11.951          1.4934
12.470          1.0619
12.990          0.76764
13.510          0.68462
14.029          0.70498
14.549          0.86365
15.068          1.2678
15.588          1.5401
16.108          1.1956
16.627          0.82598
17.147          0.69634
17.666          0.68959
18.186          0.79394
18.706          1.1257
19.225          1.5238
19.745          1.3371
20.264          0.90625
20.784          0.71585
21.304          0.68153
21.823          0.74642
22.343          1.0046
22.862          1.4513
23.382          1.4513
23.902          1.0046
24.421          0.74643
24.941          0.68153
25.460          0.71584
25.980          0.90622
26.500          1.3370
27.019          1.5238
27.539          1.1258
28.059          0.79396
28.578          0.68959
29.098          0.69634
29.617          0.82595
30.137          1.1955
30.657          1.5401
31.176          1.2678
31.696          0.86368
32.215          0.70498
32.735          0.68461
33.255          0.76762
33.774          1.0618
34.294          1.4934
34.813          1.3989
35.333          0.95314
35.853          0.72945
36.372          0.68048
36.892          0.72943
37.411          0.95309
37.931          1.3988
38.451          1.4934
38.970          1.0619
39.490          0.76765
40.009          0.68462
40.529          0.70497
41.049          0.86363
41.568          1.2678
42.088          1.5401
42.607          1.1956
43.127          0.82599
43.647          0.69635
44.166          0.68959
44.686          0.79393
45.205          1.1257
45.725          1.5238
46.245          1.3371
46.764          0.90627
47.284          0.71585
47.803          0.68152
48.323          0.74641
48.843          1.0046
49.362          1.4513
49.882          1.4513
50.401          1.0046
50.921          0.74644
51.441          0.68153
51.960          0.71584
52.480          0.90621
52.999          1.3370
