0.0000          1.0528
0.51960         1.4878
1.0392          1.4074
1.5588          0.96055
2.0784          0.73176
2.5980          0.68050
3.1176          0.72719
3.6372          0.94578
4.1568          1.3901
4.6764          1.4988
5.1960          1.0710
5.7156          0.77125
6.2352          0.68525
6.7548          0.70354
7.2744          0.85764
7.7940          1.2570
8.3136          1.5411
8.8332          1.2064
9.3528          0.83130
9.8724          0.69752
10.392          0.68873
10.912          0.78962
11.431          1.1157
11.951          1.5201
12.470          1.3469
12.990          0.91305
13.510          0.71771
14.029          0.68123
14.549          0.74360
15.068          0.99647
15.588          1.4440
16.108          1.4584
16.627          1.0129
17.147          0.74934
17.666          0.68187
18.186          0.71404
18.706          0.89950
19.225          1.3269
19.745          1.5273
20.264          1.1360
20.784          0.79844
21.304          0.69050
21.823          0.69520
22.343          0.82073
22.862          1.1847
23.382          1.5386
23.902          1.2786
24.421          0.86983
24.941          0.70648
25.460          0.68402
25.980          0.76410
26.500          1.0527
27.019          1.4877
27.539          1.4075
28.059          0.96062
28.578          0.73178
29.098          0.68050
29.617          0.72718
30.137          0.94572
30.657          1.3901
31.176          1.4988
31.696          1.0711
32.215          0.77128
32.735          0.68525
33.255          0.70354
33.774          0.85761
34.294          1.2569
34.813          1.5411
35.333          1.2065
35.853          0.83133
36.372          0.69752
36.892          0.68872
37.411          0.78961
37.931          1.1156
38.451          1.5201
38.970          1.3469
39.490          0.91306
40.009          0.71771
40.529          0.68123
41.049          0.74361
41.568          0.99649
42.088          1.4440
42.607          1.4583
43.127          1.0128
43.647          0.74933
44.166          0.68186
44.686          0.71405
45.205          0.89954
45.725          1.3270
46.245          1.5272
46.764          1.1359
47.284          0.79840
47.803          0.69050
48.323          0.69521
48.843          0.82077
49.362          1.1848
49.882          1.5386
50.401          1.2786
50.921          0.86978
51.441          0.70646
51.960          0.68403
52.480          0.76414
52.999          1.0528
