0.0000          0.86590
0.51960         1.2718
1.0392          1.5396
1.5588          1.1916
2.0784          0.82404
2.5980          0.69592
3.1176          0.68992
3.6372          0.79558
4.1568          1.1295
4.6764          1.5251
5.1960          1.3334
5.7156          0.90376
6.2352          0.71518
6.7548          0.68165
7.2744          0.74748
7.7940          1.0076
8.3136          1.4539
8.8332          1.4486
9.3528          1.0016
9.8724          0.74538
10.392          0.68141
10.912          0.71652
11.431          0.90873
11.951          1.3407
12.470          1.5225
12.990          1.1220
13.510          0.79235
14.029          0.68927
14.549          0.69677
15.068          0.82792
15.588          1.1995
16.108          1.5405
16.627          1.2638
17.147          0.86143
17.666          0.70445
18.186          0.68484
18.706          0.76896
19.225          1.0652
19.745          1.4954
20.264          1.3957
20.784          0.95040
21.304          0.72860
21.823          0.68048
22.343          0.73029
22.862          0.95585
23.382          1.4020
23.902          1.4914
24.421          1.0585
24.941          0.76633
25.460          0.68439
25.980          0.70552
26.500          0.86591
27.019          1.2718
27.539          1.5396
28.059          1.1916
28.578          0.82403
29.098          0.69592
29.617          0.68992
30.137          0.79558
30.657          1.1295
31.176          1.5251
31.696          1.3333
32.215          0.90375
32.735          0.71517
33.255          0.68165
33.774          0.74748
34.294          1.0076
34.813          1.4539
35.333          1.4486
35.853          1.0016
36.372          0.74538
36.892          0.68141
37.411          0.71652
37.931          0.90873
38.451          1.3407
38.970          1.5225
39.490          1.1220
40.009          0.79234
40.529          0.68927
41.049          0.69677
41.568          0.82792
42.088          1.1995
42.607          1.5405
43.127          1.2638
43.647          0.86143
44.166          0.70445
44.686          0.68484
45.205          0.76896
45.725          1.0652
46.245          1.4954
46.764          1.3957
47.284          0.95040
47.803          0.72860
48.323          0.68048
48.843          0.73029
49.362          0.95584
49.882          1.4020
50.401          1.4914
50.921          1.0585
51.441          0.76633
51.960          0.68439
52.480          0.70552
52.999          0.86590
