0.0000          1.0346
0.51960         1.4753
1.0392          1.4243
1.5588          0.97623
2.0784          0.73680
2.5980          0.68070
3.1176          0.72280
3.6372          0.93098
4.1568          1.3715
4.6764          1.5090
5.1960          1.0904
5.7156          0.77908
6.2352          0.68669
6.7548          0.70075
7.2744          0.84563
7.7940          1.2345
8.3136          1.5421
8.8332          1.2288
9.3528          0.84266
9.8724          0.70007
10.392          0.68708
10.912          0.78115
11.431          1.0955
11.951          1.5114
12.470          1.3666
12.990          0.92729
13.510          0.72173
14.029          0.68078
14.549          0.73814
15.068          0.98028
15.588          1.4284
16.108          1.4720
16.627          1.0301
17.147          0.75560
17.666          0.68270
18.186          0.71054
18.706          0.88610
19.225          1.3059
19.745          1.5332
20.264          1.1572
20.784          0.80795
21.304          0.69247
21.823          0.69302
22.343          0.81052
22.862          1.1629
23.382          1.5345
23.902          1.3003
24.421          0.88269
24.941          0.70967
25.460          0.68295
25.980          0.75730
26.500          1.0347
27.019          1.4754
27.539          1.4242
28.059          0.97617
28.578          0.73679
29.098          0.68070
29.617          0.72281
30.137          0.93101
30.657          1.3715
31.176          1.5090
31.696          1.0904
32.215          0.77907
32.735          0.68668
33.255          0.70075
33.774          0.84564
34.294          1.2346
34.813          1.5421
35.333          1.2288
35.853          0.84266
36.372          0.70007
36.892          0.68708
37.411          0.78115
37.931          1.0955
38.451          1.5114
38.970          1.3666
39.490          0.92731
40.009          0.72173
40.529          0.68078
41.049          0.73813
41.568          0.98024
42.088          1.4284
42.607          1.4720
43.127          1.0302
43.647          0.75562
44.166          0.68271
44.686          0.71053
45.205          0.88605
45.725          1.3058
46.245          1.5332
46.764          1.1573
47.284          0.80799
47.803          0.69248
48.323          0.69301
48.843          0.81048
49.362          1.1628
49.882          1.5345
50.401          1.3004
50.921          0.88274
51.441          0.70969
51.960          0.68295
52.480          0.75727
52.999          1.0346
