0.0000          1.0387
0.51960         1.4782
1.0392          1.4206
1.5588          0.97266
2.0784          0.73564
2.5980          0.68064
3.1176          0.72376
3.6372          0.93426
4.1568          1.3757
4.6764          1.5068
5.1960          1.0860
5.7156          0.77728
6.2352          0.68635
6.7548          0.70136
7.2744          0.84828
7.7940          1.2396
8.3136          1.5421
8.8332          1.2238
9.3528          0.84007
9.8724          0.69948
10.392          0.68743
10.912          0.78300
11.431          1.0999
11.951          1.5135
12.470          1.3623
12.990          0.92406
13.510          0.72080
14.029          0.68087
14.549          0.73933
15.068          0.98386
15.588          1.4320
16.108          1.4690
16.627          1.0262
17.147          0.75416
17.666          0.68250
18.186          0.71130
18.706          0.88906
19.225          1.3107
19.745          1.5320
20.264          1.1524
20.784          0.80577
21.304          0.69202
21.823          0.69349
22.343          0.81276
22.862          1.1677
23.382          1.5356
23.902          1.2955
24.421          0.87977
24.941          0.70894
25.460          0.68317
25.980          0.75878
26.500          1.0387
27.019          1.4782
27.539          1.4205
28.059          0.97265
28.578          0.73563
29.098          0.68064
29.617          0.72376
30.137          0.93428
30.657          1.3757
31.176          1.5068
31.696          1.0860
32.215          0.77728
32.735          0.68635
33.255          0.70136
33.774          0.84829
34.294          1.2396
34.813          1.5421
35.333          1.2238
35.853          0.84006
36.372          0.69948
36.892          0.68743
37.411          0.78300
37.931          1.0999
38.451          1.5135
38.970          1.3623
39.490          0.92407
40.009          0.72080
40.529          0.68087
41.049          0.73933
41.568          0.98385
42.088          1.4320
42.607          1.4690
43.127          1.0262
43.647          0.75417
44.166          0.68250
44.686          0.71130
45.205          0.88905
45.725          1.3106
46.245          1.5320
46.764          1.1525
47.284          0.80578
47.803          0.69202
48.323          0.69349
48.843          0.81274
49.362          1.1677
49.882          1.5356
50.401          1.2955
50.921          0.87979
51.441          0.70894
51.960          0.68317
52.480          0.75877
52.999          1.0387
