0.0000          1.0106
0.51960         1.4565
1.0392          1.4460
1.5588          0.99865
2.0784          0.74435
2.5980          0.68131
3.1176          0.71720
3.6372          0.91121
4.1568          1.3443
4.6764          1.5211
5.1960          1.1183
5.7156          0.79077
6.2352          0.68896
6.7548          0.69720
7.2744          0.82986
7.7940          1.2035
8.3136          1.5409
8.8332          1.2599
9.3528          0.85925
9.8724          0.70393
10.392          0.68508
10.912          0.77027
11.431          1.0685
11.951          1.4974
12.470          1.3925
12.990          0.94774
13.510          0.72779
14.029          0.68049
14.549          0.73113
15.068          0.95853
15.588          1.4051
16.108          1.4893
16.627          1.0552
17.147          0.76507
17.666          0.68418
18.186          0.70606
18.706          0.86811
19.225          1.2756
19.745          1.5391
20.264          1.1877
20.784          0.82217
21.304          0.69551
21.823          0.69025
22.343          0.79718
22.862          1.1331
23.382          1.5263
23.902          1.3297
24.421          0.90135
24.941          0.71453
25.460          0.68177
25.980          0.74853
26.500          1.0106
27.019          1.4564
27.539          1.4460
28.059          0.99869
28.578          0.74437
29.098          0.68131
29.617          0.71720
30.137          0.91118
30.657          1.3442
31.176          1.5211
31.696          1.1184
32.215          0.79078
32.735          0.68896
33.255          0.69719
33.774          0.82985
34.294          1.2035
34.813          1.5409
35.333          1.2599
35.853          0.85925
36.372          0.70393
36.892          0.68508
37.411          0.77027
37.931          1.0686
38.451          1.4974
38.970          1.3925
39.490          0.94773
40.009          0.72778
40.529          0.68049
41.049          0.73114
41.568          0.95857
42.088          1.4052
42.607          1.4893
43.127          1.0552
43.647          0.76505
44.166          0.68418
44.686          0.70607
45.205          0.86815
45.725          1.2757
46.245          1.5390
46.764          1.1876
47.284          0.82213
47.803          0.69550
48.323          0.69025
48.843          0.79721
49.362          1.1332
49.882          1.5264
50.401          1.3297
50.921          0.90131
51.441          0.71452
51.960          0.68177
52.480          0.74855
52.999          1.0106
