0.0000          0.99140
0.51960         1.4393
1.0392          1.4627
1.5588          1.0182
2.0784          0.75124
2.5980          0.68210
3.1176          0.71293
3.6372          0.89531
4.1568          1.3205
4.6764          1.5293
5.1960          1.1425
5.7156          0.80132
6.2352          0.69109
6.7548          0.69451
7.2744          0.81751
7.7940          1.1779
8.3136          1.5375
8.8332          1.2854
9.3528          0.87376
9.8724          0.70744
10.392          0.68367
10.912          0.76195
11.431          1.0471
11.951          1.4840
12.470          1.4127
12.990          0.96538
13.510          0.73329
14.029          0.68054
14.549          0.72579
15.068          0.94113
15.588          1.3844
16.108          1.5021
16.627          1.0770
17.147          0.77363
17.666          0.68568
18.186          0.70265
18.706          0.85385
19.225          1.2500
19.745          1.5416
20.264          1.2134
20.784          0.83478
21.304          0.69829
21.823          0.68820
22.343          0.78693
22.862          1.1093
23.382          1.5175
23.902          1.3531
24.421          0.91743
24.941          0.71893
25.460          0.68107
25.980          0.74187
26.500          0.99140
27.019          1.4393
27.539          1.4627
28.059          1.0182
28.578          0.75124
29.098          0.68210
29.617          0.71293
30.137          0.89531
30.657          1.3205
31.176          1.5293
31.696          1.1425
32.215          0.80132
32.735          0.69109
33.255          0.69451
33.774          0.81751
34.294          1.1779
34.813          1.5375
35.333          1.2854
35.853          0.87376
36.372          0.70744
36.892          0.68367
37.411          0.76195
37.931          1.0471
38.451          1.4840
38.970          1.4127
39.490          0.96537
40.009          0.73329
40.529          0.68054
41.049          0.72579
41.568          0.94114
42.088          1.3844
42.607          1.5021
43.127          1.0770
43.647          0.77363
44.166          0.68568
44.686          0.70265
45.205          0.85386
45.725          1.2500
46.245          1.5416
46.764          1.2134
47.284          0.83477
47.803          0.69829
48.323          0.68820
48.843          0.78694
49.362          1.1093
49.882          1.5175
50.401          1.3531
50.921          0.91742
51.441          0.71893
51.960          0.68107
52.480          0.74187
52.999          0.99140
