0.0000          1.0155
0.51960         1.4605
1.0392          1.4416
1.5588          0.99393
2.0784          0.74273
2.5980          0.68115
3.1176          0.71832
3.6372          0.91524
4.1568          1.3500
4.6764          1.5188
5.1960          1.1125
5.7156          0.78827
6.2352          0.68846
6.7548          0.69790
7.2744          0.83304
7.7940          1.2099
8.3136          1.5414
8.8332          1.2535
9.3528          0.85573
9.8724          0.70309
10.392          0.68546
10.912          0.77245
11.431          1.0740
11.951          1.5005
12.470          1.3873
12.990          0.94343
13.510          0.72648
14.029          0.68052
14.549          0.73253
15.068          0.96298
15.588          1.4101
16.108          1.4859
16.627          1.0499
17.147          0.76303
17.666          0.68385
18.186          0.70695
18.706          0.87178
19.225          1.2820
19.745          1.5381
20.264          1.1813
20.784          0.81913
21.304          0.69485
21.823          0.69079
22.343          0.79986
22.862          1.1392
23.382          1.5283
23.902          1.3237
24.421          0.89742
24.941          0.71348
25.460          0.68198
25.980          0.75028
26.500          1.0155
27.019          1.4605
27.539          1.4417
28.059          0.99395
28.578          0.74274
29.098          0.68115
29.617          0.71831
30.137          0.91522
30.657          1.3500
31.176          1.5188
31.696          1.1125
32.215          0.78828
32.735          0.68846
33.255          0.69790
33.774          0.83303
34.294          1.2099
34.813          1.5414
35.333          1.2535
35.853          0.85574
36.372          0.70310
36.892          0.68546
37.411          0.77244
37.931          1.0740
38.451          1.5005
38.970          1.3873
39.490          0.94345
40.009          0.72649
40.529          0.68052
41.049          0.73252
41.568          0.96297
42.088          1.4101
42.607          1.4859
43.127          1.0499
43.647          0.76303
44.166          0.68385
44.686          0.70695
45.205          0.87178
45.725          1.2820
46.245          1.5381
46.764          1.1813
47.284          0.81913
47.803          0.69485
48.323          0.69079
48.843          0.79986
49.362          1.1392
49.882          1.5283
50.401          1.3237
50.921          0.89741
51.441          0.71348
51.960          0.68198
52.480          0.75028
52.999          1.0155
