0.0000          0.99742
0.51960         1.4449
1.0392          1.4575
1.5588          1.0119
2.0784          0.74900
2.5980          0.68182
3.1176          0.71425
3.6372          0.90029
4.1568          1.3281
4.6764          1.5269
5.1960          1.1348
5.7156          0.79790
6.2352          0.69039
6.7548          0.69533
7.2744          0.82135
7.7940          1.1860
8.3136          1.5388
8.8332          1.2774
9.3528          0.86909
9.8724          0.70630
10.392          0.68409
10.912          0.76452
11.431          1.0538
11.951          1.4884
12.470          1.4065
12.990          0.95972
13.510          0.73150
14.029          0.68049
14.549          0.72744
15.068          0.94659
15.588          1.3911
16.108          1.4982
16.627          1.0700
17.147          0.77084
17.666          0.68518
18.186          0.70370
18.706          0.85831
19.225          1.2582
19.745          1.5410
20.264          1.2052
20.784          0.83069
21.304          0.69738
21.823          0.68882
22.343          0.79011
22.862          1.1168
23.382          1.5205
23.902          1.3458
24.421          0.91226
24.941          0.71749
25.460          0.68127
25.980          0.74393
26.500          0.99742
27.019          1.4449
27.539          1.4575
28.059          1.0119
28.578          0.74899
29.098          0.68182
29.617          0.71425
30.137          0.90029
30.657          1.3281
31.176          1.5269
31.696          1.1348
32.215          0.79789
32.735          0.69039
33.255          0.69533
33.774          0.82135
34.294          1.1860
34.813          1.5388
35.333          1.2773
35.853          0.86908
36.372          0.70629
36.892          0.68409
37.411          0.76452
37.931          1.0538
38.451          1.4884
38.970          1.4064
39.490          0.95971
40.009          0.73150
40.529          0.68049
41.049          0.72744
41.568          0.94660
42.088          1.3911
42.607          1.4982
43.127          1.0700
43.647          0.77084
44.166          0.68518
44.686          0.70371
45.205          0.85832
45.725          1.2582
46.245          1.5410
46.764          1.2052
47.284          0.83069
47.803          0.69738
48.323          0.68882
48.843          0.79011
49.362          1.1168
49.882          1.5205
50.401          1.3458
50.921          0.91226
51.441          0.71749
51.960          0.68127
52.480          0.74393
52.999          0.99742
