0.0000          1.3254
0.51960         0.90548
1.0392          0.71347
1.5588          0.69182
2.0784          0.81086
2.5980          1.1641
3.1176          1.4916
3.6372          1.2269
4.1568          0.84343
4.6764          0.69836
5.1960          0.70390
5.7156          0.86776
6.2352          1.2687
6.7548          1.4854
7.2744          1.1238
7.7940          0.79199
8.3136          0.68860
8.8332          0.72070
9.3528          0.93131
9.8724          1.3588
10.392          1.4523
10.912          1.0378
11.431          0.75635
11.951          0.68457
12.470          0.74143
12.990          0.99663
13.510          1.4242
14.029          1.3992
14.549          0.96841
15.068          0.73203
15.588          0.68561
16.108          0.76964
16.627          1.0716
17.147          1.4691
17.666          1.3238
18.186          0.90426
18.706          0.71314
19.225          0.69195
19.745          0.81167
20.264          1.1658
20.784          1.4919
21.304          1.2254
21.823          0.84256
22.343          0.69816
22.862          0.70405
23.382          0.86841
23.902          1.2698
24.421          1.4854
24.941          1.1230
25.460          0.79161
25.980          0.68851
26.500          0.72071
27.019          0.93141
27.539          1.3590
28.059          1.4526
28.578          1.0379
29.098          0.75637
29.617          0.68452
30.137          0.74117
30.657          0.99591
31.176          1.4237
31.696          1.4002
32.215          0.96928
32.735          0.73230
33.255          0.68551
33.774          0.76893
34.294          1.0699
34.813          1.4685
35.333          1.3258
35.853          0.90569
36.372          0.71352
36.892          0.69171
37.411          0.81040
37.931          1.1632
38.451          1.4917
38.970          1.2281
39.490          0.84406
40.009          0.69849
40.529          0.70368
41.049          0.86685
41.568          1.2672
42.088          1.4859
42.607          1.1253
43.127          0.79268
43.647          0.68869
44.166          0.72034
44.686          0.93010
45.205          1.3574
45.725          1.4532
46.245          1.0393
46.764          0.75691
47.284          0.68459
47.803          0.74094
48.323          0.99520
48.843          1.4230
49.362          1.4005
49.882          0.96978
50.401          0.73247
50.921          0.68555
51.441          0.76897
51.960          1.0700
52.480          1.4684
52.999          1.3254
