0.0000          0.97992
0.51960         1.4280
1.0392          1.4723
1.5588          1.0305
2.0784          0.75575
2.5980          0.68272
3.1176          0.71046
3.6372          0.88579
4.1568          1.3054
4.6764          1.5333
5.1960          1.1578
5.7156          0.80818
6.2352          0.69252
6.7548          0.69297
7.2744          0.81028
7.7940          1.1623
8.3136          1.5344
8.8332          1.3008
9.3528          0.88300
9.8724          0.70975
10.392          0.68293
10.912          0.75714
11.431          1.0343
11.951          1.4751
12.470          1.4246
12.990          0.97654
13.510          0.73690
14.029          0.68071
14.549          0.72271
15.068          0.93069
15.588          1.3711
16.108          1.5092
16.627          1.0908
17.147          0.77925
17.666          0.68672
18.186          0.70069
18.706          0.84539
19.225          1.2341
19.745          1.5421
20.264          1.2293
20.784          0.84290
21.304          0.70012
21.823          0.68704
22.343          0.78098
22.862          1.0950
23.382          1.5112
23.902          1.3670
24.421          0.92760
24.941          0.72182
25.460          0.68078
25.980          0.73802
26.500          0.97992
27.019          1.4280
27.539          1.4723
28.059          1.0305
28.578          0.75575
29.098          0.68272
29.617          0.71046
30.137          0.88579
30.657          1.3054
31.176          1.5333
31.696          1.1578
32.215          0.80818
32.735          0.69252
33.255          0.69297
33.774          0.81028
34.294          1.1623
34.813          1.5344
35.333          1.3008
35.853          0.88300
36.372          0.70975
36.892          0.68293
37.411          0.75714
37.931          1.0343
38.451          1.4751
38.970          1.4246
39.490          0.97654
40.009          0.73691
40.529          0.68071
41.049          0.72271
41.568          0.93068
42.088          1.3711
42.607          1.5092
43.127          1.0909
43.647          0.77925
44.166          0.68672
44.686          0.70069
45.205          0.84538
45.725          1.2341
46.245          1.5421
46.764          1.2293
47.284          0.84291
47.803          0.70012
48.323          0.68704
48.843          0.78097
49.362          1.0950
49.882          1.5112
50.401          1.3670
50.921          0.92761
51.441          0.72182
51.960          0.68077
52.480          0.73802
52.999          0.97992
