0.0000          0.72480
0.51960         0.94522
1.0392          1.3750
1.5588          1.4426
2.0784          1.0219
2.5980          0.75039
3.1176          0.68435
3.6372          0.74654
4.1568          1.0112
4.6764          1.4353
5.1960          1.3855
5.7156          0.95482
6.2352          0.72774
6.7548          0.68646
7.2744          0.77705
7.7940          1.0895
8.3136          1.4760
8.8332          1.3049
9.3528          0.89107
9.8724          0.70967
10.392          0.69401
10.912          0.82245
11.431          1.1874
11.951          1.4930
12.470          1.2034
12.990          0.83070
13.510          0.69567
14.029          0.70726
14.549          0.88154
15.068          1.2906
15.588          1.4802
16.108          1.1031
16.627          0.78285
17.147          0.68723
17.666          0.72482
18.186          0.94526
18.706          1.3751
19.225          1.4425
19.745          1.0218
20.264          0.75036
20.784          0.68436
21.304          0.74664
21.823          1.0115
22.343          1.4354
22.862          1.3851
23.382          0.95453
23.902          0.72765
24.421          0.68649
24.941          0.77729
25.460          1.0901
25.980          1.4761
26.500          1.3043
27.019          0.89066
27.539          0.70957
28.059          0.69408
28.578          0.82283
29.098          1.1882
29.617          1.4930
30.137          1.2026
30.657          0.83031
31.176          0.69559
31.696          0.70736
32.215          0.88196
32.735          1.2912
33.255          1.4801
33.774          1.1025
34.294          0.78259
34.813          0.68719
35.333          0.72492
35.853          0.94558
36.372          1.3754
36.892          1.4423
37.411          1.0214
37.931          0.75024
38.451          0.68435
38.970          0.74669
39.490          1.0116
40.009          1.4356
40.529          1.3851
41.049          0.95444
41.568          0.72762
42.088          0.68648
42.607          0.77725
43.127          1.0900
43.647          1.4761
44.166          1.3045
44.686          0.89075
45.205          0.70959
45.725          0.69405
46.245          0.82266
46.764          1.1878
47.284          1.4931
47.803          1.2030
48.323          0.83050
48.843          0.69562
49.362          0.70729
49.882          0.88168
50.401          1.2908
50.921          1.4802
51.441          1.1029
51.960          0.78278
52.480          0.68722
52.999          0.72480
