0.0000          1.2553
0.51960         1.4882
1.0392          1.1368
1.5588          0.79788
2.0784          0.68953
2.5980          0.71818
3.1176          0.92256
3.6372          1.3481
4.1568          1.4583
4.6764          1.0484
5.1960          0.76039
5.7156          0.68479
6.2352          0.73818
6.7548          0.98713
7.2744          1.4164
7.7940          1.4080
8.3136          0.97766
8.8332          0.73503
9.3528          0.68514
9.8724          0.76489
10.392          1.0598
10.912          1.4639
11.431          1.3362
11.951          0.91338
12.470          0.71562
12.990          0.69070
13.510          0.80469
14.029          1.1513
14.549          1.4903
15.068          1.2402
15.588          0.85088
16.108          0.70000
16.627          0.70205
17.147          0.85991
17.666          1.2557
18.186          1.4880
18.706          1.1363
19.225          0.79768
19.745          0.68951
20.264          0.71831
20.784          0.92301
21.304          1.3486
21.823          1.4579
22.343          1.0478
22.862          0.76018
23.382          0.68478
23.902          0.73840
24.421          0.98778
24.941          1.4169
25.460          1.4073
25.980          0.97698
26.500          0.73481
27.019          0.68518
27.539          0.76526
28.059          1.0607
28.578          1.4643
29.098          1.3352
29.617          0.91262
30.137          0.71541
30.657          0.69079
31.176          0.80522
31.696          1.1524
32.215          1.4905
32.735          1.2390
33.255          0.85020
33.774          0.69984
34.294          0.70217
34.813          0.86046
35.333          1.2567
35.853          1.4879
36.372          1.1355
36.892          0.79729
37.411          0.68943
37.931          0.71839
38.451          0.92330
38.970          1.3490
39.490          1.4579
40.009          1.0476
40.529          0.76008
41.049          0.68475
41.568          0.73834
42.088          0.98762
42.607          1.4168
43.127          1.4077
43.647          0.97729
44.166          0.73490
44.686          0.68514
45.205          0.76496
45.725          1.0600
46.245          1.4640
46.764          1.3361
47.284          0.91331
47.803          0.71559
48.323          0.69068
48.843          0.80460
49.362          1.1511
49.882          1.4904
50.401          1.2404
50.921          0.85100
51.441          0.70001
51.960          0.70198
52.480          0.85963
52.999          1.2553
