0.0000          0.90272
0.51960         0.72118
1.0392          0.72147
1.5588          0.90390
2.0784          1.2921
2.5980          1.4012
3.1176          1.0302
3.6372          0.76231
4.1568          0.70426
4.6764          0.80909
5.1960          1.1378
5.7156          1.4336
6.2352          1.1858
6.7548          0.83402
7.2744          0.70714
7.7940          0.74688
8.3136          0.98807
8.8332          1.3750
9.3528          1.3323
9.8724          0.93912
10.392          0.73109
10.912          0.71344
11.431          0.86984
11.951          1.2454
12.470          1.4221
12.990          1.0785
13.510          0.78179
14.029          0.70282
14.549          0.78480
15.068          1.0855
15.588          1.4244
16.108          1.2387
16.627          0.86535
17.147          0.71242
17.666          0.73239
18.186          0.94380
18.706          1.3374
19.225          1.3720
19.745          0.98330
20.264          0.74508
20.784          0.70721
21.304          0.83611
21.823          1.1901
22.343          1.4342
22.862          1.1346
23.382          0.80728
23.902          0.70376
24.421          0.76249
24.941          1.0313
25.460          1.4028
25.980          1.2924
26.500          0.90355
27.019          0.72112
27.539          0.72050
28.059          0.90112
28.578          1.2893
29.098          1.4043
29.617          1.0344
30.137          0.76373
30.657          0.70368
31.176          0.80576
31.696          1.1314
32.215          1.4337
32.735          1.1930
33.255          0.83785
33.774          0.70755
34.294          0.74443
34.813          0.98122
35.333          1.3701
35.853          1.3389
36.372          0.94556
36.892          0.73299
37.411          0.71232
37.931          0.86443
38.451          1.2371
38.970          1.4244
39.490          1.0867
40.009          0.78541
40.529          0.70297
41.049          0.78164
41.568          1.0779
42.088          1.4215
42.607          1.2456
43.127          0.87007
43.647          0.71358
44.166          0.73128
44.686          0.93948
45.205          1.3324
45.725          1.3743
46.245          0.98751
46.764          0.74675
47.284          0.70732
47.803          0.83475
48.323          1.1870
48.843          1.4332
49.362          1.1364
49.882          0.80846
50.401          0.70425
50.921          0.76291
51.441          1.0317
51.960          1.4019
52.480          1.2905
52.999          0.90272
