0.0000          1.1556
0.51960         1.5328
1.0392          1.3075
1.5588          0.88709
2.0784          0.71080
2.5980          0.68263
3.1176          0.75512
3.6372          1.0288
4.1568          1.4710
4.6764          1.4296
5.1960          0.98148
5.7156          0.73854
6.2352          0.68081
6.7548          0.72141
7.2744          0.92619
7.7940          1.3651
8.3136          1.5121
8.8332          1.0970
9.3528          0.78178
9.8724          0.68720
10.392          0.69987
10.912          0.84177
11.431          1.2271
11.951          1.5421
12.470          1.2363
12.990          0.84654
13.510          0.70096
14.029          0.68657
14.549          0.77846
15.068          1.0889
15.588          1.5083
16.108          1.3729
16.627          0.93211
17.147          0.72313
17.666          0.68068
18.186          0.73640
18.706          0.97499
19.225          1.4230
19.745          1.4763
20.264          1.0360
20.784          0.75779
21.304          0.68302
21.823          0.70943
22.343          0.88171
22.862          1.2987
23.382          1.5349
23.902          1.1645
24.421          0.81126
24.941          0.69317
25.460          0.69232
25.980          0.80722
26.500          1.1556
27.019          1.5328
27.539          1.3075
28.059          0.88709
28.578          0.71080
29.098          0.68263
29.617          0.75512
30.137          1.0288
30.657          1.4710
31.176          1.4296
31.696          0.98148
32.215          0.73854
32.735          0.68081
33.255          0.72141
33.774          0.92620
34.294          1.3651
34.813          1.5121
35.333          1.0970
35.853          0.78178
36.372          0.68720
36.892          0.69987
37.411          0.84177
37.931          1.2271
38.451          1.5421
38.970          1.2363
39.490          0.84653
40.009          0.70095
40.529          0.68657
41.049          0.77846
41.568          1.0889
42.088          1.5083
42.607          1.3729
43.127          0.93211
43.647          0.72312
44.166          0.68068
44.686          0.73640
45.205          0.97499
45.725          1.4230
46.245          1.4763
46.764          1.0360
47.284          0.75779
47.803          0.68302
48.323          0.70943
48.843          0.88171
49.362          1.2987
49.882          1.5349
50.401          1.1645
50.921          0.81126
51.441          0.69317
51.960          0.69232
52.480          0.80722
52.999          1.1556
