0.0000          0.87178
0.51960         1.2820
1.0392          1.5381
1.5588          1.1813
2.0784          0.81912
2.5980          0.69485
3.1176          0.69080
3.6372          0.79986
4.1568          1.1392
4.6764          1.5283
5.1960          1.3237
5.7156          0.89741
6.2352          0.71348
6.7548          0.68198
7.2744          0.75028
7.7940          1.0155
8.3136          1.4605
8.8332          1.4416
9.3528          0.99394
9.8724          0.74273
10.392          0.68115
10.912          0.71831
11.431          0.91523
11.951          1.3500
12.470          1.5188
12.990          1.1125
13.510          0.78827
14.029          0.68846
14.549          0.69790
15.068          0.83304
15.588          1.2099
16.108          1.5414
16.627          1.2535
17.147          0.85574
17.666          0.70310
18.186          0.68546
18.706          0.77244
19.225          1.0740
19.745          1.5005
20.264          1.3873
20.784          0.94344
21.304          0.72649
21.823          0.68052
22.343          0.73253
22.862          0.96298
23.382          1.4101
23.902          1.4859
24.421          1.0499
24.941          0.76303
25.460          0.68384
25.980          0.70695
26.500          0.87178
27.019          1.2820
27.539          1.5381
28.059          1.1813
28.578          0.81912
29.098          0.69485
29.617          0.69080
30.137          0.79987
30.657          1.1392
31.176          1.5283
31.696          1.3237
32.215          0.89740
32.735          0.71348
33.255          0.68198
33.774          0.75029
34.294          1.0155
34.813          1.4605
35.333          1.4416
35.853          0.99392
36.372          0.74273
36.892          0.68115
37.411          0.71832
37.931          0.91525
38.451          1.3501
38.970          1.5188
39.490          1.1125
40.009          0.78826
40.529          0.68846
41.049          0.69790
41.568          0.83305
42.088          1.2099
42.607          1.5414
43.127          1.2535
43.647          0.85572
44.166          0.70309
44.686          0.68546
45.205          0.77245
45.725          1.0740
46.245          1.5005
46.764          1.3873
47.284          0.94342
47.803          0.72648
48.323          0.68052
48.843          0.73253
49.362          0.96299
49.882          1.4101
50.401          1.4859
50.921          1.0499
51.441          0.76303
51.960          0.68384
52.480          0.70695
52.999          0.87178
