0.0000          0.73459
0.51960         0.97633
1.0392          1.4068
1.5588          1.4177
2.0784          0.98860
2.5980          0.73868
3.1176          0.68472
3.6372          0.75963
4.1568          1.0464
4.6764          1.4572
5.1960          1.3502
5.7156          0.92429
6.2352          0.71867
6.7548          0.68931
7.2744          0.79658
7.7940          1.1339
8.3136          1.4876
8.8332          1.2583
9.3528          0.86146
9.8724          0.70241
10.392          0.69962
10.912          0.84921
11.431          1.2373
11.951          1.4907
12.470          1.1542
12.990          0.80609
13.510          0.69095
14.029          0.71509
14.549          0.91144
15.068          1.3335
15.588          1.4651
16.108          1.0624
16.627          0.76591
17.147          0.68524
17.666          0.73436
18.186          0.97561
18.706          1.4060
19.225          1.4181
19.745          0.98926
20.264          0.73891
20.784          0.68474
21.304          0.75949
21.823          1.0460
22.343          1.4569
22.862          1.3504
23.382          0.92451
23.902          0.71874
24.421          0.68933
24.941          0.79662
25.460          1.1340
25.980          1.4875
26.500          1.2581
27.019          0.86136
27.539          0.70239
28.059          0.69969
28.578          0.84949
29.098          1.2377
29.617          1.4905
30.137          1.1536
30.657          0.80580
31.176          0.69090
31.696          0.71524
32.215          0.91199
32.735          1.3343
33.255          1.4646
33.774          1.0616
34.294          0.76559
34.813          0.68522
35.333          0.73463
35.853          0.97642
36.372          1.4068
36.892          1.4174
37.411          0.98838
37.931          0.73861
38.451          0.68477
38.970          0.75993
39.490          1.0471
40.009          1.4575
40.529          1.3493
41.049          0.92359
41.568          0.71848
42.088          0.68944
42.607          0.79725
43.127          1.1353
43.647          1.4878
44.166          1.2568
44.686          0.86056
45.205          0.70220
45.725          0.69984
46.245          0.85018
46.764          1.2389
47.284          1.4905
47.803          1.1526
48.323          0.80532
48.843          0.69081
49.362          0.71535
49.882          0.91241
50.401          1.3349
50.921          1.4646
51.441          1.0612
51.960          0.76543
52.480          0.68518
52.999          0.73459
