0.0000          0.91520
0.51960         1.3500
1.0392          1.5188
1.5588          1.1125
2.0784          0.78829
2.5980          0.68846
3.1176          0.69790
3.6372          0.83301
4.1568          1.2098
4.6764          1.5414
5.1960          1.2535
5.7156          0.85576
6.2352          0.70310
6.7548          0.68546
7.2744          0.77243
7.7940          1.0740
8.3136          1.5005
8.8332          1.3873
9.3528          0.94347
9.8724          0.72649
10.392          0.68052
10.912          0.73252
11.431          0.96295
11.951          1.4101
12.470          1.4859
12.990          1.0499
13.510          0.76304
14.029          0.68385
14.549          0.70695
15.068          0.87177
15.588          1.2820
16.108          1.5381
16.627          1.1813
17.147          0.81913
17.666          0.69485
18.186          0.69079
18.706          0.79986
19.225          1.1392
19.745          1.5283
20.264          1.3237
20.784          0.89741
21.304          0.71348
21.823          0.68198
22.343          0.75029
22.862          1.0155
23.382          1.4605
23.902          1.4416
24.421          0.99392
24.941          0.74273
25.460          0.68115
25.980          0.71832
26.500          0.91525
27.019          1.3501
27.539          1.5188
28.059          1.1125
28.578          0.78826
29.098          0.68846
29.617          0.69790
30.137          0.83305
30.657          1.2099
31.176          1.5414
31.696          1.2535
32.215          0.85572
32.735          0.70309
33.255          0.68546
33.774          0.77245
34.294          1.0740
34.813          1.5005
35.333          1.3873
35.853          0.94343
36.372          0.72648
36.892          0.68052
37.411          0.73253
37.931          0.96298
38.451          1.4101
38.970          1.4859
39.490          1.0499
40.009          0.76303
40.529          0.68385
41.049          0.70695
41.568          0.87177
42.088          1.2820
42.607          1.5381
43.127          1.1813
43.647          0.81914
44.166          0.69486
44.686          0.69079
45.205          0.79985
45.725          1.1392
46.245          1.5283
46.764          1.3238
47.284          0.89743
47.803          0.71349
48.323          0.68198
48.843          0.75027
49.362          1.0155
49.882          1.4605
50.401          1.4417
50.921          0.99397
51.441          0.74275
51.960          0.68115
52.480          0.71831
52.999          0.91520
