0.0000          1.0419
0.51960         1.4805
1.0392          1.4176
1.5588          0.96988
2.0784          0.73474
2.5980          0.68060
3.1176          0.72452
3.6372          0.93686
4.1568          1.3790
4.6764          1.5051
5.1960          1.0826
5.7156          0.77589
6.2352          0.68609
6.7548          0.70184
7.2744          0.85037
7.7940          1.2435
8.3136          1.5419
8.8332          1.2199
9.3528          0.83805
9.8724          0.69902
10.392          0.68772
10.912          0.78448
11.431          1.1035
11.951          1.5150
12.470          1.3588
12.990          0.92154
13.510          0.72009
14.029          0.68094
14.549          0.74028
15.068          0.98671
15.588          1.4348
16.108          1.4667
16.627          1.0231
17.147          0.75304
17.666          0.68234
18.186          0.71192
18.706          0.89143
19.225          1.3144
19.745          1.5310
20.264          1.1486
20.784          0.80406
21.304          0.69166
21.823          0.69387
22.343          0.81456
22.862          1.1716
23.382          1.5363
23.902          1.2917
24.421          0.87745
24.941          0.70836
25.460          0.68336
25.980          0.75999
26.500          1.0419
27.019          1.4805
27.539          1.4176
28.059          0.96983
28.578          0.73472
29.098          0.68059
29.617          0.72454
30.137          0.93692
30.657          1.3791
31.176          1.5050
31.696          1.0825
32.215          0.77585
32.735          0.68608
33.255          0.70185
33.774          0.85043
34.294          1.2436
34.813          1.5419
35.333          1.2198
35.853          0.83800
36.372          0.69901
36.892          0.68772
37.411          0.78451
37.931          1.1036
38.451          1.5151
38.970          1.3587
39.490          0.92149
40.009          0.72007
40.529          0.68094
41.049          0.74030
41.568          0.98675
42.088          1.4348
42.607          1.4666
43.127          1.0231
43.647          0.75303
44.166          0.68234
44.686          0.71192
45.205          0.89144
45.725          1.3144
46.245          1.5310
46.764          1.1486
47.284          0.80406
47.803          0.69166
48.323          0.69387
48.843          0.81455
49.362          1.1716
49.882          1.5363
50.401          1.2917
50.921          0.87748
51.441          0.70836
51.960          0.68336
52.480          0.75997
52.999          1.0419
