0.0000          0.97872
0.51960         1.4268
1.0392          1.4733
1.5588          1.0319
2.0784          0.75624
2.5980          0.68279
3.1176          0.71021
3.6372          0.88480
4.1568          1.3038
4.6764          1.5337
5.1960          1.1594
5.7156          0.80892
6.2352          0.69268
6.7548          0.69281
7.2744          0.80954
7.7940          1.1607
8.3136          1.5340
8.8332          1.3025
9.3528          0.88398
9.8724          0.71000
10.392          0.68285
10.912          0.75665
11.431          1.0330
11.951          1.4741
12.470          1.4258
12.990          0.97773
13.510          0.73730
14.029          0.68073
14.549          0.72239
15.068          0.92959
15.588          1.3696
16.108          1.5099
16.627          1.0923
17.147          0.77986
17.666          0.68683
18.186          0.70049
18.706          0.84450
19.225          1.2324
19.745          1.5422
20.264          1.2310
20.784          0.84379
21.304          0.70033
21.823          0.68693
22.343          0.78035
22.862          1.0935
23.382          1.5105
23.902          1.3685
24.421          0.92871
24.941          0.72214
25.460          0.68075
25.980          0.73762
26.500          0.97870
27.019          1.4268
27.539          1.4733
28.059          1.0319
28.578          0.75625
29.098          0.68280
29.617          0.71021
30.137          0.88478
30.657          1.3038
31.176          1.5337
31.696          1.1594
32.215          0.80894
32.735          0.69268
33.255          0.69281
33.774          0.80952
34.294          1.1607
34.813          1.5340
35.333          1.3025
35.853          0.88400
36.372          0.71001
36.892          0.68285
37.411          0.75664
37.931          1.0329
38.451          1.4741
38.970          1.4258
39.490          0.97775
40.009          0.73730
40.529          0.68073
41.049          0.72239
41.568          0.92958
42.088          1.3696
42.607          1.5099
43.127          1.0923
43.647          0.77986
44.166          0.68683
44.686          0.70049
45.205          0.84450
45.725          1.2324
46.245          1.5422
46.764          1.2310
47.284          0.84379
47.803          0.70033
48.323          0.68693
48.843          0.78036
49.362          1.0935
49.882          1.5105
50.401          1.3685
50.921          0.92870
51.441          0.72213
51.960          0.68075
52.480          0.73762
52.999          0.97872
