0.0000          1.0829
0.51960         1.5052
1.0392          1.3787
1.5588          0.93661
2.0784          0.72445
2.5980          0.68060
3.1176          0.73483
3.6372          0.97016
4.1568          1.4179
4.6764          1.4802
5.1960          1.0415
5.7156          0.75985
6.2352          0.68334
6.7548          0.70842
7.2744          0.87771
7.7940          1.2921
8.3136          1.5363
8.8332          1.1712
9.3528          0.81436
9.8724          0.69383
10.392          0.69170
10.912          0.80424
11.431          1.1490
11.951          1.5311
12.470          1.3140
12.990          0.89118
13.510          0.71185
14.029          0.68236
14.549          0.75315
15.068          1.0235
15.588          1.4669
16.108          1.4345
16.627          0.98643
17.147          0.74019
17.666          0.68093
18.186          0.72015
18.706          0.92178
19.225          1.3591
19.745          1.5149
20.264          1.1031
20.784          0.78434
21.304          0.68769
21.823          0.69907
22.343          0.83824
22.862          1.2202
23.382          1.5419
23.902          1.2432
24.421          0.85019
24.941          0.70180
25.460          0.68611
25.980          0.77601
26.500          1.0829
27.019          1.5052
27.539          1.3788
28.059          0.93662
28.578          0.72445
29.098          0.68060
29.617          0.73482
30.137          0.97014
30.657          1.4179
31.176          1.4803
31.696          1.0416
32.215          0.75986
32.735          0.68334
33.255          0.70842
33.774          0.87769
34.294          1.2921
34.813          1.5363
35.333          1.1712
35.853          0.81438
36.372          0.69383
36.892          0.69170
37.411          0.80423
37.931          1.1490
38.451          1.5311
38.970          1.3141
39.490          0.89120
40.009          0.71186
40.529          0.68236
41.049          0.75315
41.568          1.0234
42.088          1.4669
42.607          1.4345
43.127          0.98644
43.647          0.74019
44.166          0.68093
44.686          0.72015
45.205          0.92178
45.725          1.3591
46.245          1.5149
46.764          1.1031
47.284          0.78434
47.803          0.68769
48.323          0.69907
48.843          0.83824
49.362          1.2202
49.882          1.5419
50.401          1.2432
50.921          0.85018
51.441          0.70180
51.960          0.68611
52.480          0.77602
52.999          1.0829
