0.0000          1.2309
0.51960         0.84564
1.0392          0.69884
1.5588          0.70336
2.0784          0.86547
2.5980          1.2650
3.1176          1.4862
3.6372          1.1273
4.1568          0.79360
4.6764          0.68885
5.1960          0.72002
5.7156          0.92898
6.2352          1.3560
6.7548          1.4539
7.2744          1.0406
7.7940          0.75740
8.3136          0.68462
8.8332          0.74060
9.3528          0.99421
9.8724          1.4222
10.392          1.4014
10.912          0.97074
11.431          0.73278
11.951          0.68549
12.470          0.76844
12.990          1.0687
13.510          1.4678
14.029          1.3269
14.549          0.90654
15.068          0.71376
15.588          0.69163
16.108          0.80988
16.627          1.1621
17.147          1.4915
17.666          1.2291
18.186          0.84466
18.706          0.69862
19.225          0.70351
19.745          0.86616
20.264          1.2662
20.784          1.4862
21.304          1.1265
21.823          0.79320
22.343          0.68876
22.862          0.72002
23.382          0.92901
23.902          1.3561
24.421          1.4542
24.941          1.0408
25.460          0.75746
25.980          0.68457
26.500          0.74026
27.019          0.99327
27.539          1.4216
28.059          1.4027
28.578          0.97186
29.098          0.73313
29.617          0.68537
30.137          0.76756
30.657          1.0665
31.176          1.4671
31.696          1.3294
32.215          0.90830
32.735          0.71422
33.255          0.69134
33.774          0.80834
34.294          1.1589
34.813          1.4913
35.333          1.2325
35.853          0.84651
36.372          0.69902
36.892          0.70307
37.411          0.86427
37.931          1.2630
38.451          1.4867
38.970          1.1294
39.490          0.79453
40.009          0.68899
40.529          0.71958
41.049          0.92744
41.568          1.3541
42.088          1.4550
42.607          1.0425
43.127          0.75812
43.647          0.68466
44.166          0.74000
44.686          0.99247
45.205          1.4208
45.725          1.4030
46.245          0.97240
46.764          0.73332
47.284          0.68542
47.803          0.76765
48.323          1.0667
48.843          1.4669
49.362          1.3288
49.882          0.90795
50.401          0.71414
50.921          0.69147
51.441          0.80897
51.960          1.1602
52.480          1.4912
52.999          1.2309
