0.0000          0.68471
0.51960         0.73913
1.0392          0.98992
1.5588          1.4187
2.0784          1.4055
2.5980          0.97497
3.1176          0.73415
3.6372          0.68526
4.1568          0.76620
4.6764          1.0631
5.1960          1.4654
5.7156          1.3327
6.2352          0.91083
6.7548          0.71492
7.2744          0.69103
7.7940          0.80658
8.3136          1.1552
8.8332          1.4908
9.3528          1.2361
9.8724          0.84857
10.392          0.69948
10.912          0.70258
11.431          0.86220
11.951          1.2596
12.470          1.4873
12.990          1.1326
13.510          0.79600
14.029          0.68922
14.549          0.71895
15.068          0.92527
15.588          1.3514
16.108          1.4565
16.627          1.0451
17.147          0.75914
17.666          0.68471
18.186          0.73914
18.706          0.98995
19.225          1.4187
19.745          1.4055
20.264          0.97493
20.784          0.73414
21.304          0.68527
21.823          0.76622
22.343          1.0632
22.862          1.4654
23.382          1.3327
23.902          0.91078
24.421          0.71491
24.941          0.69104
25.460          0.80661
25.980          1.1553
26.500          1.4908
27.019          1.2361
27.539          0.84853
28.059          0.69947
28.578          0.70259
29.098          0.86224
29.617          1.2596
30.137          1.4873
30.657          1.1326
31.176          0.79598
31.696          0.68922
32.215          0.71896
32.735          0.92529
33.255          1.3515
33.774          1.4565
34.294          1.0451
34.813          0.75913
35.333          0.68470
35.853          0.73914
36.372          0.98995
36.892          1.4188
37.411          1.4055
37.931          0.97493
38.451          0.73414
38.970          0.68526
39.490          0.76622
40.009          1.0631
40.529          1.4654
41.049          1.3327
41.568          0.91080
42.088          0.71491
42.607          0.69103
43.127          0.80659
43.647          1.1553
44.166          1.4908
44.686          1.2361
45.205          0.84856
45.725          0.69948
46.245          0.70258
46.764          0.86221
47.284          1.2596
47.803          1.4873
48.323          1.1326
48.843          0.79601
49.362          0.68923
49.882          0.71895
50.401          0.92526
50.921          1.3514
51.441          1.4565
51.960          1.0451
52.480          0.75914
52.999          0.68471
