0.0000          1.0592
0.51960         1.4927
1.0392          1.4513
1.5588          1.0104
2.0784          0.76393
2.5980          0.69850
3.1176          0.70627
3.6372          0.80444
4.1568          1.1178
4.6764          1.5281
5.1960          1.3955
5.7156          0.95970
6.2352          0.74675
6.7548          0.69541
7.2744          0.71286
7.7940          0.83635
8.3136          1.1910
8.8332          1.5530
9.3528          1.3220
9.8724          0.90737
10.392          0.73079
10.912          0.69365
11.431          0.72334
11.951          0.88000
12.470          1.2762
12.990          1.5591
13.510          1.2364
14.029          0.85862
14.549          0.71799
15.068          0.69421
15.588          0.73785
16.108          0.93136
16.627          1.3579
17.147          1.5433
17.666          1.1555
18.186          0.82033
18.706          0.70946
19.225          0.69674
19.745          0.75452
20.264          0.98312
20.784          1.4230
21.304          1.5128
21.823          1.0896
22.343          0.79320
22.862          0.70412
23.382          0.70009
23.902          0.77210
24.421          1.0333
24.941          1.4721
25.460          1.4740
25.980          1.0356
26.500          0.77292
27.019          0.70025
27.539          0.70393
28.059          0.79218
28.578          1.0869
29.098          1.5113
29.617          1.4255
30.137          0.98539
30.657          0.75529
31.176          0.69688
31.696          0.70917
32.215          0.81890
32.735          1.1522
33.255          1.5422
33.774          1.3612
34.294          0.93373
34.813          0.73857
35.333          0.69429
35.853          0.71751
36.372          0.85663
36.892          1.2325
37.411          1.5588
37.931          1.2801
38.451          0.88222
38.970          0.72392
39.490          0.69362
40.009          0.73012
40.529          0.90502
41.049          1.3183
41.568          1.5537
42.088          1.1947
42.607          0.83808
43.127          0.71324
43.647          0.69530
44.166          0.74599
44.686          0.95734
45.205          1.3925
45.725          1.5295
46.245          1.1208
46.764          0.80566
47.284          0.70651
47.803          0.69834
48.323          0.76313
48.843          1.0081
49.362          1.4491
49.882          1.4944
50.401          1.0616
50.921          0.78252
51.441          0.70208
51.960          0.70191
52.480          0.78161
52.999          1.0592
