0.0000          1.0305
0.51960         1.4697
1.0392          1.4764
1.5588          1.0384
2.0784          0.77394
2.5980          0.70044
3.1176          0.70369
3.6372          0.79095
4.1568          1.0838
4.6764          1.5093
5.1960          1.4285
5.7156          0.98816
6.2352          0.75623
6.7548          0.69705
7.2744          0.70881
7.7940          0.81718
8.3136          1.1482
8.8332          1.5408
9.3528          1.3652
9.8724          0.93659
10.392          0.73945
10.912          0.69440
11.431          0.71695
11.951          0.85427
12.470          1.2279
12.990          1.5584
13.510          1.2848
14.029          0.88489
14.549          0.72462
15.068          0.69359
15.588          0.72934
16.108          0.90222
16.627          1.3138
17.147          1.5546
17.666          1.1991
18.186          0.84018
18.706          0.71371
19.225          0.69516
19.745          0.74509
20.264          0.95452
20.784          1.3890
21.304          1.5311
21.823          1.1244
22.343          0.80714
22.862          0.70681
23.382          0.69816
23.902          0.76218
24.421          1.0054
24.941          1.4464
25.460          1.4965
25.980          1.0646
26.500          0.78363
27.019          0.70229
27.539          0.70170
28.059          0.78052
28.578          1.0563
29.098          1.4905
29.617          1.4539
30.137          1.0132
30.657          0.76491
31.176          0.69869
31.696          0.70599
32.215          0.80299
32.735          1.1142
33.255          1.5263
33.774          1.3990
34.294          0.96257
34.813          0.74769
35.333          0.69556
35.853          0.71241
36.372          0.83427
36.892          1.1865
37.411          1.5520
37.931          1.3266
38.451          0.91027
38.970          0.73162
39.490          0.69369
40.009          0.72264
40.529          0.87729
41.049          1.2714
41.568          1.5594
42.088          1.2413
42.607          0.86111
43.127          0.71859
43.647          0.69412
44.166          0.73696
44.686          0.92842
45.205          1.3537
45.725          1.5447
46.245          1.1597
46.764          0.82215
47.284          0.70983
47.803          0.69657
48.323          0.75357
48.843          0.98030
49.362          1.4198
49.882          1.5148
50.401          1.0929
50.921          0.79448
51.441          0.70437
51.960          0.69989
52.480          0.77109
52.999          1.0305
