0.0000          1.1182
0.51960         1.4843
1.0392          1.2747
1.5588          0.87142
2.0784          0.70477
2.5980          0.69758
3.1176          0.83983
3.6372          1.2204
4.1568          1.4922
4.6764          1.1706
5.1960          0.81402
5.7156          0.69239
6.2352          0.71235
6.7548          0.90129
7.2744          1.3197
7.7940          1.4708
8.3136          1.0756
8.8332          0.77125
9.3528          0.68577
9.8724          0.73101
10.392          0.96522
10.912          1.3961
11.431          1.4269
11.951          1.0000
12.470          0.74260
12.990          0.68448
13.510          0.75481
14.029          1.0337
14.549          1.4500
15.068          1.3631
15.588          0.93484
16.108          0.72172
16.627          0.68819
17.147          0.78946
17.666          1.1182
18.186          1.4843
18.706          1.2748
19.225          0.87147
19.745          0.70478
20.264          0.69756
20.784          0.83978
21.304          1.2203
21.823          1.4923
22.343          1.1707
22.862          0.81408
23.382          0.69240
23.902          0.71233
24.421          0.90121
24.941          1.3195
25.460          1.4708
25.980          1.0757
26.500          0.77130
27.019          0.68578
27.539          0.73098
28.059          0.96513
28.578          1.3960
29.098          1.4270
29.617          1.0001
30.137          0.74264
30.657          0.68448
31.176          0.75477
31.696          1.0336
32.215          1.4500
32.735          1.3632
33.255          0.93492
33.774          0.72174
34.294          0.68819
34.813          0.78942
35.333          1.1181
35.853          1.4842
36.372          1.2749
36.892          0.87152
37.411          0.70480
37.931          0.69756
38.451          0.83974
38.970          1.2202
39.490          1.4923
40.009          1.1708
40.529          0.81411
41.049          0.69241
41.568          0.71232
42.088          0.90120
42.607          1.3195
43.127          1.4708
43.647          1.0757
44.166          0.77130
44.686          0.68578
45.205          0.73099
45.725          0.96517
46.245          1.3961
46.764          1.4269
47.284          1.0001
47.803          0.74262
48.323          0.68448
48.843          0.75481
49.362          1.0337
49.882          1.4500
50.401          1.3631
50.921          0.93483
51.441          0.72172
51.960          0.68820
52.480          0.78949
52.999          1.1182
