0.0000          1.4434
0.51960         0.99588
1.0392          0.74340
1.5588          0.68121
2.0784          0.71785
2.5980          0.91357
3.1176          1.3477
3.6372          1.5198
4.1568          1.1149
4.6764          0.78929
5.1960          0.68866
5.7156          0.69761
6.2352          0.83173
6.7548          1.2073
7.2744          1.5412
7.7940          1.2561
8.3136          0.85716
8.8332          0.70343
9.3528          0.68530
9.8724          0.77156
10.392          1.0718
10.912          1.4992
11.431          1.3894
11.951          0.94517
12.470          0.72701
12.990          0.68050
13.510          0.73196
14.029          0.96120
14.549          1.4081
15.068          1.4873
15.588          1.0520
16.108          0.76384
16.627          0.68398
17.147          0.70660
17.666          0.87033
18.186          1.2795
18.706          1.5385
19.225          1.1838
19.745          0.82032
20.264          0.69511
20.784          0.69058
21.304          0.79881
21.823          1.1368
22.343          1.5275
22.862          1.3261
23.382          0.89895
23.902          0.71389
24.421          0.68190
24.941          0.74959
25.460          1.0136
25.980          1.4589
26.500          1.4434
27.019          0.99579
27.539          0.74337
28.059          0.68121
28.578          0.71787
29.098          0.91364
29.617          1.3478
30.137          1.5197
30.657          1.1148
31.176          0.78926
31.696          0.68865
32.215          0.69762
32.735          0.83177
33.255          1.2074
33.774          1.5412
34.294          1.2560
34.813          0.85713
35.333          0.70342
35.853          0.68531
36.372          0.77157
36.892          1.0718
37.411          1.4993
37.931          1.3894
38.451          0.94516
38.970          0.72701
39.490          0.68050
40.009          0.73196
40.529          0.96118
41.049          1.4081
41.568          1.4873
42.088          1.0521
42.607          0.76385
43.127          0.68398
43.647          0.70659
44.166          0.87028
44.686          1.2794
45.205          1.5385
45.725          1.1839
46.245          0.82036
46.764          0.69512
47.284          0.69057
47.803          0.79876
48.323          1.1367
48.843          1.5275
49.362          1.3262
49.882          0.89902
50.401          0.71391
50.921          0.68189
51.441          0.74956
51.960          1.0135
52.480          1.4589
52.999          1.4434
