0.0000          1.0276
0.51960         1.4672
1.0392          1.4788
1.5588          1.0413
2.0784          0.77501
2.5980          0.70064
3.1176          0.70345
3.6372          0.78969
4.1568          1.0805
4.6764          1.5073
5.1960          1.4316
5.7156          0.99101
6.2352          0.75720
6.7548          0.69723
7.2744          0.70846
7.7940          0.81545
8.3136          1.1442
8.8332          1.5393
9.3528          1.3692
9.8724          0.93954
10.392          0.74036
10.912          0.69451
11.431          0.71638
11.951          0.85187
12.470          1.2231
12.990          1.5580
13.510          1.2896
14.029          0.88768
14.549          0.72536
15.068          0.69357
15.588          0.72853
16.108          0.89934
16.627          1.3091
17.147          1.5554
17.666          1.2038
18.186          0.84239
18.706          0.71421
19.225          0.69502
19.745          0.74415
20.264          0.95159
20.784          1.3852
21.304          1.5328
21.823          1.1282
22.343          0.80871
22.862          0.70712
23.382          0.69798
23.902          0.76119
24.421          1.0026
24.941          1.4435
25.460          1.4987
25.980          1.0677
26.500          0.78480
27.019          0.70252
27.539          0.70149
28.059          0.77940
28.578          1.0532
29.098          1.4882
29.617          1.4567
30.137          1.0160
30.657          0.76593
31.176          0.69889
31.696          0.70571
32.215          0.80149
32.735          1.1105
33.255          1.5244
33.774          1.4027
34.294          0.96557
34.813          0.74867
35.333          0.69572
35.853          0.71194
36.372          0.83213
36.892          1.1819
37.411          1.5509
37.931          1.3312
38.451          0.91331
38.970          0.73249
39.490          0.69374
40.009          0.72192
40.529          0.87449
41.049          1.2663
41.568          1.5595
42.088          1.2463
42.607          0.86375
43.127          0.71923
43.647          0.69403
44.166          0.73604
44.686          0.92536
45.205          1.3493
45.725          1.5461
46.245          1.1640
46.764          0.82408
47.284          0.71023
47.803          0.69639
48.323          0.75258
48.843          0.97735
49.362          1.4165
49.882          1.5168
50.401          1.0963
50.921          0.79583
51.441          0.70462
51.960          0.69968
52.480          0.77004
52.999          1.0276
