0.0000          0.99422
0.51960         1.4350
1.0392          1.5049
1.5588          1.0769
2.0784          0.78831
2.5980          0.70319
3.1176          0.70088
3.6372          0.77621
4.1568          1.0446
4.6764          1.4814
5.1960          1.4643
5.7156          1.0244
6.2352          0.76890
6.7548          0.69946
7.2744          0.70491
7.7940          0.79735
8.3136          1.1002
8.8332          1.5189
9.3528          1.4128
9.8724          0.97412
10.392          0.75150
10.912          0.69620
11.431          0.71069
11.951          0.82623
12.470          1.1689
12.990          1.5475
13.510          1.3444
14.029          0.92204
14.549          0.73505
15.068          0.69394
15.588          0.71995
16.108          0.86665
16.627          1.2518
17.147          1.5597
17.666          1.2608
18.186          0.87148
18.706          0.72115
19.225          0.69381
19.745          0.73345
20.264          0.91662
20.784          1.3363
21.304          1.5497
21.823          1.1769
22.343          0.82985
22.862          0.71145
23.382          0.69590
23.902          0.74974
24.421          0.96883
24.941          1.4066
25.460          1.5224
25.980          1.1065
26.500          0.79989
27.019          0.70540
27.539          0.69910
28.059          0.76705
28.578          1.0192
29.098          1.4596
29.617          1.4857
30.137          1.0499
30.657          0.77817
31.176          0.70125
31.696          0.70277
32.215          0.78613
32.735          1.0712
33.255          1.5011
33.774          1.4403
34.294          0.99936
34.813          0.76008
35.333          0.69777
35.853          0.70747
36.372          0.81053
36.892          1.1326
37.411          1.5347
37.931          1.3809
38.451          0.94825
38.970          0.74309
39.490          0.69487
40.009          0.71479
40.529          0.84496
41.049          1.2091
41.568          1.5562
42.088          1.3037
42.607          0.89606
43.127          0.72763
43.647          0.69356
44.166          0.72622
44.686          0.89089
45.205          1.2951
45.725          1.5574
46.245          1.2177
46.764          0.84917
47.284          0.71576
47.803          0.69464
48.323          0.74141
48.843          0.94290
49.362          1.3738
49.882          1.5376
50.401          1.1397
50.921          0.81352
51.441          0.70807
51.960          0.69743
52.480          0.75831
52.999          0.99422
