0.0000          1.0701
0.51960         1.5004
1.0392          1.4413
1.5588          1.0003
2.0784          0.76040
2.5980          0.69783
3.1176          0.70737
3.6372          0.81000
4.1568          1.1313
4.6764          1.5342
5.1960          1.3821
5.7156          0.94921
6.2352          0.74339
6.7548          0.69491
7.2744          0.71462
7.7940          0.84422
8.3136          1.2076
8.8332          1.5560
9.3528          1.3053
9.8724          0.89700
10.392          0.72789
10.912          0.69356
11.431          0.72597
11.951          0.88997
12.470          1.2935
12.990          1.5576
13.510          1.2192
14.029          0.84993
14.549          0.71594
15.068          0.69460
15.588          0.74110
16.108          0.94193
16.627          1.3725
17.147          1.5381
17.666          1.1410
18.186          0.81408
18.706          0.70819
19.225          0.69738
19.745          0.75798
20.264          0.99327
20.784          1.4340
21.304          1.5056
21.823          1.0780
22.343          0.78872
22.862          0.70327
23.382          0.70081
23.902          0.77584
24.421          1.0436
24.941          1.4806
25.460          1.4652
25.980          1.0254
26.500          0.76925
27.019          0.69953
27.539          0.70482
28.059          0.79688
28.578          1.0990
29.098          1.5183
29.617          1.4140
30.137          0.97513
30.657          0.75184
31.176          0.69626
31.696          0.71054
32.215          0.82555
32.735          1.1673
33.255          1.5470
33.774          1.3460
34.294          0.92310
34.813          0.73537
35.333          0.69397
35.853          0.71972
36.372          0.86572
36.892          1.2500
37.411          1.5596
37.931          1.2626
38.451          0.87244
38.970          0.72140
39.490          0.69379
40.009          0.73315
40.529          0.91556
41.049          1.3347
41.568          1.5501
42.088          1.1785
42.607          0.83057
43.127          0.71161
43.647          0.69584
44.166          0.74940
44.686          0.96780
45.205          1.4053
45.725          1.5230
46.245          1.1078
46.764          0.80039
47.284          0.70549
47.803          0.69903
48.323          0.76670
48.843          1.0182
49.362          1.4587
49.882          1.4864
50.401          1.0509
50.921          0.77854
51.441          0.70132
51.960          0.70269
52.480          0.78573
52.999          1.0701
