0.0000          0.97977
0.51960         1.4192
1.0392          1.5151
1.5588          1.0935
2.0784          0.79471
2.5980          0.70440
3.1176          0.69985
3.6372          0.77091
4.1568          1.0300
4.6764          1.4693
5.1960          1.4768
5.7156          1.0388
6.2352          0.77411
6.7548          0.70047
7.2744          0.70365
7.7940          0.79076
8.3136          1.0833
8.8332          1.5090
9.3528          1.4290
9.8724          0.98857
10.392          0.75637
10.912          0.69707
11.431          0.70876
11.951          0.81694
12.470          1.1477
12.990          1.5406
13.510          1.3657
14.029          0.93698
14.549          0.73957
15.068          0.69441
15.588          0.71687
16.108          0.85395
16.627          1.2273
17.147          1.5584
17.666          1.2854
18.186          0.88525
18.706          0.72471
19.225          0.69359
19.745          0.72923
20.264          0.90185
20.784          1.3132
21.304          1.5547
21.823          1.1997
22.343          0.84047
22.862          0.71378
23.382          0.69514
23.902          0.74496
24.421          0.95413
24.941          1.3885
25.460          1.5314
25.980          1.1249
26.500          0.80736
27.019          0.70685
27.539          0.69814
28.059          0.76204
28.578          1.0050
29.098          1.4460
29.617          1.4969
30.137          1.0651
30.657          0.78381
31.176          0.70234
31.696          0.70167
32.215          0.78034
32.735          1.0558
33.255          1.4901
33.774          1.4544
34.294          1.0137
34.813          0.76508
35.333          0.69873
35.853          0.70595
36.372          0.80272
36.892          1.1136
37.411          1.5260
37.931          1.3997
38.451          0.96312
38.970          0.74787
39.490          0.69560
40.009          0.71232
40.529          0.83386
41.049          1.1856
41.568          1.5518
42.088          1.3274
42.607          0.91084
43.127          0.73178
43.647          0.69370
44.166          0.72250
44.686          0.87675
45.205          1.2704
45.725          1.5594
46.245          1.2422
46.764          0.86161
47.284          0.71871
47.803          0.69410
48.323          0.73679
48.843          0.92785
49.362          1.3529
49.882          1.5450
50.401          1.1605
50.921          0.82251
51.441          0.70990
51.960          0.69653
52.480          0.75339
52.999          0.97977
