0.0000          1.0740
0.51960         0.77060
1.0392          0.68570
1.5588          0.73139
2.0784          0.96643
2.5980          1.3973
3.1176          1.4259
3.6372          0.99876
4.1568          0.74216
4.6764          0.68450
5.1960          0.75534
5.7156          1.0352
6.2352          1.4509
6.7548          1.3616
7.2744          0.93362
7.7940          0.72136
8.3136          0.68832
8.8332          0.79028
9.3528          1.1200
9.8724          1.4847
10.392          1.2728
10.912          0.87026
11.431          0.70449
11.951          0.69781
12.470          0.84092
12.990          1.2224
13.510          1.4921
14.029          1.1687
14.549          0.81308
15.068          0.69222
15.588          0.71267
16.108          0.90249
16.627          1.3213
17.147          1.4701
17.666          1.0740
18.186          0.77060
18.706          0.68571
19.225          0.73140
19.745          0.96647
20.264          1.3974
20.784          1.4259
21.304          0.99872
21.823          0.74215
22.343          0.68450
22.862          0.75536
23.382          1.0352
23.902          1.4509
24.421          1.3616
24.941          0.93356
25.460          0.72134
25.980          0.68832
26.500          0.79032
27.019          1.1201
27.539          1.4847
28.059          1.2727
28.578          0.87019
29.098          0.70447
29.617          0.69782
30.137          0.84097
30.657          1.2225
31.176          1.4921
31.696          1.1686
32.215          0.81301
32.735          0.69220
33.255          0.71268
33.774          0.90255
34.294          1.3214
34.813          1.4701
35.333          1.0739
35.853          0.77056
36.372          0.68570
36.892          0.73141
37.411          0.96649
37.931          1.3974
38.451          1.4259
38.970          0.99870
39.490          0.74214
40.009          0.68450
40.529          0.75536
41.049          1.0352
41.568          1.4509
42.088          1.3616
42.607          0.93360
43.127          0.72136
43.647          0.68832
44.166          0.79029
44.686          1.1200
45.205          1.4847
45.725          1.2728
46.245          0.87025
46.764          0.70449
47.284          0.69781
47.803          0.84091
48.323          1.2224
48.843          1.4921
49.362          1.1687
49.882          0.81307
50.401          0.69221
50.921          0.71266
51.441          0.90247
51.960          1.3213
52.480          1.4701
52.999          1.0740
