0.0000          0.79783
0.51960         1.1346
1.0392          1.5268
1.5588          1.3283
2.0784          0.90040
2.5980          0.71428
3.1176          0.68182
3.6372          0.74894
4.1568          1.0117
4.6764          1.4574
5.1960          1.4450
5.7156          0.99758
6.2352          0.74399
6.7548          0.68127
7.2744          0.71745
7.7940          0.91210
8.3136          1.3456
8.8332          1.5206
9.3528          1.1171
9.8724          0.79022
10.392          0.68885
10.912          0.69735
11.431          0.83055
11.951          1.2049
12.470          1.5410
12.990          1.2585
13.510          0.85848
14.029          0.70374
14.549          0.68516
15.068          0.77073
15.588          1.0697
16.108          1.4981
16.627          1.3914
17.147          0.94682
17.666          0.72751
18.186          0.68049
18.706          0.73143
19.225          0.95949
19.745          1.4062
20.264          1.4886
20.784          1.0541
21.304          0.76463
21.823          0.68411
22.343          0.70625
22.862          0.86891
23.382          1.2770
23.902          1.5388
24.421          1.1863
24.941          0.82150
25.460          0.69537
25.980          0.69037
26.500          0.79777
27.019          1.1345
27.539          1.5268
28.059          1.3284
28.578          0.90047
29.098          0.71429
29.617          0.68181
30.137          0.74893
30.657          1.0117
31.176          1.4574
31.696          1.4450
32.215          0.99759
32.735          0.74399
33.255          0.68127
33.774          0.71745
34.294          0.91213
34.813          1.3456
35.333          1.5206
35.853          1.1170
36.372          0.79019
36.892          0.68884
37.411          0.69736
37.931          0.83061
38.451          1.2050
38.970          1.5410
39.490          1.2583
40.009          0.85840
40.529          0.70372
41.049          0.68517
41.568          0.77079
42.088          1.0699
42.607          1.4981
43.127          1.3912
43.647          0.94669
44.166          0.72747
44.686          0.68049
45.205          0.73147
45.725          0.95962
46.245          1.4063
46.764          1.4885
47.284          1.0539
47.803          0.76456
48.323          0.68410
48.843          0.70628
49.362          0.86901
49.882          1.2772
50.401          1.5388
50.921          1.1861
51.441          0.82142
51.960          0.69535
52.480          0.69038
52.999          0.79783
