0.0000          0.97488
0.51960         1.4137
1.0392          1.5184
1.5588          1.0993
2.0784          0.79699
2.5980          0.70484
3.1176          0.69952
3.6372          0.76916
4.1568          1.0251
4.6764          1.4650
5.1960          1.4808
5.7156          1.0438
6.2352          0.77593
6.7548          0.70082
7.2744          0.70325
7.7940          0.78862
8.3136          1.0777
8.8332          1.5055
9.3528          1.4342
9.8724          0.99349
10.392          0.75805
10.912          0.69739
11.431          0.70816
11.951          0.81395
12.470          1.1407
12.990          1.5380
13.510          1.3728
14.029          0.94214
14.549          0.74117
15.068          0.69461
15.588          0.71590
16.108          0.84977
16.627          1.2189
17.147          1.5575
17.666          1.2939
18.186          0.89017
18.706          0.72603
19.225          0.69356
19.745          0.72783
20.264          0.89680
20.784          1.3050
21.304          1.5560
21.823          1.2079
22.343          0.84438
22.862          0.71466
23.382          0.69490
23.902          0.74333
24.421          0.94900
24.941          1.3819
25.460          1.5343
25.980          1.1316
26.500          0.81011
27.019          0.70739
27.539          0.69781
28.059          0.76033
28.578          1.0001
29.098          1.4411
29.617          1.5006
30.137          1.0704
30.657          0.78582
31.176          0.70271
31.696          0.70130
32.215          0.77845
32.735          1.0507
33.255          1.4862
33.774          1.4589
34.294          1.0185
34.813          0.76679
35.333          0.69905
35.853          0.70547
36.372          0.80026
36.892          1.1075
37.411          1.5229
37.931          1.4057
38.451          0.96807
38.970          0.74949
39.490          0.69586
40.009          0.71157
40.529          0.83038
41.049          1.1781
41.568          1.5500
42.088          1.3351
42.607          0.91583
43.127          0.73323
43.647          0.69379
44.166          0.72133
44.686          0.87219
45.205          1.2621
45.725          1.5597
46.245          1.2505
46.764          0.86596
47.284          0.71978
47.803          0.69396
48.323          0.73528
48.843          0.92282
49.362          1.3455
49.882          1.5472
50.401          1.1677
50.921          0.82572
51.441          0.71058
51.960          0.69625
52.480          0.75175
52.999          0.97488
