0.0000          1.0019
0.51960         1.4428
1.0392          1.4993
1.5588          1.0685
2.0784          0.78510
2.5980          0.70258
3.1176          0.70144
3.6372          0.77913
4.1568          1.0525
4.6764          1.4876
5.1960          1.4573
5.7156          1.0167
6.2352          0.76618
6.7548          0.69894
7.2744          0.70564
7.7940          0.80113
8.3136          1.1096
8.8332          1.5240
9.3528          1.4035
9.8724          0.96629
10.392          0.74891
10.912          0.69576
11.431          0.71183
11.951          0.83162
12.470          1.1808
12.990          1.5506
13.510          1.3324
14.029          0.91404
14.549          0.73271
15.068          0.69376
15.588          0.72175
16.108          0.87382
16.627          1.2651
17.147          1.5596
17.666          1.2475
18.186          0.86439
18.706          0.71939
19.225          0.69401
19.745          0.73582
20.264          0.92463
20.784          1.3482
21.304          1.5464
21.823          1.1651
22.343          0.82456
22.862          0.71033
23.382          0.69635
23.902          0.75234
24.421          0.97664
24.941          1.4157
25.460          1.5173
25.980          1.0972
26.500          0.79617
27.019          0.70468
27.539          0.69963
28.059          0.76979
28.578          1.0269
29.098          1.4665
29.617          1.4794
30.137          1.0420
30.657          0.77527
31.176          0.70069
31.696          0.70339
32.215          0.78938
32.735          1.0797
33.255          1.5068
33.774          1.4323
34.294          0.99172
34.813          0.75745
35.333          0.69727
35.853          0.70837
36.372          0.81502
36.892          1.1432
37.411          1.5389
37.931          1.3702
38.451          0.94028
38.970          0.74059
39.490          0.69454
40.009          0.71624
40.529          0.85126
41.049          1.2219
41.568          1.5579
42.088          1.2908
42.607          0.88839
43.127          0.72555
43.647          0.69357
44.166          0.72833
44.686          0.89861
45.205          1.3079
45.725          1.5556
46.245          1.2049
46.764          0.84296
47.284          0.71434
47.803          0.69499
48.323          0.74391
48.843          0.95085
49.362          1.3843
49.882          1.5332
50.401          1.1292
50.921          0.80911
51.441          0.70720
51.960          0.69793
52.480          0.76094
52.999          1.0019
