0.0000          1.3395
0.51960         0.91594
1.0392          0.71633
1.5588          0.69037
2.0784          0.80278
2.5980          1.1472
3.1176          1.4897
3.6372          1.2444
4.1568          0.85328
4.6764          0.70054
5.1960          0.70148
5.7156          0.85744
6.2352          1.2515
6.7548          1.4887
7.2744          1.1403
7.7940          0.79956
8.3136          0.68982
8.8332          0.71756
9.3528          0.92035
9.8724          1.3452
10.392          1.4596
10.912          1.0511
11.431          0.76147
11.951          0.68488
12.470          0.73745
12.990          0.98493
13.510          1.4144
14.029          1.4099
14.549          0.97988
15.068          0.73577
15.588          0.68507
16.108          0.76386
16.627          1.0572
17.147          1.4625
17.666          1.3389
18.186          0.91555
18.706          0.71623
19.225          0.69043
19.745          0.80308
20.264          1.1478
20.784          1.4897
21.304          1.2439
21.823          0.85302
22.343          0.70048
22.862          0.70154
23.382          0.85767
23.902          1.2519
24.421          1.4886
24.941          1.1401
25.460          0.79945
25.980          0.68980
26.500          0.71758
27.019          0.92040
27.539          1.3453
28.059          1.4596
28.578          1.0511
29.098          0.76147
29.617          0.68486
30.137          0.73737
30.657          0.98472
31.176          1.4143
31.696          1.4102
32.215          0.98012
32.735          0.73584
33.255          0.68503
33.774          0.76364
34.294          1.0567
34.813          1.4624
35.333          1.3395
35.853          0.91594
36.372          0.71633
36.892          0.69035
37.411          0.80270
37.931          1.1470
38.451          1.4897
38.970          1.2446
39.490          0.85345
40.009          0.70058
40.529          0.70143
41.049          0.85722
41.568          1.2511
42.088          1.4887
42.607          1.1408
43.127          0.79980
43.647          0.68986
44.166          0.71747
44.686          0.92000
45.205          1.3447
45.725          1.4598
46.245          1.0516
46.764          0.76168
47.284          0.68489
47.803          0.73730
48.323          0.98447
48.843          1.4140
49.362          1.4103
49.882          0.98035
50.401          0.73593
50.921          0.68505
51.441          0.76363
51.960          1.0566
52.480          1.4623
52.999          1.3395
