0.0000          0.99027
0.51960         1.4308
1.0392          1.5078
1.5588          1.0814
2.0784          0.79001
2.5980          0.70351
3.1176          0.70059
3.6372          0.77473
4.1568          1.0405
4.6764          1.4782
5.1960          1.4678
5.7156          1.0283
6.2352          0.77031
6.7548          0.69973
7.2744          0.70456
7.7940          0.79549
8.3136          1.0955
8.8332          1.5163
9.3528          1.4173
9.8724          0.97808
10.392          0.75282
10.912          0.69643
11.431          0.71013
11.951          0.82360
12.470          1.1630
12.990          1.5457
13.510          1.3504
14.029          0.92611
14.549          0.73627
15.068          0.69405
15.588          0.71907
16.108          0.86310
16.627          1.2451
17.147          1.5595
17.666          1.2675
18.186          0.87517
18.706          0.72209
19.225          0.69373
19.745          0.73228
20.264          0.91256
20.784          1.3301
21.304          1.5512
21.823          1.1830
22.343          0.83265
22.862          0.71206
23.382          0.69569
23.902          0.74843
24.421          0.96483
24.941          1.4018
25.460          1.5249
25.980          1.1114
26.500          0.80186
27.019          0.70578
27.539          0.69884
28.059          0.76567
28.578          1.0153
29.098          1.4560
29.617          1.4888
30.137          1.0540
30.657          0.77968
31.176          0.70154
31.696          0.70246
32.215          0.78450
32.735          1.0669
33.255          1.4982
33.774          1.4443
34.294          1.0033
34.813          0.76144
35.333          0.69803
35.853          0.70704
36.372          0.80830
36.892          1.1272
37.411          1.5324
37.931          1.3862
38.451          0.95235
38.970          0.74439
39.490          0.69506
40.009          0.71408
40.529          0.84181
41.049          1.2025
41.568          1.5552
42.088          1.3104
42.607          0.90009
43.127          0.72874
43.647          0.69357
44.166          0.72516
44.686          0.88695
45.205          1.2883
45.725          1.5581
46.245          1.2244
46.764          0.85249
47.284          0.71653
47.803          0.69448
48.323          0.74012
48.843          0.93877
49.362          1.3682
49.882          1.5397
50.401          1.1452
50.921          0.81590
51.441          0.70855
51.960          0.69718
52.480          0.75695
52.999          0.99027
