0.0000          1.1575
0.51960         0.80805
1.0392          0.69249
1.5588          0.69299
2.0784          0.81042
2.5980          1.1627
3.1176          1.5345
3.6372          1.3005
4.1568          0.88280
4.6764          0.70970
5.1960          0.68294
5.7156          0.75725
6.2352          1.0346
6.7548          1.4753
7.2744          1.4243
7.7940          0.97627
8.3136          0.73682
8.8332          0.68070
9.3528          0.72279
9.8724          0.93096
10.392          1.3714
10.912          1.5090
11.431          1.0905
11.951          0.77909
12.470          0.68669
12.990          0.70075
13.510          0.84563
14.029          1.2345
14.549          1.5421
15.068          1.2288
15.588          0.84266
16.108          0.70007
16.627          0.68708
17.147          0.78115
17.666          1.0955
18.186          1.5114
18.706          1.3666
19.225          0.92729
19.745          0.72173
20.264          0.68078
20.784          0.73813
21.304          0.98027
21.823          1.4284
22.343          1.4720
22.862          1.0302
23.382          0.75561
23.902          0.68270
24.421          0.71054
24.941          0.88608
25.460          1.3059
25.980          1.5332
26.500          1.1573
27.019          0.80798
27.539          0.69248
28.059          0.69301
28.578          0.81048
29.098          1.1628
29.617          1.5345
30.137          1.3004
30.657          0.88274
31.176          0.70969
31.696          0.68295
32.215          0.75726
32.735          1.0346
33.255          1.4753
33.774          1.4243
34.294          0.97627
34.813          0.73682
35.333          0.68070
35.853          0.72278
36.372          0.93091
36.892          1.3714
37.411          1.5091
37.931          1.0906
38.451          0.77913
38.970          0.68670
39.490          0.70073
40.009          0.84554
40.529          1.2344
41.049          1.5421
41.568          1.2290
42.088          0.84276
42.607          0.70009
43.127          0.68706
43.647          0.78108
44.166          1.0953
44.686          1.5113
45.205          1.3668
45.725          0.92743
46.245          0.72177
46.764          0.68078
47.284          0.73808
47.803          0.98011
48.323          1.4282
48.843          1.4721
49.362          1.0303
49.882          0.75567
50.401          0.68271
50.921          0.71051
51.441          0.88596
51.960          1.3057
52.480          1.5333
52.999          1.1575
