0.0000          1.1613
0.51960         1.5452
1.0392          1.3521
1.5588          0.92729
2.0784          0.73662
2.5980          0.69408
3.1176          0.71882
3.6372          0.86208
4.1568          1.2431
4.6764          1.5594
5.1960          1.2695
5.7156          0.87625
6.2352          0.72237
6.7548          0.69371
7.2744          0.73194
7.7940          0.91139
8.3136          1.3283
8.8332          1.5516
9.3528          1.1848
9.8724          0.83347
10.392          0.71223
10.912          0.69562
11.431          0.74805
11.951          0.96368
12.470          1.4004
12.990          1.5256
13.510          1.1129
14.029          0.80243
14.549          0.70589
15.068          0.69876
15.588          0.76528
16.108          1.0142
16.627          1.4550
17.147          1.4897
17.666          1.0551
18.186          0.78010
18.706          0.70162
19.225          0.70238
19.745          0.78407
20.264          1.0657
20.784          1.4974
21.304          1.4453
21.823          1.0043
22.343          0.76181
22.862          0.69809
23.382          0.70692
23.902          0.80772
24.421          1.1258
24.941          1.5318
25.460          1.3876
25.980          0.95343
26.500          0.74474
27.019          0.69511
27.539          0.71389
28.059          0.84100
28.578          1.2008
29.098          1.5549
29.617          1.3121
30.137          0.90115
30.657          0.72904
31.176          0.69358
31.696          0.72489
32.215          0.88593
32.735          1.2866
33.255          1.5583
33.774          1.2261
34.294          0.85337
34.813          0.71674
35.333          0.69444
35.853          0.73979
36.372          0.93769
36.892          1.3667
37.411          1.5403
37.931          1.1467
38.451          0.81653
38.970          0.70868
39.490          0.69712
40.009          0.75659
40.529          0.98922
41.049          1.4297
41.568          1.5086
42.088          1.0826
42.607          0.79048
43.127          0.70360
43.647          0.70052
44.166          0.77434
44.686          1.0394
45.205          1.4773
45.725          1.4688
46.245          1.0294
46.764          0.77070
47.284          0.69981
47.803          0.70446
48.323          0.79498
48.843          1.0941
49.362          1.5155
49.882          1.4186
50.401          0.97921
50.921          0.75320
51.441          0.69650
51.960          0.70998
52.480          0.82286
52.999          1.1613
