0.0000          1.3886
0.51960         0.95781
1.0392          0.72867
1.5588          0.68626
2.0784          0.77538
2.5980          1.0855
3.1176          1.4745
3.6372          1.3091
4.1568          0.89396
4.6764          0.71042
5.1960          0.69354
5.7156          0.82003
6.2352          1.1826
6.7548          1.4929
7.2744          1.2082
7.7940          0.83326
8.3136          0.69619
8.8332          0.70653
9.3528          0.87862
9.8724          1.2861
10.392          1.4815
10.912          1.1074
11.431          0.78473
11.951          0.68749
12.470          0.72388
12.990          0.94215
13.510          1.3716
14.029          1.4449
14.549          1.0253
15.068          0.75167
15.588          0.68438
16.108          0.74536
16.627          1.0079
17.147          1.4329
17.666          1.3887
18.186          0.95790
18.706          0.72870
19.225          0.68624
19.745          0.77528
20.264          1.0853
20.784          1.4745
21.304          1.3094
21.823          0.89413
22.343          0.71047
22.862          0.69350
23.382          0.81985
23.902          1.1823
24.421          1.4929
24.941          1.2086
25.460          0.83346
25.980          0.69624
26.500          0.70648
27.019          0.87840
27.539          1.2857
28.059          1.4816
28.578          1.1077
29.098          0.78488
29.617          0.68752
30.137          0.72382
30.657          0.94194
31.176          1.3713
31.696          1.4450
32.215          1.0256
32.735          0.75176
33.255          0.68438
33.774          0.74530
34.294          1.0077
34.813          1.4327
35.333          1.3888
35.853          0.95802
36.372          0.72874
36.892          0.68624
37.411          0.77525
37.931          1.0852
38.451          1.4744
38.970          1.3095
39.490          0.89417
40.009          0.71048
40.529          0.69350
41.049          0.81986
41.568          1.1823
42.088          1.4929
42.607          1.2085
43.127          0.83344
43.647          0.69623
44.166          0.70649
44.686          0.87846
45.205          1.2858
45.725          1.4815
46.245          1.1076
46.764          0.78482
47.284          0.68751
47.803          0.72386
48.323          0.94208
48.843          1.3715
49.362          1.4449
49.882          1.0254
50.401          0.75169
50.921          0.68438
51.441          0.74538
51.960          1.0079
52.480          1.4329
52.999          1.3886
