0.0000          0.96341
0.51960         1.4000
1.0392          1.5258
1.5588          1.1132
2.0784          0.80257
2.5980          0.70591
3.1176          0.69874
3.6372          0.76519
4.1568          1.0140
4.6764          1.4547
5.1960          1.4899
5.7156          1.0554
6.2352          0.78020
6.7548          0.70164
7.2744          0.70236
7.7940          0.78396
8.3136          1.0655
8.8332          1.4972
9.3528          1.4456
9.8724          1.0046
10.392          0.76189
10.912          0.69811
11.431          0.70689
11.951          0.80759
12.470          1.1255
12.990          1.5316
13.510          1.3879
14.029          0.95368
14.549          0.74481
15.068          0.69512
15.588          0.71385
16.108          0.84082
16.627          1.2005
17.147          1.5548
17.666          1.3125
18.186          0.90138
18.706          0.72910
19.225          0.69358
19.745          0.72483
20.264          0.88570
20.784          1.2862
21.304          1.5583
21.823          1.2265
22.343          0.85357
22.862          0.71679
23.382          0.69443
23.902          0.73971
24.421          0.93744
24.941          1.3664
25.460          1.5404
25.980          1.1471
26.500          0.81668
27.019          0.70871
27.539          0.69710
28.059          0.75651
28.578          0.98898
29.098          1.4294
29.617          1.5087
30.137          1.0828
30.657          0.79059
31.176          0.70362
31.696          0.70050
32.215          0.77424
32.735          1.0392
33.255          1.4771
33.774          1.4690
34.294          1.0297
34.813          0.77079
35.333          0.69983
35.853          0.70444
36.372          0.79486
36.892          1.0938
37.411          1.5153
37.931          1.4189
38.451          0.97948
38.970          0.75329
39.490          0.69652
40.009          0.70994
40.529          0.82268
41.049          1.1609
41.568          1.5451
42.088          1.3525
42.607          0.92758
43.127          0.73671
43.647          0.69409
44.166          0.71877
44.686          0.86183
45.205          1.2427
45.725          1.5594
46.245          1.2700
46.764          0.87652
47.284          0.72244
47.803          0.69370
48.323          0.73186
48.843          0.91110
49.362          1.3278
49.882          1.5517
50.401          1.1852
50.921          0.83367
51.441          0.71228
51.960          0.69561
52.480          0.74796
52.999          0.96341
