0.0000          1.0110
0.51960         1.4518
1.0392          1.4922
1.5588          1.0586
2.0784          0.78140
2.5980          0.70187
3.1176          0.70213
3.6372          0.78272
4.1568          1.0621
4.6764          1.4948
5.1960          1.4486
5.7156          1.0077
6.2352          0.76298
6.7548          0.69832
7.2744          0.70656
7.7940          0.80589
8.3136          1.1214
8.8332          1.5297
9.3528          1.3920
9.8724          0.95692
10.392          0.74586
10.912          0.69528
11.431          0.71331
11.951          0.83838
12.470          1.1953
12.990          1.5538
13.510          1.3177
14.029          0.90462
14.549          0.73001
15.068          0.69361
15.588          0.72402
16.108          0.88260
16.627          1.2808
17.147          1.5588
17.666          1.2319
18.186          0.85629
18.706          0.71743
19.225          0.69431
19.745          0.73870
20.264          0.93416
20.784          1.3618
21.304          1.5420
21.823          1.1516
22.343          0.81863
22.862          0.70911
23.382          0.69690
23.902          0.75544
24.421          0.98585
24.941          1.4260
25.460          1.5109
25.980          1.0864
26.500          0.79196
27.019          0.70388
27.539          0.70028
28.059          0.77311
28.578          1.0361
29.098          1.4745
29.617          1.4716
30.137          1.0327
30.657          0.77190
31.176          0.70004
31.696          0.70417
32.215          0.79346
32.735          1.0903
33.255          1.5133
33.774          1.4223
34.294          0.98251
34.813          0.75431
35.333          0.69670
35.853          0.70954
36.372          0.82074
36.892          1.1564
37.411          1.5437
37.931          1.3569
38.451          0.93069
38.970          0.73764
39.490          0.69419
40.009          0.71812
40.529          0.85919
41.049          1.2376
41.568          1.5592
42.088          1.2751
42.607          0.87937
43.127          0.72317
43.647          0.69366
44.166          0.73098
44.686          0.90804
45.205          1.3231
45.725          1.5527
46.245          1.1900
46.764          0.83588
47.284          0.71276
47.803          0.69545
48.323          0.74696
48.843          0.96034
49.362          1.3963
49.882          1.5277
50.401          1.1170
50.921          0.80413
51.441          0.70622
51.960          0.69854
52.480          0.76413
52.999          1.0110
