0.0000          0.99864
0.51960         1.4396
1.0392          1.5017
1.5588          1.0720
2.0784          0.78643
2.5980          0.70283
3.1176          0.70120
3.6372          0.77789
4.1568          1.0491
4.6764          1.4851
5.1960          1.4603
5.7156          1.0200
6.2352          0.76732
6.7548          0.69916
7.2744          0.70533
7.7940          0.79952
8.3136          1.1056
8.8332          1.5219
9.3528          1.4075
9.8724          0.96959
10.392          0.75000
10.912          0.69595
11.431          0.71134
11.951          0.82932
12.470          1.1757
12.990          1.5494
13.510          1.3375
14.029          0.91740
14.549          0.73368
15.068          0.69382
15.588          0.72098
16.108          0.87077
16.627          1.2595
17.147          1.5597
17.666          1.2531
18.186          0.86735
18.706          0.72012
19.225          0.69392
19.745          0.73482
20.264          0.92125
20.784          1.3432
21.304          1.5478
21.823          1.1700
22.343          0.82675
22.862          0.71079
23.382          0.69616
23.902          0.75124
24.421          0.97336
24.941          1.4119
25.460          1.5194
25.980          1.1011
26.500          0.79771
27.019          0.70498
27.539          0.69941
28.059          0.76863
28.578          1.0237
29.098          1.4637
29.617          1.4820
30.137          1.0453
30.657          0.77648
31.176          0.70093
31.696          0.70313
32.215          0.78800
32.735          1.0761
33.255          1.5044
33.774          1.4357
34.294          0.99494
34.813          0.75855
35.333          0.69748
35.853          0.70799
36.372          0.81310
36.892          1.1387
37.411          1.5372
37.931          1.3748
38.451          0.94364
38.970          0.74164
39.490          0.69467
40.009          0.71562
40.529          0.84858
41.049          1.2165
41.568          1.5572
42.088          1.2963
42.607          0.89160
43.127          0.72641
43.647          0.69355
44.166          0.72743
44.686          0.89535
45.205          1.3026
45.725          1.5564
46.245          1.2103
46.764          0.84554
47.284          0.71492
47.803          0.69484
48.323          0.74286
48.843          0.94751
49.362          1.3799
49.882          1.5351
50.401          1.1335
50.921          0.81094
51.441          0.70756
51.960          0.69772
52.480          0.75983
52.999          0.99864
