0.0000          1.0057
0.51960         1.4466
1.0392          1.4963
1.5588          1.0643
2.0784          0.78353
2.5980          0.70228
3.1176          0.70172
3.6372          0.78062
4.1568          1.0565
4.6764          1.4907
5.1960          1.4537
5.7156          1.0129
6.2352          0.76482
6.7548          0.69867
7.2744          0.70602
7.7940          0.80311
8.3136          1.1145
8.8332          1.5265
9.3528          1.3987
9.8724          0.96234
10.392          0.74761
10.912          0.69555
11.431          0.71244
11.951          0.83443
12.470          1.1869
12.990          1.5521
13.510          1.3262
14.029          0.91004
14.549          0.73155
15.068          0.69369
15.588          0.72269
16.108          0.87751
16.627          1.2717
17.147          1.5593
17.666          1.2409
18.186          0.86091
18.706          0.71854
19.225          0.69413
19.745          0.73703
20.264          0.92866
20.784          1.3540
21.304          1.5446
21.823          1.1593
22.343          0.82200
22.862          0.70980
23.382          0.69658
23.902          0.75365
24.421          0.98054
24.941          1.4201
25.460          1.5146
25.980          1.0926
26.500          0.79437
27.019          0.70434
27.539          0.69990
28.059          0.77118
28.578          1.0307
29.098          1.4699
29.617          1.4762
30.137          1.0381
30.657          0.77385
31.176          0.70042
31.696          0.70371
32.215          0.79106
32.735          1.0841
33.255          1.5095
33.774          1.4282
34.294          0.98788
34.813          0.75614
35.333          0.69703
35.853          0.70885
36.372          0.81735
36.892          1.1486
37.411          1.5410
37.931          1.3648
38.451          0.93630
38.970          0.73936
39.490          0.69438
40.009          0.71701
40.529          0.85451
41.049          1.2284
41.568          1.5585
42.088          1.2843
42.607          0.88461
43.127          0.72455
43.647          0.69359
44.166          0.72942
44.686          0.90251
45.205          1.3143
45.725          1.5545
46.245          1.1987
46.764          0.83996
47.284          0.71366
47.803          0.69517
48.323          0.74518
48.843          0.95481
49.362          1.3893
49.882          1.5310
50.401          1.1240
50.921          0.80700
51.441          0.70678
51.960          0.69818
52.480          0.76227
52.999          1.0057
