0.0000          0.96033
0.51960         1.3963
1.0392          1.5277
1.5588          1.1171
2.0784          0.80413
2.5980          0.70622
3.1176          0.69854
3.6372          0.76413
4.1568          1.0110
4.6764          1.4518
5.1960          1.4922
5.7156          1.0586
6.2352          0.78141
6.7548          0.70188
7.2744          0.70213
7.7940          0.78272
8.3136          1.0621
8.8332          1.4948
9.3528          1.4486
9.8724          1.0077
10.392          0.76298
10.912          0.69832
11.431          0.70656
11.951          0.80589
12.470          1.1213
12.990          1.5297
13.510          1.3920
14.029          0.95694
14.549          0.74587
15.068          0.69528
15.588          0.71331
16.108          0.83837
16.627          1.1953
17.147          1.5538
17.666          1.3177
18.186          0.90464
18.706          0.73002
19.225          0.69361
19.745          0.72401
20.264          0.88258
20.784          1.2807
21.304          1.5588
21.823          1.2319
22.343          0.85631
22.862          0.71743
23.382          0.69431
23.902          0.73869
24.421          0.93413
24.941          1.3618
25.460          1.5420
25.980          1.1516
26.500          0.81864
27.019          0.70911
27.539          0.69690
28.059          0.75543
28.578          0.98583
29.098          1.4260
29.617          1.5110
30.137          1.0864
30.657          0.79197
31.176          0.70388
31.696          0.70027
32.215          0.77310
32.735          1.0361
33.255          1.4745
33.774          1.4717
34.294          1.0327
34.813          0.77190
35.333          0.70004
35.853          0.70416
36.372          0.79346
36.892          1.0903
37.411          1.5133
37.931          1.4223
38.451          0.98252
38.970          0.75431
39.490          0.69670
40.009          0.70954
40.529          0.82073
41.049          1.1564
41.568          1.5437
42.088          1.3569
42.607          0.93070
43.127          0.73765
43.647          0.69419
44.166          0.71812
44.686          0.85919
45.205          1.2375
45.725          1.5592
46.245          1.2751
46.764          0.87938
47.284          0.72317
47.803          0.69366
48.323          0.73098
48.843          0.90803
49.362          1.3230
49.882          1.5528
50.401          1.1900
50.921          0.83588
51.441          0.71276
51.960          0.69545
52.480          0.74696
52.999          0.96033
