0.0000          1.0452
0.51960         1.4820
1.0392          1.4637
1.5588          1.0237
2.0784          0.76867
2.5980          0.69942
3.1176          0.70497
3.6372          0.79766
4.1568          1.1009
4.6764          1.5194
5.1960          1.4120
5.7156          0.97348
6.2352          0.75128
6.7548          0.69617
7.2744          0.71078
7.7940          0.82666
8.3136          1.1698
8.8332          1.5478
9.3528          1.3434
9.8724          0.92138
10.392          0.73486
10.912          0.69392
11.431          0.72009
11.951          0.86722
12.470          1.2529
12.990          1.5597
13.510          1.2597
14.029          0.87090
14.549          0.72101
15.068          0.69382
15.588          0.73364
16.108          0.91727
16.627          1.3373
17.147          1.5494
17.666          1.1759
18.186          0.82941
18.706          0.71136
19.225          0.69594
19.745          0.74995
20.264          0.96947
20.784          1.4073
21.304          1.5220
21.823          1.1058
22.343          0.79957
22.862          0.70534
23.382          0.69915
23.902          0.76728
24.421          1.0199
24.941          1.4602
25.460          1.4851
25.980          1.0492
26.500          0.77792
27.019          0.70120
27.539          0.70282
28.059          0.78640
28.578          1.0719
29.098          1.5016
29.617          1.4396
30.137          0.99871
30.657          0.75985
31.176          0.69772
31.696          0.70755
32.215          0.81090
32.735          1.1335
33.255          1.5351
33.774          1.3800
34.294          0.94756
34.813          0.74287
35.333          0.69484
35.853          0.71491
36.372          0.84550
36.892          1.2102
37.411          1.5564
37.931          1.3026
38.451          0.89539
38.970          0.72745
39.490          0.69355
40.009          0.72640
40.529          0.89156
41.049          1.2962
41.568          1.5572
42.088          1.2166
42.607          0.84862
43.127          0.71563
43.647          0.69467
44.166          0.74162
44.686          0.94359
45.205          1.3747
45.725          1.5372
46.245          1.1387
46.764          0.81313
47.284          0.70800
47.803          0.69748
48.323          0.75853
48.843          0.99487
49.362          1.4357
49.882          1.5045
50.401          1.0762
50.921          0.78803
51.441          0.70314
51.960          0.70092
52.480          0.77645
52.999          1.0452
