0.0000          0.96116
0.51960         1.3973
1.0392          1.5272
1.5588          1.1160
2.0784          0.80371
2.5980          0.70614
3.1176          0.69860
3.6372          0.76441
4.1568          1.0117
4.6764          1.4526
5.1960          1.4916
5.7156          1.0578
6.2352          0.78110
6.7548          0.70182
7.2744          0.70219
7.7940          0.78304
8.3136          1.0630
8.8332          1.4954
9.3528          1.4479
9.8724          1.0069
10.392          0.76271
10.912          0.69827
11.431          0.70665
11.951          0.80631
12.470          1.1224
12.990          1.5302
13.510          1.3910
14.029          0.95613
14.549          0.74560
15.068          0.69524
15.588          0.71344
16.108          0.83897
16.627          1.1966
17.147          1.5541
17.666          1.3164
18.186          0.90384
18.706          0.72979
19.225          0.69361
19.745          0.72421
20.264          0.88334
20.784          1.2821
21.304          1.5587
21.823          1.2306
22.343          0.85562
22.862          0.71727
23.382          0.69433
23.902          0.73895
24.421          0.93496
24.941          1.3629
25.460          1.5416
25.980          1.1505
26.500          0.81815
27.019          0.70901
27.539          0.69695
28.059          0.75570
28.578          0.98663
29.098          1.4268
29.617          1.5104
30.137          1.0855
30.657          0.79161
31.176          0.70381
31.696          0.70033
32.215          0.77340
32.735          1.0369
33.255          1.4752
33.774          1.4710
34.294          1.0319
34.813          0.77161
35.333          0.69998
35.853          0.70423
36.372          0.79383
36.892          1.0912
37.411          1.5138
37.931          1.4214
38.451          0.98170
38.970          0.75404
39.490          0.69665
40.009          0.70965
40.529          0.82126
41.049          1.1576
41.568          1.5440
42.088          1.3557
42.607          0.92985
43.127          0.73739
43.647          0.69416
44.166          0.71830
44.686          0.85991
45.205          1.2389
45.725          1.5592
46.245          1.2737
46.764          0.87859
47.284          0.72297
47.803          0.69367
48.323          0.73122
48.843          0.90887
49.362          1.3244
49.882          1.5525
50.401          1.1887
50.921          0.83528
51.441          0.71263
51.960          0.69549
52.480          0.74723
52.999          0.96116
