0.0000          0.99859
0.51960         1.4395
1.0392          1.5017
1.5588          1.0720
2.0784          0.78645
2.5980          0.70284
3.1176          0.70119
3.6372          0.77787
4.1568          1.0491
4.6764          1.4850
5.1960          1.4603
5.7156          1.0200
6.2352          0.76733
6.7548          0.69916
7.2744          0.70532
7.7940          0.79949
8.3136          1.1055
8.8332          1.5219
9.3528          1.4075
9.8724          0.96964
10.392          0.75001
10.912          0.69595
11.431          0.71133
11.951          0.82928
12.470          1.1756
12.990          1.5493
13.510          1.3376
14.029          0.91745
14.549          0.73370
15.068          0.69383
15.588          0.72097
16.108          0.87073
16.627          1.2594
17.147          1.5597
17.666          1.2532
18.186          0.86739
18.706          0.72013
19.225          0.69391
19.745          0.73480
20.264          0.92120
20.784          1.3432
21.304          1.5478
21.823          1.1701
22.343          0.82678
22.862          0.71080
23.382          0.69615
23.902          0.75123
24.421          0.97331
24.941          1.4118
25.460          1.5195
25.980          1.1011
26.500          0.79773
27.019          0.70498
27.539          0.69941
28.059          0.76862
28.578          1.0236
29.098          1.4636
29.617          1.4821
30.137          1.0454
30.657          0.77650
31.176          0.70093
31.696          0.70312
32.215          0.78798
32.735          1.0760
33.255          1.5044
33.774          1.4358
34.294          0.99499
34.813          0.75857
35.333          0.69748
35.853          0.70798
36.372          0.81307
36.892          1.1386
37.411          1.5372
37.931          1.3748
38.451          0.94369
38.970          0.74165
39.490          0.69467
40.009          0.71561
40.529          0.84854
41.049          1.2164
41.568          1.5572
42.088          1.2964
42.607          0.89165
43.127          0.72643
43.647          0.69355
44.166          0.72742
44.686          0.89530
45.205          1.3025
45.725          1.5564
46.245          1.2103
46.764          0.84558
47.284          0.71493
47.803          0.69483
48.323          0.74284
48.843          0.94746
49.362          1.3798
49.882          1.5351
50.401          1.1336
50.921          0.81097
51.441          0.70756
51.960          0.69772
52.480          0.75981
52.999          0.99859
