0.0000          0.70792
0.51960         0.87571
1.0392          1.2887
1.5588          1.5369
2.0784          1.1746
2.5980          0.81595
3.1176          0.69417
3.6372          0.69139
4.1568          0.80275
4.6764          1.1457
5.1960          1.5302
5.7156          1.3173
6.2352          0.89327
6.7548          0.71240
7.2744          0.68223
7.7940          0.75217
8.3136          1.0207
8.8332          1.4648
9.3528          1.4369
9.8724          0.98897
10.392          0.74105
10.912          0.68100
11.431          0.71952
11.951          0.91953
12.470          1.3560
12.990          1.5163
13.510          1.1063
14.029          0.78568
14.549          0.68795
15.068          0.69866
15.588          0.83643
16.108          1.2167
16.627          1.5418
17.147          1.2467
17.666          0.85209
18.186          0.70224
18.706          0.68588
19.225          0.77476
19.745          1.0798
20.264          1.5036
20.784          1.3817
21.304          0.93898
21.823          0.72515
22.343          0.68057
22.862          0.73402
23.382          0.96764
23.902          1.4152
24.421          1.4822
24.941          1.0444
25.460          0.76095
25.980          0.68351
26.500          0.70790
27.019          0.87563
27.539          1.2886
28.059          1.5369
28.578          1.1747
29.098          0.81601
29.617          0.69418
30.137          0.69138
30.657          0.80271
31.176          1.1456
31.696          1.5302
32.215          1.3174
32.735          0.89333
33.255          0.71241
33.774          0.68222
34.294          0.75216
34.813          1.0207
35.333          1.4647
35.853          1.4370
36.372          0.98899
36.892          0.74105
37.411          0.68100
37.931          0.71952
38.451          0.91955
38.970          1.3561
39.490          1.5163
40.009          1.1063
40.529          0.78566
41.049          0.68795
41.568          0.69867
42.088          0.83648
42.607          1.2167
43.127          1.5418
43.647          1.2466
44.166          0.85204
44.686          0.70223
45.205          0.68589
45.725          0.77481
46.245          1.0799
46.764          1.5037
47.284          1.3816
47.803          0.93889
48.323          0.72512
48.843          0.68057
49.362          0.73405
49.882          0.96774
50.401          1.4153
50.921          1.4822
51.441          1.0443
51.960          0.76090
52.480          0.68350
52.999          0.70792
