0.0000          1.4585
0.51960         1.3475
1.0392          0.92215
1.5588          0.71807
2.0784          0.68958
2.5980          0.79818
3.1176          1.1374
3.6372          1.4882
4.1568          1.2547
4.6764          0.85928
5.1960          0.70190
5.7156          0.70011
6.2352          0.85140
6.7548          1.2411
7.2744          1.4902
7.7940          1.1504
8.3136          0.80429
8.8332          0.69063
9.3528          0.71575
9.8724          0.91386
10.392          1.3368
10.912          1.4636
11.431          1.0592
11.951          0.76466
12.470          0.68513
12.990          0.73519
13.510          0.97813
14.029          1.4084
14.549          1.4160
15.068          0.98669
15.588          0.73804
16.108          0.68481
16.627          0.76063
17.147          1.0490
17.666          1.4585
18.186          1.3474
18.706          0.92210
19.225          0.71805
19.745          0.68960
20.264          0.79828
20.784          1.1376
21.304          1.4882
21.823          1.2544
22.343          0.85914
22.862          0.70187
23.382          0.70015
23.902          0.85159
24.421          1.2414
24.941          1.4901
25.460          1.1501
25.980          0.80413
26.500          0.69060
27.019          0.71582
27.539          0.91410
28.059          1.3371
28.578          1.4635
29.098          1.0589
29.617          0.76454
30.137          0.68512
30.657          0.73527
31.176          0.97838
31.696          1.4086
32.215          1.4157
32.735          0.98643
33.255          0.73795
33.774          0.68482
34.294          0.76073
34.813          1.0492
35.333          1.4587
35.853          1.3472
36.372          0.92189
36.892          0.71799
37.411          0.68962
37.931          0.79840
38.451          1.1378
38.970          1.4883
39.490          1.2542
40.009          0.85899
40.529          0.70184
41.049          0.70017
41.568          0.85168
42.088          1.2416
42.607          1.4901
43.127          1.1500
43.647          0.80407
44.166          0.69059
44.686          0.71582
45.205          0.91411
45.725          1.3371
46.245          1.4635
46.764          1.0590
47.284          0.76455
47.803          0.68511
48.323          0.73523
48.843          0.97826
49.362          1.4085
49.882          1.4159
50.401          0.98659
50.921          0.73800
51.441          0.68480
51.960          0.76062
52.480          1.0489
52.999          1.4585
