0.0000          1.2017
0.51960         1.5407
1.0392          1.2616
1.5588          0.86021
2.0784          0.70415
2.5980          0.68497
3.1176          0.76970
3.6372          1.0671
4.1568          1.4965
4.6764          1.3939
5.1960          0.94888
5.7156          0.72814
6.2352          0.68048
6.7548          0.73077
7.2744          0.95739
7.7940          1.4038
8.3136          1.4902
8.8332          1.0566
9.3528          0.76560
9.8724          0.68427
10.392          0.70583
10.912          0.86717
11.431          1.2740
11.951          1.5393
12.470          1.1893
12.990          0.82297
13.510          0.69569
14.029          0.69010
14.549          0.79648
15.068          1.1315
15.588          1.5258
16.108          1.3313
16.627          0.90241
17.147          0.71481
17.666          0.68171
18.186          0.74806
18.706          1.0092
19.225          1.4553
19.745          1.4472
20.264          1.0000
20.784          0.74483
21.304          0.68136
21.823          0.71688
22.343          0.91003
22.862          1.3426
23.382          1.5218
23.902          1.1201
24.421          0.79153
24.941          0.68911
25.460          0.69699
25.980          0.82891
26.500          1.2016
27.019          1.5407
27.539          1.2618
28.059          0.86031
28.578          0.70418
29.098          0.68496
29.617          0.76962
30.137          1.0669
30.657          1.4964
31.176          1.3941
31.696          0.94906
32.215          0.72819
32.735          0.68048
33.255          0.73071
33.774          0.95719
34.294          1.4036
34.813          1.4903
35.333          1.0568
35.853          0.76569
36.372          0.68429
36.892          0.70579
37.411          0.86702
37.931          1.2737
38.451          1.5393
38.970          1.1896
39.490          0.82308
40.009          0.69571
40.529          0.69009
41.049          0.79640
41.568          1.1314
42.088          1.5258
42.607          1.3315
43.127          0.90251
43.647          0.71484
44.166          0.68171
44.686          0.74803
45.205          1.0092
45.725          1.4552
46.245          1.4472
46.764          1.0000
47.284          0.74484
47.803          0.68136
48.323          0.71689
48.843          0.91007
49.362          1.3426
49.882          1.5217
50.401          1.1200
50.921          0.79149
51.441          0.68910
51.960          0.69700
52.480          0.82899
52.999          1.2017
