0.0000          0.73148
0.51960         0.90981
1.0392          1.3259
1.5588          1.5523
2.0784          1.1871
2.5980          0.83449
3.1176          0.71245
3.6372          0.69554
4.1568          0.74755
4.6764          0.96214
5.1960          1.3985
5.7156          1.5266
6.2352          1.1147
6.7548          0.80317
7.2744          0.70603
7.7940          0.69866
8.3136          0.76476
8.8332          1.0128
9.3528          1.4536
9.8724          1.4908
10.392          1.0567
10.912          0.78068
11.431          0.70173
11.951          0.70226
12.470          0.78347
12.990          1.0642
13.510          1.4962
14.029          1.4468
14.549          1.0058
15.068          0.76232
15.588          0.69819
16.108          0.70676
16.627          0.80691
17.147          1.1239
17.666          1.5309
18.186          1.3895
18.706          0.95492
19.225          0.74521
19.745          0.69518
20.264          0.71362
20.784          0.83981
21.304          1.1985
21.823          1.5546
22.343          1.3145
22.862          0.90260
23.382          0.72944
23.902          0.69359
24.421          0.72449
24.941          0.88442
25.460          1.2841
25.980          1.5586
26.500          1.2286
27.019          0.85457
27.539          0.71702
28.059          0.69437
28.578          0.73930
29.098          0.93613
29.617          1.3646
30.137          1.5411
30.657          1.1488
31.176          0.81741
31.696          0.70886
32.215          0.69702
32.735          0.75609
33.255          0.98775
33.774          1.4281
34.294          1.5096
34.813          1.0842
35.333          0.79112
35.853          0.70373
36.372          0.70041
36.892          0.77379
37.411          1.0379
37.931          1.4760
38.451          1.4701
38.970          1.0309
39.490          0.77124
40.009          0.69992
40.529          0.70433
41.049          0.79428
41.568          1.0924
42.088          1.5145
42.607          1.4203
43.127          0.98072
43.647          0.75371
44.166          0.69659
44.686          0.70977
45.205          0.82186
45.725          1.1590
46.245          1.5446
46.764          1.3544
47.284          0.92883
47.803          0.73707
48.323          0.69412
48.843          0.71848
49.362          0.86070
49.882          1.2405
50.401          1.5595
50.921          1.2721
51.441          0.87761
51.960          0.72271
52.480          0.69367
52.999          0.73148
