0.0000          0.73504
0.51960         0.68061
1.0392          0.72427
1.5588          0.93599
2.0784          1.3779
2.5980          1.5057
3.1176          1.0837
3.6372          0.77635
4.1568          0.68618
4.6764          0.70168
5.1960          0.84968
5.7156          1.2422
6.2352          1.5420
6.7548          1.2212
7.2744          0.83872
7.7940          0.69918
8.3136          0.68762
8.8332          0.78399
9.3528          1.1023
9.8724          1.5145
10.392          1.3600
10.912          0.92238
11.431          0.72032
11.951          0.68091
12.470          0.73997
12.990          0.98577
13.510          1.4338
14.029          1.4674
14.549          1.0242
15.068          0.75341
15.588          0.68239
16.108          0.71172
16.627          0.89066
17.147          1.3132
17.666          1.5313
18.186          1.1499
18.706          0.80461
19.225          0.69178
19.745          0.69375
20.264          0.81398
20.784          1.1703
21.304          1.5361
21.823          1.2929
22.343          0.87820
22.862          0.70854
23.382          0.68330
23.902          0.75960
24.421          1.0409
24.941          1.4798
25.460          1.4185
25.980          0.97073
26.500          0.73501
27.019          0.68061
27.539          0.72429
28.059          0.93608
28.578          1.3781
29.098          1.5056
29.617          1.0836
30.137          0.77630
30.657          0.68617
31.176          0.70170
31.696          0.84975
32.215          1.2423
32.735          1.5420
33.255          1.2210
33.774          0.83866
34.294          0.69916
34.813          0.68763
35.333          0.78403
35.853          1.1024
36.372          1.5146
36.892          1.3599
37.411          0.92231
37.931          0.72030
38.451          0.68092
38.970          0.73999
39.490          0.98582
40.009          1.4339
40.529          1.4674
41.049          1.0241
41.568          0.75339
42.088          0.68239
42.607          0.71172
43.127          0.89067
43.647          1.3132
44.166          1.5313
44.686          1.1499
45.205          0.80462
45.725          0.69178
46.245          0.69375
46.764          0.81396
47.284          1.1703
47.803          1.5361
48.323          1.2930
48.843          0.87823
49.362          0.70855
49.882          0.68330
50.401          0.75957
50.921          1.0408
51.441          1.4797
51.960          1.4186
52.480          0.97080
52.999          0.73504
