0.0000          0.80298
0.51960         0.69040
1.0392          0.71623
1.5588          0.91561
2.0784          1.3391
2.5980          1.4626
3.1176          1.0570
3.6372          0.76379
4.1568          0.68505
4.6764          0.73576
5.1960          0.97987
5.7156          1.4100
6.2352          1.4145
6.7548          0.98494
7.2744          0.73745
7.7940          0.68486
8.3136          0.76139
8.8332          1.0509
9.3528          1.4596
9.8724          1.3454
10.392          0.92052
10.912          0.71761
11.431          0.68978
11.951          0.79937
12.470          1.1399
12.990          1.4886
13.510          1.2520
14.029          0.85770
14.549          0.70154
15.068          0.70046
15.588          0.85296
16.108          1.2438
16.627          1.4898
17.147          1.1478
17.666          0.80305
18.186          0.69041
18.706          0.71620
19.225          0.91550
19.745          1.3389
20.264          1.4627
20.784          1.0572
21.304          0.76384
21.823          0.68505
22.343          0.73572
22.862          0.97976
23.382          1.4099
23.902          1.4146
24.421          0.98505
24.941          0.73748
25.460          0.68486
25.980          0.76135
26.500          1.0508
27.019          1.4595
27.539          1.3455
28.059          0.92059
28.578          0.71763
29.098          0.68978
29.617          0.79934
30.137          1.1399
30.657          1.4886
31.176          1.2520
31.696          0.85774
32.215          0.70155
32.735          0.70046
33.255          0.85294
33.774          1.2438
34.294          1.4898
34.813          1.1478
35.333          0.80306
35.853          0.69041
36.372          0.71621
36.892          0.91552
37.411          1.3390
37.931          1.4626
38.451          1.0571
38.970          0.76383
39.490          0.68506
40.009          0.73575
40.529          0.97983
41.049          1.4099
41.568          1.4145
42.088          0.98497
42.607          0.73746
43.127          0.68486
43.647          0.76140
44.166          1.0510
44.686          1.4596
45.205          1.3454
45.725          0.92049
46.245          0.71760
46.764          0.68979
47.284          0.79942
47.803          1.1401
48.323          1.4886
48.843          1.2519
49.362          0.85763
49.882          0.70152
50.401          0.70048
50.921          0.85304
51.441          1.2440
51.960          1.4898
52.480          1.1477
52.999          0.80298
