0.0000          0.77530
0.51960         1.0811
1.0392          1.5043
1.5588          1.3805
2.0784          0.93797
2.5980          0.72485
3.1176          0.68058
3.6372          0.73436
4.1568          0.96870
4.6764          1.4163
5.1960          1.4814
5.7156          1.0432
6.2352          0.76049
6.7548          0.68344
7.2744          0.70812
7.7940          0.87648
8.3136          1.2900
8.8332          1.5367
9.3528          1.1733
9.8724          0.81535
10.392          0.69404
10.912          0.69151
11.431          0.80330
11.951          1.1470
12.470          1.5305
12.990          1.3161
13.510          0.89251
14.029          0.71220
14.549          0.68228
15.068          0.75252
15.588          1.0217
16.108          1.4655
16.627          1.4361
17.147          0.98807
17.666          0.74074
18.186          0.68098
18.706          0.71974
19.225          0.92031
19.745          1.3571
20.264          1.5158
20.784          1.1052
21.304          0.78521
21.823          0.68786
22.343          0.69880
22.862          0.83705
23.382          1.2179
23.902          1.5419
24.421          1.2455
24.941          0.85144
25.460          0.70209
25.980          0.68596
26.500          0.77519
27.019          1.0809
27.539          1.5042
28.059          1.3807
28.578          0.93816
29.098          0.72491
29.617          0.68058
30.137          0.73430
30.657          0.96852
31.176          1.4162
31.696          1.4815
32.215          1.0434
32.735          0.76056
33.255          0.68345
33.774          0.70809
34.294          0.87639
34.813          1.2899
35.333          1.5367
35.853          1.1734
36.372          0.81540
36.892          0.69405
37.411          0.69150
37.931          0.80328
38.451          1.1469
38.970          1.5305
39.490          1.3161
40.009          0.89251
40.529          0.71220
41.049          0.68228
41.568          0.75254
42.088          1.0218
42.607          1.4656
43.127          1.4360
43.647          0.98798
44.166          0.74071
44.686          0.68097
45.205          0.71977
45.725          0.92044
46.245          1.3573
46.764          1.5157
47.284          1.1050
47.803          0.78512
48.323          0.68784
48.843          0.69883
49.362          0.83719
49.882          1.2182
50.401          1.5419
50.921          1.2452
51.441          0.85128
51.960          0.70205
52.480          0.68598
52.999          0.77530
