0.0000          1.0292
0.51960         1.4713
1.0392          1.4293
1.5588          0.98114
2.0784          0.73842
2.5980          0.68080
3.1176          0.72151
3.6372          0.92653
4.1568          1.3656
4.6764          1.5119
5.1960          1.0965
5.7156          0.78158
6.2352          0.68716
6.7548          0.69993
7.2744          0.84207
7.7940          1.2277
8.3136          1.5421
8.8332          1.2357
9.3528          0.84623
9.8724          0.70088
10.392          0.68661
10.912          0.77868
11.431          1.0895
11.951          1.5085
12.470          1.3724
12.990          0.93171
13.510          0.72301
14.029          0.68068
14.549          0.73654
15.068          0.97542
15.588          1.4234
16.108          1.4760
16.627          1.0356
17.147          0.75761
17.666          0.68300
18.186          0.70951
18.706          0.88206
19.225          1.2993
19.745          1.5348
20.264          1.1639
20.784          0.81100
21.304          0.69312
21.823          0.69237
22.343          0.80746
22.862          1.1562
23.382          1.5330
23.902          1.3070
24.421          0.88677
24.941          0.71072
25.460          0.68266
25.980          0.75526
26.500          1.0292
27.019          1.4713
27.539          1.4293
28.059          0.98114
28.578          0.73843
29.098          0.68080
29.617          0.72149
30.137          0.92647
30.657          1.3655
31.176          1.5120
31.696          1.0966
32.215          0.78163
32.735          0.68717
33.255          0.69991
33.774          0.84197
34.294          1.2275
34.813          1.5421
35.333          1.2359
35.853          0.84634
36.372          0.70091
36.892          0.68659
37.411          0.77859
37.931          1.0892
38.451          1.5084
38.970          1.3726
39.490          0.93188
40.009          0.72306
40.529          0.68068
41.049          0.73648
41.568          0.97524
42.088          1.4232
42.607          1.4761
43.127          1.0358
43.647          0.75768
44.166          0.68301
44.686          0.70948
45.205          0.88193
45.725          1.2991
46.245          1.5348
46.764          1.1641
47.284          0.81109
47.803          0.69314
48.323          0.69236
48.843          0.80740
49.362          1.1560
49.882          1.5329
50.401          1.3071
50.921          0.88684
51.441          0.71073
51.960          0.68265
52.480          0.75525
52.999          1.0292
