0.0000          0.68550
0.51960         0.77266
1.0392          1.0746
1.5588          1.5008
2.0784          1.3867
2.5980          0.94301
3.1176          0.72636
3.6372          0.68052
4.1568          0.73267
4.6764          0.96342
5.1960          1.4106
5.7156          1.4856
6.2352          1.0494
6.7548          0.76283
7.2744          0.68381
7.7940          0.70704
8.3136          0.87213
8.8332          1.2826
9.3528          1.5380
9.8724          1.1807
10.392          0.81884
10.912          0.69479
11.431          0.69085
11.951          0.80011
12.470          1.1398
12.990          1.5284
13.510          1.3232
14.029          0.89706
14.549          0.71339
15.068          0.68200
15.588          0.75043
16.108          1.0159
16.627          1.4609
17.147          1.4413
17.666          0.99355
18.186          0.74260
18.706          0.68114
19.225          0.71840
19.745          0.91554
20.264          1.3505
20.784          1.5186
21.304          1.1120
21.823          0.78809
22.343          0.68842
22.862          0.69795
23.382          0.83326
23.902          1.2103
24.421          1.5414
24.941          1.2530
25.460          0.85549
25.980          0.70304
26.500          0.68549
27.019          0.77259
27.539          1.0744
28.059          1.5007
28.578          1.3869
29.098          0.94315
29.617          0.72640
30.137          0.68052
30.657          0.73262
31.176          0.96327
31.696          1.4104
32.215          1.4857
32.735          1.0496
33.255          0.76290
33.774          0.68382
34.294          0.70701
34.813          0.87203
35.333          1.2824
35.853          1.5380
36.372          1.1809
36.892          0.81892
37.411          0.69481
37.931          0.69083
38.451          0.80006
38.970          1.1397
39.490          1.5284
40.009          1.3233
40.529          0.89711
41.049          0.71340
41.568          0.68200
42.088          0.75042
42.607          1.0159
43.127          1.4608
43.647          1.4413
44.166          0.99354
44.686          0.74260
45.205          0.68114
45.725          0.71841
46.245          0.91560
46.764          1.3505
47.284          1.5186
47.803          1.1119
48.323          0.78804
48.843          0.68841
49.362          0.69797
49.882          0.83334
50.401          1.2105
50.921          1.5414
51.441          1.2529
51.960          0.85540
52.480          0.70301
52.999          0.68550
