0.0000          1.0642
0.51960         1.4963
1.0392          1.4467
1.5588          1.0057
2.0784          0.76231
2.5980          0.69820
3.1176          0.70677
3.6372          0.80692
4.1568          1.1238
4.6764          1.5309
5.1960          1.3895
5.7156          0.95498
6.2352          0.74524
6.7548          0.69519
7.2744          0.71363
7.7940          0.83981
8.3136          1.1983
8.8332          1.5544
9.3528          1.3146
9.8724          0.90272
10.392          0.72948
10.912          0.69360
11.431          0.72449
11.951          0.88441
12.470          1.2839
12.990          1.5585
13.510          1.2287
14.029          0.85469
14.549          0.71705
15.068          0.69437
15.588          0.73930
16.108          0.93610
16.627          1.3645
17.147          1.5411
17.666          1.1489
18.186          0.81745
18.706          0.70886
19.225          0.69701
19.745          0.75609
20.264          0.98777
20.784          1.4281
21.304          1.5096
21.823          1.0842
22.343          0.79109
22.862          0.70371
23.382          0.70041
23.902          0.77383
24.421          1.0381
24.941          1.4762
25.460          1.4699
25.980          1.0307
26.500          0.77116
27.019          0.69989
27.539          0.70434
28.059          0.79441
28.578          1.0927
29.098          1.5147
29.617          1.4200
30.137          0.98040
30.657          0.75359
31.176          0.69656
31.696          0.70982
32.215          0.82211
32.735          1.1596
33.255          1.5447
33.774          1.3537
34.294          0.92846
34.813          0.73697
35.333          0.69412
35.853          0.71858
36.372          0.86110
36.892          1.2412
37.411          1.5594
37.931          1.2714
38.451          0.87731
38.970          0.72264
39.490          0.69369
40.009          0.73161
40.529          0.91024
41.049          1.3265
41.568          1.5520
42.088          1.1866
42.607          0.83430
43.127          0.71242
43.647          0.69557
44.166          0.74767
44.686          0.96250
45.205          1.3989
45.725          1.5264
46.245          1.1144
46.764          0.80305
47.284          0.70602
47.803          0.69869
48.323          0.76485
48.843          1.0130
49.362          1.4538
49.882          1.4907
50.401          1.0565
50.921          0.78062
51.441          0.70173
51.960          0.70229
52.480          0.78352
52.999          1.0642
