0.0000          0.90736
0.51960         0.72226
1.0392          0.72003
1.5588          0.89857
2.0784          1.2856
2.5980          1.4053
3.1176          1.0374
3.6372          0.76503
4.1568          0.70376
4.6764          0.80471
5.1960          1.1290
5.7156          1.4331
6.2352          1.1951
6.7548          0.83909
7.2744          0.70779
7.7940          0.74396
8.3136          0.97975
8.8332          1.3690
9.3528          1.3403
9.8724          0.94694
10.392          0.73339
10.912          0.71201
11.431          0.86311
11.951          1.2352
12.470          1.4254
12.990          1.0890
13.510          0.78633
14.029          0.70280
14.549          0.78019
15.068          1.0748
15.588          1.4211
16.108          1.2493
16.627          0.87235
17.147          0.71388
17.666          0.72992
18.186          0.93544
18.706          1.3288
19.225          1.3786
19.745          0.99247
20.264          0.74830
20.784          0.70646
21.304          0.83041
21.823          1.1795
22.343          1.4348
22.862          1.1448
23.382          0.81236
23.902          0.70433
24.421          0.75933
24.941          1.0227
25.460          1.3978
25.980          1.3001
26.500          0.91002
27.019          0.72289
27.539          0.71921
28.059          0.89552
28.578          1.2817
29.098          1.4075
29.617          1.0416
30.137          0.76665
30.657          0.70358
31.176          0.80250
31.696          1.1243
32.215          1.4324
32.735          1.1996
33.255          0.84172
33.774          0.70826
34.294          0.74286
34.813          0.97633
35.333          1.3660
35.853          1.3430
36.372          0.94999
36.892          0.73441
37.411          0.71178
37.931          0.86133
38.451          1.2321
38.970          1.4255
39.490          1.0915
40.009          0.78756
40.529          0.70304
41.049          0.77972
41.568          1.0734
42.088          1.4200
42.607          1.2500
43.127          0.87307
43.647          0.71420
44.166          0.73017
44.686          0.93579
45.205          1.3287
45.725          1.3775
46.245          0.99172
46.764          0.74817
47.284          0.70682
47.803          0.83170
48.323          1.1816
48.843          1.4340
49.362          1.1421
49.882          0.81118
50.401          0.70438
50.921          0.76062
51.441          1.0259
51.960          1.3992
52.480          1.2966
52.999          0.90736
