0.0000          0.80983
0.51960         1.1309
1.0392          1.5340
1.5588          1.3825
2.0784          0.94952
2.5980          0.74349
3.1176          0.69492
3.6372          0.71457
4.1568          0.84399
4.6764          1.2071
5.1960          1.5559
5.7156          1.3058
6.2352          0.89730
6.7548          0.72797
7.2744          0.69356
7.7940          0.72590
8.3136          0.88969
8.8332          1.2930
9.3528          1.5576
9.8724          1.2197
10.392          0.85018
10.912          0.71599
11.431          0.69459
11.951          0.74101
12.470          0.94163
12.990          1.3720
13.510          1.5382
14.029          1.1414
14.549          0.81426
15.068          0.70822
15.588          0.69736
16.108          0.75788
16.627          0.99297
17.147          1.4336
17.666          1.5058
18.186          1.0783
18.706          0.78886
19.225          0.70330
19.745          0.70079
20.264          0.77572
20.784          1.0432
21.304          1.4804
21.823          1.4655
22.343          1.0257
22.862          0.76937
23.382          0.69956
23.902          0.70479
24.421          0.79671
24.941          1.0985
25.460          1.5180
25.980          1.4144
26.500          0.97549
27.019          0.75196
27.539          0.69629
28.059          0.71049
28.578          0.82531
29.098          1.1668
29.617          1.5469
30.137          1.3465
30.657          0.92348
31.176          0.73548
31.696          0.69398
32.215          0.71964
32.735          0.86539
33.255          1.2494
33.774          1.5596
34.294          1.2632
34.813          0.87279
35.333          0.72149
35.853          0.69378
36.372          0.73304
36.892          0.91518
37.411          1.3341
37.931          1.5502
38.451          1.1790
38.970          0.83083
39.490          0.71166
40.009          0.69582
40.529          0.74928
41.049          0.96744
41.568          1.4049
42.088          1.5233
42.607          1.1082
43.127          0.80056
43.647          0.70552
44.166          0.69901
44.686          0.76658
45.205          1.0179
45.725          1.4584
46.245          1.4867
46.764          1.0513
47.284          0.77866
47.803          0.70134
48.323          0.70267
48.843          0.78560
49.362          1.0698
49.882          1.5002
50.401          1.4416
50.921          1.0006
51.441          0.76051
51.960          0.69784
52.480          0.70733
52.999          0.80983
