0.0000          1.0549
0.51960         1.4891
1.0392          1.4055
1.5588          0.95883
2.0784          0.73122
2.5980          0.68049
3.1176          0.72770
3.6372          0.94746
4.1568          1.3922
4.6764          1.4976
5.1960          1.0689
5.7156          0.77041
6.2352          0.68510
6.7548          0.70387
7.2744          0.85903
7.7940          1.2595
8.3136          1.5409
8.8332          1.2039
9.3528          0.83004
9.8724          0.69724
10.392          0.68893
10.912          0.79063
11.431          1.1180
11.951          1.5210
12.470          1.3446
12.990          0.91142
13.510          0.71726
14.029          0.68130
14.549          0.74428
15.068          0.99844
15.588          1.4458
16.108          1.4566
16.627          1.0108
17.147          0.74862
17.666          0.68178
18.186          0.71448
18.706          0.90117
19.225          1.3295
19.745          1.5264
20.264          1.1334
20.784          0.79730
21.304          0.69027
21.823          0.69548
22.343          0.82204
22.862          1.1874
23.382          1.5390
23.902          1.2759
24.421          0.86826
24.941          0.70609
25.460          0.68417
25.980          0.76499
26.500          1.0550
27.019          1.4892
27.539          1.4053
28.059          0.95869
28.578          0.73118
29.098          0.68049
29.617          0.72775
30.137          0.94760
30.657          1.3923
31.176          1.4975
31.696          1.0687
32.215          0.77034
32.735          0.68509
33.255          0.70390
33.774          0.85913
34.294          1.2597
34.813          1.5409
35.333          1.2037
35.853          0.82997
36.372          0.69722
36.892          0.68894
37.411          0.79068
37.931          1.1181
38.451          1.5210
38.970          1.3445
39.490          0.91136
40.009          0.71725
40.529          0.68130
41.049          0.74429
41.568          0.99845
42.088          1.4458
42.607          1.4567
43.127          1.0108
43.647          0.74863
44.166          0.68178
44.686          0.71447
45.205          0.90111
45.725          1.3294
46.245          1.5265
46.764          1.1335
47.284          0.79735
47.803          0.69028
48.323          0.69547
48.843          0.82197
49.362          1.1873
49.882          1.5390
50.401          1.2761
50.921          0.86835
51.441          0.70612
51.960          0.68416
52.480          0.76493
52.999          1.0549
