0.0000          0.78394
0.51960         1.1022
1.0392          1.5145
1.5588          1.3601
2.0784          0.92247
2.5980          0.72035
3.1176          0.68091
3.6372          0.73991
4.1568          0.98559
4.6764          1.4337
5.1960          1.4676
5.7156          1.0244
6.2352          0.75349
6.7548          0.68241
7.2744          0.71166
7.7940          0.89043
8.3136          1.3128
8.8332          1.5314
9.3528          1.1503
9.8724          0.80479
10.392          0.69182
10.912          0.69371
11.431          0.81376
11.951          1.1699
12.470          1.5360
12.990          1.2934
13.510          0.87849
14.029          0.70862
14.549          0.68328
15.068          0.75944
15.588          1.0404
16.108          1.4795
16.627          1.4189
17.147          0.97113
17.666          0.73514
18.186          0.68061
18.706          0.72418
19.225          0.93569
19.745          1.3776
20.264          1.5059
20.784          1.0841
21.304          0.77651
21.823          0.68620
22.343          0.70163
22.862          0.84945
23.382          1.2418
23.902          1.5420
24.421          1.2216
24.941          0.83893
25.460          0.69922
25.980          0.68759
26.500          0.78385
27.019          1.1020
27.539          1.5144
28.059          1.3603
28.578          0.92260
29.098          0.72038
29.617          0.68091
30.137          0.73990
30.657          0.98556
31.176          1.4336
31.696          1.4676
32.215          1.0244
32.735          0.75348
33.255          0.68240
33.774          0.71168
34.294          0.89053
34.813          1.3130
35.333          1.5314
35.853          1.1501
36.372          0.80470
36.892          0.69179
37.411          0.69373
37.931          0.81390
38.451          1.1702
38.970          1.5361
39.490          1.2930
40.009          0.87829
40.529          0.70857
41.049          0.68329
41.568          0.75956
42.088          1.0408
42.607          1.4797
43.127          1.4186
43.647          0.97083
44.166          0.73504
44.686          0.68061
45.205          0.72426
45.725          0.93598
46.245          1.3779
46.764          1.5057
47.284          1.0838
47.803          0.77636
48.323          0.68618
48.843          0.70168
49.362          0.84965
49.882          1.2422
50.401          1.5420
50.921          1.2212
51.441          0.83875
51.960          0.69918
52.480          0.68762
52.999          0.78394
