0.0000          0.82830
0.51960         1.2003
1.0392          1.5406
1.5588          1.2630
2.0784          0.86099
2.5980          0.70434
3.1176          0.68489
3.6372          0.76922
4.1568          1.0659
4.6764          1.4958
5.1960          1.3950
5.7156          0.94985
6.2352          0.72843
6.7548          0.68048
7.2744          0.73046
7.7940          0.95641
8.3136          1.4027
8.8332          1.4909
9.3528          1.0578
9.8724          0.76607
10.392          0.68435
10.912          0.70563
11.431          0.86636
11.951          1.2726
12.470          1.5395
12.990          1.1907
13.510          0.82365
14.029          0.69583
14.549          0.68999
15.068          0.79590
15.588          1.1302
16.108          1.5254
16.627          1.3326
17.147          0.90327
17.666          0.71504
18.186          0.68167
18.706          0.74769
19.225          1.0082
19.745          1.4544
20.264          1.4481
20.784          1.0010
21.304          0.74518
21.823          0.68139
22.343          0.71665
22.862          0.90919
23.382          1.3414
23.902          1.5222
24.421          1.1213
24.941          0.79205
25.460          0.68921
25.980          0.69685
26.500          0.82827
27.019          1.2003
27.539          1.5406
28.059          1.2631
28.578          0.86104
29.098          0.70435
29.617          0.68489
30.137          0.76919
30.657          1.0658
31.176          1.4958
31.696          1.3951
32.215          0.94993
32.735          0.72846
33.255          0.68048
33.774          0.73043
34.294          0.95632
34.813          1.4026
35.333          1.4910
35.853          1.0579
36.372          0.76611
36.892          0.68436
37.411          0.70562
37.931          0.86629
38.451          1.2725
38.970          1.5395
39.490          1.1909
40.009          0.82370
40.529          0.69584
41.049          0.68998
41.568          0.79587
42.088          1.1301
42.607          1.5253
43.127          1.3327
43.647          0.90332
44.166          0.71506
44.686          0.68167
45.205          0.74768
45.725          1.0082
46.245          1.4544
46.764          1.4481
47.284          1.0011
47.803          0.74519
48.323          0.68139
48.843          0.71665
49.362          0.90921
49.882          1.3414
50.401          1.5222
50.921          1.1213
51.441          0.79204
51.960          0.68921
52.480          0.69685
52.999          0.82830
