0.0000          1.3783
0.51960         1.4404
1.0392          1.0186
1.5588          0.74919
2.0784          0.68434
2.5980          0.74772
3.1176          1.0145
3.6372          1.4376
4.1568          1.3823
4.6764          0.95181
5.1960          0.72681
5.7156          0.68669
6.2352          0.77882
6.7548          1.0937
7.2744          1.4774
7.7940          1.3005
8.3136          0.88808
8.8332          0.70891
9.3528          0.69451
9.8724          0.82497
10.392          1.1924
10.912          1.4931
11.431          1.1984
11.951          0.82811
12.470          0.69514
12.990          0.70799
13.510          0.88446
14.029          1.2951
14.549          1.4790
15.068          1.0989
15.588          0.78103
16.108          0.68698
16.627          0.72569
17.147          0.94814
17.666          1.3783
18.186          1.4404
18.706          1.0186
19.225          0.74919
19.745          0.68434
20.264          0.74772
20.784          1.0145
21.304          1.4376
21.823          1.3822
22.343          0.95180
22.862          0.72681
23.382          0.68669
23.902          0.77884
24.421          1.0937
24.941          1.4774
25.460          1.3005
25.980          0.88807
26.500          0.70890
27.019          0.69451
27.539          0.82499
28.059          1.1924
28.578          1.4931
29.098          1.1984
29.617          0.82810
30.137          0.69514
30.657          0.70799
31.176          0.88447
31.696          1.2951
32.215          1.4790
32.735          1.0989
33.255          0.78103
33.774          0.68698
34.294          0.72569
34.813          0.94814
35.333          1.3783
35.853          1.4404
36.372          1.0186
36.892          0.74919
37.411          0.68434
37.931          0.74772
38.451          1.0145
38.970          1.4376
39.490          1.3823
40.009          0.95180
40.529          0.72681
41.049          0.68669
41.568          0.77883
42.088          1.0937
42.607          1.4774
43.127          1.3005
43.647          0.88807
44.166          0.70890
44.686          0.69451
45.205          0.82498
45.725          1.1924
46.245          1.4931
46.764          1.1984
47.284          0.82810
47.803          0.69513
48.323          0.70799
48.843          0.88446
49.362          1.2951
49.882          1.4790
50.401          1.0989
50.921          0.78103
51.441          0.68698
51.960          0.72569
52.480          0.94813
52.999          1.3783
