0.0000          0.80070
0.51960         1.1428
1.0392          1.4891
1.5588          1.2490
2.0784          0.85597
2.5980          0.70114
3.1176          0.70084
3.6372          0.85465
4.1568          1.2468
4.6764          1.4894
5.1960          1.1450
5.7156          0.80172
6.2352          0.69018
6.7548          0.71670
7.2744          0.91727
7.7940          1.3413
8.3136          1.4616
8.8332          1.0550
9.3528          0.76297
9.8724          0.68498
10.392          0.73632
10.912          0.98155
11.431          1.4115
11.951          1.4130
12.470          0.98325
12.990          0.73688
13.510          0.68492
14.029          0.76218
14.549          1.0530
15.068          1.4606
15.588          1.3433
16.108          0.91888
16.627          0.71715
17.147          0.68999
17.666          0.80057
18.186          1.1425
18.706          1.4891
19.225          1.2493
19.745          0.85612
20.264          0.70118
20.784          0.70082
21.304          0.85456
21.823          1.2466
22.343          1.4894
22.862          1.1451
23.382          0.80178
23.902          0.69019
24.421          0.71670
24.941          0.91727
25.460          1.3412
25.980          1.4615
26.500          1.0549
27.019          0.76296
27.539          0.68499
28.059          0.73637
28.578          0.98170
29.098          1.4116
29.617          1.4128
30.137          0.98307
30.657          0.73683
31.176          0.68494
31.696          0.76231
32.215          1.0533
32.735          1.4607
33.255          1.3430
33.774          0.91860
34.294          0.71707
34.813          0.69003
35.333          0.80080
35.853          1.1430
36.372          1.4891
36.892          1.2488
37.411          0.85581
37.931          0.70111
38.451          0.70089
38.970          0.85486
39.490          1.2471
40.009          1.4894
40.529          1.1446
41.049          0.80155
41.568          0.69015
42.088          0.71677
42.607          0.91753
43.127          1.3416
43.647          1.4614
44.166          1.0546
44.686          0.76284
45.205          0.68497
45.725          0.73641
46.245          0.98184
46.764          1.4118
47.284          1.4128
47.803          0.98297
48.323          0.73679
48.843          0.68493
49.362          0.76230
49.882          1.0533
50.401          1.4607
50.921          1.3431
51.441          0.91866
51.960          0.71708
52.480          0.69001
52.999          0.80070
