0.0000          0.99463
0.51960         1.3824
1.0392          1.4917
1.5588          1.1328
2.0784          0.84563
2.5980          0.75249
3.1176          0.73810
3.6372          0.75686
4.1568          0.86416
4.6764          1.1729
5.1960          1.5071
5.7156          1.3444
6.2352          0.96450
6.7548          0.78239
7.2744          0.73838
7.7940          0.73979
8.3136          0.79176
8.8332          0.99463
9.3528          1.3824
9.8724          1.4917
10.392          1.1328
10.912          0.84563
11.431          0.75249
11.951          0.73810
12.470          0.75686
12.990          0.86416
13.510          1.1729
14.029          1.5071
14.549          1.3444
15.068          0.96450
15.588          0.78239
16.108          0.73838
16.627          0.73979
17.147          0.79176
17.666          0.99463
18.186          1.3824
18.706          1.4917
19.225          1.1328
19.745          0.84563
20.264          0.75249
20.784          0.73810
21.304          0.75686
21.823          0.86416
22.343          1.1729
22.862          1.5071
23.382          1.3444
23.902          0.96450
24.421          0.78239
24.941          0.73838
25.460          0.73979
25.980          0.79176
26.500          0.99463
27.019          1.3824
27.539          1.4917
28.059          1.1328
28.578          0.84563
29.098          0.75249
29.617          0.73810
30.137          0.75686
30.657          0.86416
31.176          1.1729
31.696          1.5071
32.215          1.3444
32.735          0.96450
33.255          0.78239
33.774          0.73838
34.294          0.73979
34.813          0.79176
35.333          0.99463
35.853          1.3824
36.372          1.4917
36.892          1.1328
37.411          0.84563
37.931          0.75249
38.451          0.73810
38.970          0.75686
39.490          0.86416
40.009          1.1729
40.529          1.5071
41.049          1.3444
41.568          0.96450
42.088          0.78239
42.607          0.73838
43.127          0.73979
43.647          0.79176
44.166          0.99463
44.686          1.3824
45.205          1.4917
45.725          1.1328
46.245          0.84563
46.764          0.75249
47.284          0.73810
47.803          0.75686
48.323          0.86416
48.843          1.1729
49.362          1.5071
49.882          1.3444
50.401          0.96450
50.921          0.78239
51.441          0.73838
51.960          0.73979
52.480          0.79176
52.999          0.99463
