0.0000          0.98610
0.51960         1.3725
1.0392          1.4967
1.5588          1.1435
2.0784          0.85025
2.5980          0.75339
3.1176          0.73787
3.6372          0.75548
4.1568          0.85916
4.6764          1.1628
5.1960          1.5041
5.7156          1.3543
6.2352          0.97164
6.7548          0.78434
7.2744          0.73841
7.7940          0.73917
8.3136          0.78935
8.8332          0.98771
9.3528          1.3745
9.8724          1.4958
10.392          1.1414
10.912          0.84936
11.431          0.75324
11.951          0.73796
12.470          0.75578
12.990          0.86006
13.510          1.1645
14.029          1.5045
14.549          1.3525
15.068          0.97047
15.588          0.78412
16.108          0.73855
16.627          0.73941
17.147          0.78976
17.666          0.98846
18.186          1.3751
18.706          1.4952
19.225          1.1406
19.745          0.84919
20.264          0.75341
20.784          0.73823
21.304          0.75601
21.823          0.86012
22.343          1.1642
22.862          1.5041
23.382          1.3527
23.902          0.97085
24.421          0.78443
24.941          0.73882
25.460          0.73961
25.980          0.78964
26.500          0.98755
27.019          1.3736
27.539          1.4955
28.059          1.1420
28.578          0.84996
29.098          0.75373
29.617          0.73838
30.137          0.75592
30.657          0.85925
31.176          1.1621
31.696          1.5032
32.215          1.3546
32.735          0.97240
33.255          0.78494
33.774          0.73891
34.294          0.73954
34.813          0.78912
35.333          0.98591
35.853          1.3717
36.372          1.4964
36.892          1.1441
37.411          0.85086
37.931          0.75387
38.451          0.73828
38.970          0.75561
39.490          0.85833
40.009          1.1604
40.529          1.5028
41.049          1.3563
41.568          0.97355
42.088          0.78514
42.607          0.73875
43.127          0.73928
43.647          0.78872
44.166          0.98519
44.686          1.3712
45.205          1.4971
45.725          1.1448
46.245          0.85099
46.764          0.75369
47.284          0.73802
47.803          0.75539
48.323          0.85830
48.843          1.1607
49.362          1.5033
49.882          1.3562
50.401          0.97315
50.921          0.78484
51.441          0.73850
51.960          0.73910
52.480          0.78885
52.999          0.98610
