0.0000          0.74498
0.51960         1.0068
1.0392          1.4321
1.5588          1.3898
2.0784          0.95890
2.5980          0.72901
3.1176          0.68616
3.6372          0.77465
4.1568          1.0838
4.6764          1.4740
5.1960          1.3110
5.7156          0.89524
6.2352          0.71075
6.7548          0.69331
7.2744          0.81889
7.7940          1.1804
8.3136          1.4928
8.8332          1.2105
9.3528          0.83449
9.8724          0.69645
10.392          0.70619
10.912          0.87723
11.431          1.2839
11.951          1.4821
12.470          1.1095
12.990          0.78562
13.510          0.68762
14.029          0.72347
14.549          0.94077
15.068          1.3700
15.588          1.4458
16.108          1.0269
16.627          0.75224
17.147          0.68440
17.666          0.74488
18.186          1.0065
18.706          1.4318
19.225          1.3899
19.745          0.95909
20.264          0.72907
20.784          0.68617
21.304          0.77468
21.823          1.0839
22.343          1.4739
22.862          1.3109
23.382          0.89514
23.902          0.71073
24.421          0.69336
24.941          0.81911
25.460          1.1808
25.980          1.4928
26.500          1.2100
27.019          0.83422
27.539          0.69640
28.059          0.70629
28.578          0.87765
29.098          1.2845
29.617          1.4818
30.137          1.1088
30.657          0.78533
31.176          0.68759
31.696          0.72364
32.215          0.94133
32.735          1.3706
33.255          1.4454
33.774          1.0262
34.294          0.75200
34.813          0.68440
35.333          0.74512
35.853          1.0072
36.372          1.4323
36.892          1.3893
37.411          0.95847
37.931          0.72888
38.451          0.68621
38.970          0.77501
39.490          1.0847
40.009          1.4742
40.529          1.3101
41.049          0.89457
41.568          0.71058
42.088          0.69343
42.607          0.81950
43.127          1.1816
43.647          1.4929
44.166          1.2093
44.686          0.83382
45.205          0.69631
45.725          0.70636
46.245          0.87795
46.764          1.2850
47.284          1.4818
47.803          1.1084
48.323          0.78517
48.843          0.68755
49.362          0.72364
49.882          0.94135
50.401          1.3707
50.921          1.4455
51.441          1.0263
51.960          0.75202
52.480          0.68437
52.999          0.74498
