0.0000          1.5290
0.51960         1.3214
1.0392          0.89593
1.5588          0.71309
2.0784          0.68207
2.5980          0.75095
3.1176          1.0174
3.6372          1.4621
4.1568          1.4400
4.6764          0.99214
5.1960          0.74212
5.7156          0.68109
6.2352          0.71875
6.7548          0.91679
7.2744          1.3522
7.7940          1.5179
8.3136          1.1102
8.8332          0.78732
9.3528          0.68827
9.8724          0.69818
10.392          0.83427
10.912          1.2124
11.431          1.5416
11.951          1.2510
12.470          0.85440
12.990          0.70278
13.510          0.68561
14.029          0.77328
14.549          1.0761
15.068          1.5016
15.588          1.3853
16.108          0.94181
16.627          0.72600
17.147          0.68053
17.666          0.73306
18.186          0.96466
18.706          1.4120
19.225          1.4846
19.745          1.0479
20.264          0.76227
20.784          0.68372
21.304          0.70729
21.823          0.87316
22.343          1.2844
22.862          1.5377
23.382          1.1789
23.902          0.81800
24.421          0.69461
24.941          0.69100
25.460          0.80087
25.980          1.1415
26.500          1.5290
27.019          1.3215
27.539          0.89595
28.059          0.71310
28.578          0.68207
29.098          0.75094
29.617          1.0173
30.137          1.4620
30.657          1.4400
31.176          0.99219
31.696          0.74214
32.215          0.68110
32.735          0.71874
33.255          0.91674
33.774          1.3522
34.294          1.5179
34.813          1.1103
35.333          0.78735
35.853          0.68828
36.372          0.69817
36.892          0.83423
37.411          1.2123
37.931          1.5416
38.451          1.2511
38.970          0.85444
39.490          0.70279
40.009          0.68561
40.529          0.77326
41.049          1.0761
41.568          1.5016
42.088          1.3853
42.607          0.94184
43.127          0.72601
43.647          0.68053
44.166          0.73306
44.686          0.96464
45.205          1.4119
45.725          1.4846
46.245          1.0479
46.764          0.76228
47.284          0.68372
47.803          0.70729
48.323          0.87316
48.843          1.2844
49.362          1.5377
49.882          1.1789
50.401          0.81800
50.921          0.69461
51.441          0.69100
51.960          0.80089
52.480          1.1415
52.999          1.5290
