0.0000          1.4072
0.51960         1.4172
1.0392          0.98808
1.5588          0.73850
2.0784          0.68476
2.5980          0.75997
3.1176          1.0473
3.6372          1.4576
4.1568          1.3492
4.6764          0.92350
5.1960          0.71845
5.7156          0.68943
6.2352          0.79725
6.7548          1.1354
7.2744          1.4878
7.7940          1.2568
8.3136          0.86052
8.8332          0.70219
9.3528          0.69984
9.8724          0.85021
10.392          1.2390
10.912          1.4905
11.431          1.1525
11.951          0.80525
12.470          0.69080
12.990          0.71540
13.510          0.91259
14.029          1.3351
14.549          1.4644
15.068          1.0609
15.588          0.76530
16.108          0.68518
16.627          0.73475
17.147          0.97681
17.666          1.4072
18.186          1.4171
18.706          0.98803
19.225          0.73849
19.745          0.68476
20.264          0.76000
20.784          1.0474
21.304          1.4577
21.823          1.3491
22.343          0.92342
22.862          0.71843
23.382          0.68944
23.902          0.79732
24.421          1.1355
24.941          1.4879
25.460          1.2566
25.980          0.86043
26.500          0.70217
27.019          0.69986
27.539          0.85030
28.059          1.2392
28.578          1.4904
29.098          1.1523
29.617          0.80518
30.137          0.69078
30.657          0.71542
31.176          0.91267
31.696          1.3352
32.215          1.4643
32.735          1.0608
33.255          0.76527
33.774          0.68518
34.294          0.73477
34.813          0.97685
35.333          1.4072
35.853          1.4171
36.372          0.98800
36.892          0.73848
37.411          0.68476
37.931          0.76000
38.451          1.0474
38.970          1.4577
39.490          1.3491
40.009          0.92344
40.529          0.71843
41.049          0.68944
41.568          0.79729
42.088          1.1354
42.607          1.4879
43.127          1.2567
43.647          0.86047
44.166          0.70218
44.686          0.69985
45.205          0.85024
45.725          1.2391
46.245          1.4905
46.764          1.1524
47.284          0.80523
47.803          0.69079
48.323          0.71540
48.843          0.91259
49.362          1.3351
49.882          1.4644
50.401          1.0609
50.921          0.76530
51.441          0.68518
51.960          0.73474
52.480          0.97677
52.999          1.4072
