0.0000          1.3648
0.51960         0.93633
1.0392          0.73937
1.5588          0.69439
2.0784          0.71700
2.5980          0.85447
3.1176          1.2283
3.6372          1.5585
4.1568          1.2844
4.6764          0.88466
5.1960          0.72456
5.7156          0.69359
6.2352          0.72940
6.7548          0.90247
7.2744          1.3142
7.7940          1.5545
8.3136          1.1987
8.8332          0.83999
9.3528          0.71366
9.8724          0.69516
10.392          0.74517
10.912          0.95481
11.431          1.3894
11.951          1.5310
12.470          1.1240
12.990          0.80697
13.510          0.70676
14.029          0.69818
14.549          0.76230
15.068          1.0058
15.588          1.4468
16.108          1.4962
16.627          1.0642
17.147          0.78346
17.666          0.70225
18.186          0.70172
18.706          0.78071
19.225          1.0568
19.745          1.4909
20.264          1.4535
20.784          1.0126
21.304          0.76471
21.823          0.69864
22.343          0.70604
22.862          0.80329
23.382          1.1150
23.902          1.5267
24.421          1.3982
24.941          0.96193
25.460          0.74747
25.980          0.69552
26.500          0.71251
27.019          0.83475
27.539          1.1876
28.059          1.5522
28.578          1.3255
29.098          0.90958
29.617          0.73142
30.137          0.69368
30.657          0.72280
31.176          0.87794
31.696          1.2725
32.215          1.5593
32.735          1.2401
33.255          0.86052
33.774          0.71845
34.294          0.69414
34.813          0.73717
35.333          0.92910
35.853          1.3546
36.372          1.5444
36.892          1.1587
37.411          0.82174
37.931          0.70976
38.451          0.69661
38.970          0.75377
39.490          0.98088
40.009          1.4205
40.529          1.5144
41.049          1.0922
41.568          0.79423
42.088          0.70433
42.607          0.69994
43.127          0.77127
43.647          1.0309
44.166          1.4701
44.686          1.4760
45.205          1.0379
45.725          0.77379
46.245          0.70043
46.764          0.70374
47.284          0.79111
47.803          1.0842
48.323          1.5095
48.843          1.4281
49.362          0.98784
49.882          0.75613
50.401          0.69704
50.921          0.70886
51.441          0.81735
51.960          1.1486
52.480          1.5409
52.999          1.3648
