0.0000          0.99732
0.51960         1.3855
1.0392          1.4901
1.5588          1.1294
2.0784          0.84411
2.5980          0.75211
3.1176          0.73807
3.6372          0.75726
4.1568          0.86593
4.6764          1.1766
5.1960          1.5082
5.7156          1.3408
6.2352          0.96188
6.7548          0.78162
7.2744          0.73829
7.7940          0.73996
8.3136          0.79267
8.8332          0.99741
9.3528          1.3856
9.8724          1.4900
10.392          1.1293
10.912          0.84409
11.431          0.75213
11.951          0.73810
12.470          0.75728
12.990          0.86594
13.510          1.1765
14.029          1.5081
14.549          1.3409
15.068          0.96192
15.588          0.78165
16.108          0.73832
16.627          0.73998
17.147          0.79266
17.666          0.99730
18.186          1.3854
18.706          1.4901
19.225          1.1295
19.745          0.84418
20.264          0.75216
20.784          0.73812
21.304          0.75727
21.823          0.86583
22.343          1.1763
22.862          1.5080
23.382          1.3411
23.902          0.96209
24.421          0.78170
24.941          0.73833
25.460          0.73997
25.980          0.79260
26.500          0.99711
27.019          1.3852
27.539          1.4902
28.059          1.1297
28.578          0.84428
29.098          0.75218
29.617          0.73811
30.137          0.75724
30.657          0.86572
31.176          1.1761
31.696          1.5080
32.215          1.3413
32.735          0.96222
33.255          0.78173
33.774          0.73831
34.294          0.73994
34.813          0.79255
35.333          0.99702
35.853          1.3851
36.372          1.4903
36.892          1.1298
37.411          0.84429
37.931          0.75216
38.451          0.73808
38.970          0.75721
39.490          0.86572
40.009          1.1761
40.529          1.5081
41.049          1.3413
41.568          0.96218
42.088          0.78169
42.607          0.73828
43.127          0.73992
43.647          0.79256
44.166          0.99713
44.686          1.3853
45.205          1.4902
45.725          1.1296
46.245          0.84421
46.764          0.75212
47.284          0.73806
47.803          0.75722
48.323          0.86582
48.843          1.1764
49.362          1.5081
49.882          1.3411
50.401          0.96201
50.921          0.78164
51.441          0.73827
51.960          0.73993
52.480          0.79263
52.999          0.99732
