0.0000          1.2653
0.51960         0.86227
1.0392          0.70465
1.5588          0.68476
2.0784          0.76846
2.5980          1.0639
3.1176          1.4947
3.6372          1.3969
4.1568          0.95142
4.6764          0.72892
5.1960          0.68048
5.7156          0.72996
6.2352          0.95481
6.7548          1.4008
7.2744          1.4922
7.7940          1.0598
8.3136          0.76682
8.8332          0.68448
9.3528          0.70531
9.8724          0.86505
10.392          1.2703
10.912          1.5398
11.431          1.1931
11.951          0.82477
12.470          0.69608
12.990          0.68979
13.510          0.79495
14.029          1.1280
14.549          1.5246
15.068          1.3348
15.588          0.90471
16.108          0.71543
16.627          0.68160
17.147          0.74707
17.666          1.0065
18.186          1.4529
18.706          1.4497
19.225          1.0028
19.745          0.74578
20.264          0.68146
20.784          0.71626
21.304          0.90777
21.823          1.3393
22.343          1.5230
22.862          1.1234
23.382          0.79296
23.902          0.68939
24.421          0.69660
24.941          0.82716
25.460          1.1980
25.980          1.5403
26.500          1.2654
27.019          0.86229
27.539          0.70465
28.059          0.68476
28.578          0.76845
29.098          1.0639
29.617          1.4947
30.137          1.3969
30.657          0.95144
31.176          0.72892
31.696          0.68048
32.215          0.72996
32.735          0.95480
33.255          1.4008
33.774          1.4922
34.294          1.0598
34.813          0.76683
35.333          0.68448
35.853          0.70531
36.372          0.86505
36.892          1.2703
37.411          1.5398
37.931          1.1931
38.451          0.82477
38.970          0.69608
39.490          0.68980
40.009          0.79496
40.529          1.1281
41.049          1.5246
41.568          1.3347
42.088          0.90469
42.607          0.71543
43.127          0.68160
43.647          0.74708
44.166          1.0065
44.686          1.4529
45.205          1.4496
45.725          1.0027
46.245          0.74577
46.764          0.68145
47.284          0.71627
47.803          0.90779
48.323          1.3393
48.843          1.5230
49.362          1.1234
49.882          0.79295
50.401          0.68939
50.921          0.69661
51.441          0.82718
51.960          1.1980
52.480          1.5403
52.999          1.2653
