0.0000          0.81790
0.51960         1.1784
1.0392          1.4927
1.5588          1.2125
2.0784          0.83555
2.5980          0.69667
3.1176          0.70590
3.6372          0.87607
4.1568          1.2821
4.6764          1.4825
5.1960          1.1112
5.7156          0.78638
6.2352          0.68773
6.7548          0.72311
7.2744          0.93954
7.7940          1.3686
8.3136          1.4467
8.8332          1.0283
9.3528          0.75277
9.8724          0.68440
10.392          0.74436
10.912          1.0051
11.431          1.4308
11.951          1.3914
12.470          0.96050
12.990          0.72951
13.510          0.68607
14.029          0.77383
14.549          1.0818
15.068          1.4732
15.588          1.3131
16.108          0.89667
16.627          0.71113
17.147          0.69310
17.666          0.81777
18.186          1.1782
18.706          1.4927
19.225          1.2127
19.745          0.83569
20.264          0.69670
20.784          0.70587
21.304          0.87594
21.823          1.2819
22.343          1.4826
22.862          1.1114
23.382          0.78646
23.902          0.68775
24.421          0.72309
24.941          0.93947
25.460          1.3685
25.980          1.4468
26.500          1.0284
27.019          0.75279
27.539          0.68441
28.059          0.74437
28.578          1.0051
29.098          1.4308
29.617          1.3913
30.137          0.96046
30.657          0.72950
31.176          0.68608
31.696          0.77389
32.215          1.0820
32.735          1.4732
33.255          1.3129
33.774          0.89655
34.294          0.71110
34.813          0.69313
35.333          0.81789
35.853          1.1784
36.372          1.4927
36.892          1.2125
37.411          0.83555
37.931          0.69667
38.451          0.70591
38.970          0.87610
39.490          1.2821
40.009          1.4825
40.529          1.1111
41.049          0.78636
41.568          0.68773
42.088          0.72313
42.607          0.93963
43.127          1.3687
43.647          1.4467
44.166          1.0282
44.686          0.75273
45.205          0.68441
45.725          0.74442
46.245          1.0052
46.764          1.4309
47.284          1.3912
47.803          0.96035
48.323          0.72947
48.843          0.68608
49.362          0.77392
49.882          1.0820
50.401          1.4733
50.921          1.3128
51.441          0.89650
51.960          0.71108
52.480          0.69313
52.999          0.81790
