0.0000          1.2062
0.51960         0.83222
1.0392          0.69598
1.5588          0.70681
2.0784          0.87977
2.5980          1.2879
3.1176          1.4810
3.6372          1.1057
4.1568          0.78399
4.6764          0.68739
5.1960          0.72423
5.7156          0.94332
6.2352          1.3729
6.7548          1.4440
7.2744          1.0240
7.7940          0.75117
8.3136          0.68436
8.8332          0.74582
9.3528          1.0092
9.8724          1.4338
10.392          1.3874
10.912          0.95667
11.431          0.72831
11.951          0.68633
12.470          0.77599
12.990          1.0870
13.510          1.4751
14.029          1.3076
14.549          0.89286
15.068          0.71013
15.588          0.69371
16.108          0.82094
16.627          1.1845
17.147          1.4930
17.666          1.2064
18.186          0.83228
18.706          0.69599
19.225          0.70681
19.745          0.87974
20.264          1.2878
20.784          1.4810
21.304          1.1057
21.823          0.78399
22.343          0.68739
22.862          0.72425
23.382          0.94338
23.902          1.3730
24.421          1.4439
24.941          1.0239
25.460          0.75115
25.980          0.68437
26.500          0.74588
27.019          1.0093
27.539          1.4339
28.059          1.3872
28.578          0.95651
29.098          0.72827
29.617          0.68634
30.137          0.77611
30.657          1.0873
31.176          1.4752
31.696          1.3073
32.215          0.89267
32.735          0.71008
33.255          0.69374
33.774          0.82110
34.294          1.1848
34.813          1.4930
35.333          1.2060
35.853          0.83210
36.372          0.69595
36.892          0.70685
37.411          0.87992
37.931          1.2881
38.451          1.4810
38.970          1.1055
39.490          0.78387
40.009          0.68737
40.529          0.72429
41.049          0.94350
41.568          1.3731
42.088          1.4439
42.607          1.0238
43.127          0.75109
43.647          0.68436
44.166          0.74589
44.686          1.0094
45.205          1.4340
45.725          1.3872
46.245          0.95650
46.764          0.72826
47.284          0.68634
47.803          0.77608
48.323          1.0872
48.843          1.4752
49.362          1.3074
49.882          0.89274
50.401          0.71010
50.921          0.69373
51.441          0.82101
51.960          1.1846
52.480          1.4930
52.999          1.2062
