0.0000          0.79089
0.51960         0.70368
1.0392          0.70045
1.5588          0.77398
2.0784          1.0385
2.5980          1.4765
3.1176          1.4696
3.6372          1.0304
4.1568          0.77105
4.6764          0.69988
5.1960          0.70437
5.7156          0.79452
6.2352          1.0930
6.7548          1.5149
7.2744          1.4197
7.7940          0.98021
8.3136          0.75354
8.8332          0.69656
9.3528          0.70984
9.8724          0.82220
10.392          1.1598
10.912          1.5447
11.431          1.3536
11.951          0.92834
12.470          0.73694
12.990          0.69412
13.510          0.71860
14.029          0.86117
14.549          1.2414
15.068          1.5594
15.588          1.2712
16.108          0.87721
16.627          0.72261
17.147          0.69369
17.666          0.73164
18.186          0.91035
18.706          1.3267
19.225          1.5520
19.745          1.1864
20.264          0.83420
20.784          0.71239
21.304          0.69557
21.823          0.74772
22.343          0.96267
22.862          1.3991
23.382          1.5263
23.902          1.1141
24.421          0.80293
24.941          0.70598
25.460          0.69869
25.980          0.76494
26.500          1.0133
27.019          1.4540
27.539          1.4904
28.059          1.0561
28.578          0.78048
29.098          0.70169
29.617          0.70230
30.137          0.78368
30.657          1.0647
31.176          1.4966
31.696          1.4463
32.215          1.0053
32.735          0.76213
33.255          0.69815
33.774          0.70682
34.294          0.80722
34.813          1.1246
35.333          1.5312
35.853          1.3888
36.372          0.95438
36.892          0.74504
37.411          0.69515
37.931          0.71373
38.451          0.84029
38.970          1.1994
39.490          1.5546
40.009          1.3136
40.529          0.90207
41.049          0.72929
41.568          0.69359
42.088          0.72466
42.607          0.88503
43.127          1.2850
43.647          1.5584
44.166          1.2276
44.686          0.85414
45.205          0.71692
45.725          0.69440
46.245          0.73950
46.764          0.93674
47.284          1.3654
47.803          1.5407
48.323          1.1480
48.843          0.81710
49.362          0.70880
49.882          0.69706
50.401          0.75628
50.921          0.98829
51.441          1.4286
51.960          1.5092
52.480          1.0836
52.999          0.79089
