0.0000          1.1001
0.51960         0.78157
1.0392          0.68705
1.5588          0.72543
2.0784          0.94727
2.5980          1.3773
3.1176          1.4410
3.6372          1.0195
4.1568          0.74955
4.6764          0.68435
5.1960          0.74738
5.7156          1.0135
6.2352          1.4369
6.7548          1.3832
7.2744          0.95267
7.7940          0.72708
8.3136          0.68662
8.8332          0.77833
9.3528          1.0925
9.8724          1.4770
10.392          1.3017
10.912          0.88891
11.431          0.70912
11.951          0.69437
12.470          0.82427
12.990          1.1910
13.510          1.4931
14.029          1.1998
14.549          0.82883
15.068          0.69528
15.588          0.70778
16.108          0.88364
16.627          1.2938
17.147          1.4794
17.666          1.1001
18.186          0.78155
18.706          0.68705
19.225          0.72544
19.745          0.94730
20.264          1.3773
20.784          1.4410
21.304          1.0195
21.823          0.74953
22.343          0.68435
22.862          0.74740
23.382          1.0136
23.902          1.4370
24.421          1.3831
24.941          0.95263
25.460          0.72707
25.980          0.68663
26.500          0.77835
27.019          1.0926
27.539          1.4770
28.059          1.3017
28.578          0.88889
29.098          0.70911
29.617          0.69437
30.137          0.82430
30.657          1.1910
31.176          1.4931
31.696          1.1998
32.215          0.82882
32.735          0.69528
33.255          0.70778
33.774          0.88364
34.294          1.2938
34.813          1.4794
35.333          1.1001
35.853          0.78155
36.372          0.68705
36.892          0.72543
37.411          0.94729
37.931          1.3773
38.451          1.4410
38.970          1.0195
39.490          0.74954
40.009          0.68435
40.529          0.74738
41.049          1.0136
41.568          1.4369
42.088          1.3832
42.607          0.95267
43.127          0.72708
43.647          0.68662
44.166          0.77832
44.686          1.0925
45.205          1.4770
45.725          1.3018
46.245          0.88893
46.764          0.70912
47.284          0.69436
47.803          0.82425
48.323          1.1909
48.843          1.4931
49.362          1.1998
49.882          0.82886
50.401          0.69529
50.921          0.70777
51.441          0.88360
51.960          1.2937
52.480          1.4794
52.999          1.1001
