0.0000          0.68059
0.51960         0.73457
1.0392          0.96935
1.5588          1.4170
2.0784          1.4809
2.5980          1.0425
3.1176          0.76021
3.6372          0.68340
4.1568          0.70825
4.6764          0.87701
5.1960          1.2909
5.7156          1.5365
6.2352          1.1724
6.7548          0.81492
7.2744          0.69395
7.7940          0.69159
8.3136          0.80370
8.8332          1.1478
9.3528          1.5308
9.8724          1.3152
10.392          0.89195
10.912          0.71205
11.431          0.68231
11.951          0.75278
12.470          1.0224
12.990          1.4661
13.510          1.4354
14.029          0.98739
14.549          0.74052
15.068          0.68096
15.588          0.71991
16.108          0.92091
16.627          1.3579
17.147          1.5154
17.666          1.1044
18.186          0.78486
18.706          0.68779
19.225          0.69891
19.745          0.83753
20.264          1.2188
20.784          1.5419
21.304          1.2446
21.823          0.85092
22.343          0.70197
22.862          0.68602
23.382          0.77553
23.902          1.0817
24.421          1.5046
24.941          1.3799
25.460          0.93752
25.980          0.72472
26.500          0.68058
27.019          0.73452
27.539          0.96920
28.059          1.4169
28.578          1.4810
29.098          1.0426
29.617          0.76026
30.137          0.68340
30.657          0.70823
31.176          0.87696
31.696          1.2908
32.215          1.5365
32.735          1.1724
33.255          0.81495
33.774          0.69396
34.294          0.69159
34.813          0.80370
35.333          1.1479
35.853          1.5308
36.372          1.3152
36.892          0.89192
37.411          0.71204
37.931          0.68231
38.451          0.75282
38.970          1.0225
39.490          1.4662
40.009          1.4353
40.529          0.98727
41.049          0.74047
41.568          0.68095
42.088          0.71995
42.607          0.92106
43.127          1.3582
43.647          1.5153
44.166          1.1041
44.686          0.78476
45.205          0.68777
45.725          0.69894
46.245          0.83768
46.764          1.2191
47.284          1.5419
47.803          1.2443
48.323          0.85077
48.843          0.70193
49.362          0.68604
49.882          0.77563
50.401          1.0820
50.921          1.5047
51.441          1.3797
51.960          0.93734
52.480          0.72467
52.999          0.68059
