0.0000          0.93911
0.51960         0.72519
1.0392          0.68056
1.5588          0.73397
2.0784          0.96750
2.5980          1.4150
3.1176          1.4823
3.6372          1.0446
4.1568          0.76101
4.6764          0.68352
5.1960          0.70788
5.7156          0.87552
6.2352          1.2884
6.7548          1.5370
7.2744          1.1749
7.7940          0.81610
8.3136          0.69420
8.8332          0.69136
9.3528          0.80262
9.8724          1.1454
10.392          1.5301
10.912          1.3176
11.431          0.89346
11.951          0.71244
12.470          0.68222
12.990          0.75209
13.510          1.0205
14.029          1.4646
14.549          1.4371
15.068          0.98915
15.588          0.74111
16.108          0.68101
16.627          0.71948
17.147          0.91939
17.666          1.3559
18.186          1.5163
18.706          1.1065
19.225          0.78575
19.745          0.68796
20.264          0.69864
20.784          0.83635
21.304          1.2165
21.823          1.5418
22.343          1.2469
22.862          0.85217
23.382          0.70226
23.902          0.68587
24.421          0.77472
24.941          1.0797
25.460          1.5036
25.980          1.3818
26.500          0.93906
27.019          0.72517
27.539          0.68056
28.059          0.73399
28.578          0.96756
29.098          1.4151
29.617          1.4823
30.137          1.0445
30.657          0.76099
31.176          0.68352
31.696          0.70789
32.215          0.87556
32.735          1.2885
33.255          1.5370
33.774          1.1748
34.294          0.81607
34.813          0.69420
35.333          0.69137
35.853          0.80264
36.372          1.1455
36.892          1.5301
37.411          1.3176
37.931          0.89343
38.451          0.71244
38.970          0.68222
39.490          0.75210
40.009          1.0206
40.529          1.4646
41.049          1.4371
41.568          0.98914
42.088          0.74111
42.607          0.68101
43.127          0.71948
43.647          0.91938
44.166          1.3558
44.686          1.5164
45.205          1.1065
45.725          0.78576
46.245          0.68797
46.764          0.69864
47.284          0.83632
47.803          1.2164
48.323          1.5418
48.843          1.2469
49.362          0.85220
49.882          0.70227
50.401          0.68587
50.921          0.77469
51.441          1.0796
51.960          1.5035
52.480          1.3819
52.999          0.93911
