0.0000          1.4927
0.51960         1.1793
1.0392          0.81836
1.5588          0.69322
2.0784          0.71098
2.5980          0.89608
3.1176          1.3122
3.6372          1.4734
4.1568          1.0826
4.6764          0.77414
5.1960          0.68611
5.7156          0.72939
6.2352          0.96009
6.7548          1.3909
7.2744          1.4310
7.7940          1.0054
8.3136          0.74450
8.8332          0.68441
9.3528          0.75266
9.8724          1.0280
10.392          1.4466
10.912          1.3688
11.431          0.93972
11.951          0.72316
12.470          0.68771
12.990          0.78627
13.510          1.1110
14.029          1.4825
14.549          1.2822
15.068          0.87616
15.588          0.70592
16.108          0.69664
16.627          0.83544
17.147          1.2123
17.666          1.4928
18.186          1.1786
18.706          0.81798
19.225          0.69314
19.745          0.71103
20.264          0.89633
20.784          1.3126
21.304          1.4734
21.823          1.0823
22.343          0.77403
22.862          0.68608
23.382          0.72934
23.902          0.95998
24.421          1.3909
24.941          1.4313
25.460          1.0057
25.980          0.74458
26.500          0.68438
27.019          0.75244
27.539          1.0274
28.059          1.4462
28.578          1.3696
29.098          0.94036
29.617          0.72335
30.137          0.68764
30.657          0.78578
31.176          1.1098
31.696          1.4822
32.215          1.2836
32.735          0.87702
33.255          0.70613
33.774          0.69648
34.294          0.83464
34.813          1.2108
35.333          1.4928
35.853          1.1801
36.372          0.81873
36.892          0.69328
37.411          0.71081
37.931          0.89548
38.451          1.3114
38.970          1.4738
39.490          1.0834
40.009          0.77446
40.529          0.68614
41.049          0.72916
41.568          0.95938
42.088          1.3902
42.607          1.4316
43.127          1.0062
43.647          0.74476
44.166          0.68440
44.686          0.75237
45.205          1.0272
45.725          1.4460
46.245          1.3696
46.764          0.94043
47.284          0.72337
47.803          0.68767
48.323          0.78590
48.843          1.1101
49.362          1.4822
49.882          1.2832
50.401          0.87677
50.921          0.70608
51.441          0.69657
51.960          0.83503
52.480          1.2115
52.999          1.4927
