0.0000          0.71046
0.51960         0.88577
1.0392          1.3054
1.5588          1.5334
2.0784          1.1578
2.5980          0.80820
3.1176          0.69253
3.6372          0.69296
4.1568          0.81025
4.6764          1.1623
5.1960          1.5344
5.7156          1.3009
6.2352          0.88306
6.7548          0.70977
7.2744          0.68292
7.7940          0.75710
8.3136          1.0342
8.8332          1.4750
9.3528          1.4247
9.8724          0.97665
10.392          0.73694
10.912          0.68071
11.431          0.72267
11.951          0.93055
12.470          1.3709
12.990          1.5093
13.510          1.0910
14.029          0.77933
14.549          0.68673
15.068          0.70066
15.588          0.84526
16.108          1.2338
16.627          1.5422
17.147          1.2296
17.666          0.84303
18.186          0.70015
18.706          0.68703
19.225          0.78089
19.745          1.0948
20.264          1.5111
20.784          1.3672
21.304          0.92776
21.823          0.72186
22.343          0.68077
22.862          0.73797
23.382          0.97976
23.902          1.4279
24.421          1.4724
24.941          1.0307
25.460          0.75581
25.980          0.68273
26.500          0.71044
27.019          0.88569
27.539          1.3052
28.059          1.5334
28.578          1.1579
29.098          0.80826
29.617          0.69254
30.137          0.69295
30.657          0.81022
31.176          1.1622
31.696          1.5344
32.215          1.3010
32.735          0.88307
33.255          0.70977
33.774          0.68292
34.294          0.75712
34.813          1.0342
35.333          1.4750
35.853          1.4246
36.372          0.97658
36.892          0.73692
37.411          0.68071
37.931          0.72270
38.451          0.93067
38.970          1.3711
39.490          1.5092
40.009          1.0909
40.529          0.77925
41.049          0.68672
41.568          0.70069
42.088          0.84539
42.607          1.2341
43.127          1.5421
43.647          1.2293
44.166          0.84290
44.686          0.70012
45.205          0.68705
45.725          0.78098
46.245          1.0951
46.764          1.5112
47.284          1.3670
47.803          0.92760
48.323          0.72182
48.843          0.68078
49.362          0.73802
49.882          0.97992
50.401          1.4280
50.921          1.4723
51.441          1.0306
51.960          0.75575
52.480          0.68273
52.999          0.71046
