0.0000          0.87675
0.51960         1.2831
1.0392          1.4822
1.5588          1.1103
2.0784          0.78600
2.5980          0.68768
3.1176          0.72328
3.6372          0.94013
4.1568          1.3693
4.6764          1.4463
5.1960          1.0277
5.7156          0.75253
6.2352          0.68440
6.7548          0.74456
7.2744          1.0056
7.7940          1.4312
8.3136          1.3909
8.8332          0.96001
9.3528          0.72936
9.8724          0.68610
10.392          0.77409
10.912          1.0824
11.431          1.4733
11.951          1.3125
12.470          0.89630
12.990          0.71104
13.510          0.69318
14.029          0.81811
14.549          1.1787
15.068          1.4926
15.588          1.2122
16.108          0.83550
16.627          0.69668
17.147          0.70597
17.666          0.87625
18.186          1.2822
18.706          1.4823
19.225          1.1111
19.745          0.78643
20.264          0.68777
20.784          0.72318
21.304          0.93971
21.823          1.3686
22.343          1.4464
22.862          1.0282
23.382          0.75277
23.902          0.68444
24.421          0.74449
24.941          1.0054
25.460          1.4309
25.980          1.3910
26.500          0.96021
27.019          0.72943
27.539          0.68611
28.059          0.77409
28.578          1.0824
29.098          1.4734
29.617          1.3124
30.137          0.89620
30.657          0.71101
31.176          0.69319
31.696          0.81823
32.215          1.1791
32.735          1.4927
33.255          1.2118
33.774          0.83518
34.294          0.69660
34.813          0.70603
35.333          0.87657
35.853          1.2828
36.372          1.4823
36.892          1.1104
37.411          0.78605
37.931          0.68770
38.451          0.72332
38.970          0.94023
39.490          1.3693
40.009          1.4461
40.529          1.0275
41.049          0.75250
41.568          0.68443
42.088          0.74474
42.607          1.0060
43.127          1.4313
43.647          1.3903
44.166          0.95965
44.686          0.72927
45.205          0.68617
45.725          0.77444
46.245          1.0832
46.764          1.4735
47.284          1.3117
47.803          0.89581
48.323          0.71092
48.843          0.69327
49.362          0.81858
49.882          1.1796
50.401          1.4926
50.921          1.2113
51.441          0.83498
51.960          0.69656
52.480          0.70608
52.999          0.87675
