0.0000          0.99212
0.51960         1.3795
1.0392          1.4932
1.5588          1.1359
2.0784          0.84702
2.5980          0.75281
3.1176          0.73809
3.6372          0.75648
4.1568          0.86259
4.6764          1.1696
5.1960          1.5061
5.7156          1.3475
6.2352          0.96681
6.7548          0.78307
7.2744          0.73846
7.7940          0.73965
8.3136          0.79097
8.8332          0.99221
9.3528          1.3795
9.8724          1.4931
10.392          1.1358
10.912          0.84700
11.431          0.75282
11.951          0.73812
12.470          0.75651
12.990          0.86260
13.510          1.1696
14.029          1.5060
14.549          1.3476
15.068          0.96685
15.588          0.78310
16.108          0.73848
16.627          0.73967
17.147          0.79096
17.666          0.99211
18.186          1.3794
18.706          1.4931
19.225          1.1360
19.745          0.84708
20.264          0.75286
20.784          0.73814
21.304          0.75650
21.823          0.86250
22.343          1.1693
22.862          1.5059
23.382          1.3478
23.902          0.96702
24.421          0.78316
24.941          0.73849
25.460          0.73966
25.980          0.79090
26.500          0.99193
27.019          1.3792
27.539          1.4932
28.059          1.1362
28.578          0.84718
29.098          0.75287
29.617          0.73813
30.137          0.75646
30.657          0.86240
31.176          1.1692
31.696          1.5059
32.215          1.3480
32.735          0.96715
33.255          0.78318
33.774          0.73848
34.294          0.73963
34.813          0.79086
35.333          0.99185
35.853          1.3791
36.372          1.4933
36.892          1.1363
37.411          0.84719
37.931          0.75285
38.451          0.73810
38.970          0.75644
39.490          0.86240
40.009          1.1692
40.529          1.5059
41.049          1.3479
41.568          0.96711
42.088          0.78315
42.607          0.73845
43.127          0.73961
43.647          0.79087
44.166          0.99195
44.686          1.3792
45.205          1.4933
45.725          1.1362
46.245          0.84711
46.764          0.75282
47.284          0.73808
47.803          0.75645
48.323          0.86249
48.843          1.1694
49.362          1.5060
49.882          1.3477
50.401          0.96694
50.921          0.78309
51.441          0.73844
51.960          0.73962
52.480          0.79093
52.999          0.99212
