0.0000          1.4924
0.51960         1.1731
1.0392          0.81525
1.5588          0.69262
2.0784          0.71194
2.5980          0.89977
3.1176          1.3175
3.6372          1.4716
4.1568          1.0776
4.6764          0.77209
5.1960          0.68587
5.7156          0.73052
6.2352          0.96369
6.7548          1.3946
7.2744          1.4282
7.7940          1.0016
8.3136          0.74317
8.8332          0.68446
9.3528          0.75417
9.8724          1.0321
10.392          1.4490
10.912          1.3648
11.431          0.93628
11.951          0.72214
12.470          0.68806
12.990          0.78855
13.510          1.1161
14.029          1.4837
14.549          1.2769
15.068          0.87280
15.588          0.70511
16.108          0.69731
16.627          0.83858
17.147          1.2181
17.666          1.4924
18.186          1.1728
18.706          0.81514
19.225          0.69260
19.745          0.71199
20.264          0.89995
20.784          1.3178
21.304          1.4714
21.823          1.0774
22.343          0.77198
22.862          0.68586
23.382          0.73060
23.902          0.96393
24.421          1.3948
24.941          1.4279
25.460          1.0014
25.980          0.74307
26.500          0.68446
27.019          0.75428
27.539          1.0324
28.059          1.4492
28.578          1.3645
29.098          0.93602
29.617          0.72207
30.137          0.68808
30.657          0.78870
31.176          1.1164
31.696          1.4838
32.215          1.2765
32.735          0.87258
33.255          0.70505
33.774          0.69735
34.294          0.83875
34.813          1.2184
35.333          1.4924
35.853          1.1726
36.372          0.81500
36.892          0.69257
37.411          0.71202
37.931          0.90006
38.451          1.3179
38.970          1.4714
39.490          1.0772
40.009          0.77194
40.529          0.68585
41.049          0.73059
41.568          0.96390
42.088          1.3948
42.607          1.4280
43.127          1.0015
43.647          0.74310
44.166          0.68445
44.686          0.75420
45.205          1.0321
45.725          1.4491
46.245          1.3647
46.764          0.93623
47.284          0.72213
47.803          0.68805
48.323          0.78852
48.843          1.1160
49.362          1.4838
49.882          1.2770
50.401          0.87286
50.921          0.70512
51.441          0.69729
51.960          0.83848
52.480          1.2179
52.999          1.4924
