0.0000          0.97180
0.51960         1.3544
1.0392          1.5040
1.5588          1.1626
2.0784          0.85914
2.5980          0.75556
3.1176          0.73798
3.6372          0.75348
4.1568          0.85022
4.6764          1.1432
5.1960          1.4964
5.7156          1.3727
6.2352          0.98643
6.7548          0.78909
7.2744          0.73930
7.7940          0.73867
8.3136          0.78477
8.8332          0.97243
9.3528          1.3549
9.8724          1.5034
10.392          1.1619
10.912          0.85901
11.431          0.75574
11.951          0.73824
12.470          0.75369
12.990          0.85024
13.510          1.1428
14.029          1.4959
14.549          1.3729
15.068          0.98688
15.588          0.78941
16.108          0.73956
16.627          0.73885
17.147          0.78465
17.666          0.97151
18.186          1.3534
18.706          1.5037
19.225          1.1633
19.745          0.85981
20.264          0.75604
20.784          0.73837
21.304          0.75360
21.823          0.84945
22.343          1.1408
22.862          1.4950
23.382          1.3747
23.902          0.98843
24.421          0.78994
24.941          0.73967
25.460          0.73880
25.980          0.78418
26.500          0.96996
27.019          1.3514
27.539          1.5044
28.059          1.1654
28.578          0.86075
29.098          0.75619
29.617          0.73826
30.137          0.75331
30.657          0.84861
31.176          1.1393
31.696          1.4945
32.215          1.3763
32.735          0.98956
33.255          0.79015
33.774          0.73952
34.294          0.73856
34.813          0.78381
35.333          0.96931
35.853          1.3509
36.372          1.5050
36.892          1.1661
37.411          0.86088
37.931          0.75601
38.451          0.73800
38.970          0.75309
39.490          0.84860
40.009          1.1397
40.529          1.4950
41.049          1.3761
41.568          0.98909
42.088          0.78982
42.607          0.73926
43.127          0.73837
43.647          0.78394
44.166          0.97026
44.686          1.3524
45.205          1.5047
45.725          1.1647
46.245          0.86006
46.764          0.75570
47.284          0.73787
47.803          0.75318
48.323          0.84941
48.843          1.1416
49.362          1.4960
49.882          1.3743
50.401          0.98753
50.921          0.78929
51.441          0.73916
51.960          0.73843
52.480          0.78441
52.999          0.97180
