0.0000          1.4247
0.51960         0.97665
1.0392          0.73694
1.5588          0.68071
2.0784          0.72268
2.5980          0.93060
3.1176          1.3710
3.6372          1.5093
4.1568          1.0910
4.6764          0.77929
5.1960          0.68673
5.7156          0.70068
6.2352          0.84532
6.7548          1.2340
7.2744          1.5422
7.7940          1.2294
8.3136          0.84297
8.8332          0.70014
9.3528          0.68703
9.8724          0.78092
10.392          1.0949
10.912          1.5112
11.431          1.3671
11.951          0.92770
12.470          0.72185
12.990          0.68077
13.510          0.73798
14.029          0.97978
14.549          1.4279
15.068          1.4724
15.588          1.0307
16.108          0.75581
16.627          0.68273
17.147          0.71043
17.666          0.88565
18.186          1.3052
18.706          1.5334
19.225          1.1580
19.745          0.80830
20.264          0.69255
20.784          0.69294
21.304          0.81015
21.823          1.1620
22.343          1.5343
22.862          1.3012
23.382          0.88319
23.902          0.70980
24.421          0.68291
24.941          0.75704
25.460          1.0340
25.980          1.4749
26.500          1.4249
27.019          0.97681
27.539          0.73699
28.059          0.68071
28.578          0.72264
29.098          0.93042
29.617          1.3707
30.137          1.5094
30.657          1.0912
31.176          0.77940
31.696          0.68674
32.215          0.70064
32.735          0.84517
33.255          1.2337
33.774          1.5422
34.294          1.2297
34.813          0.84312
35.333          0.70017
35.853          0.68702
36.372          0.78083
36.892          1.0947
37.411          1.5111
37.931          1.3673
38.451          0.92785
38.970          0.72189
39.490          0.68077
40.009          0.73793
40.529          0.97967
41.049          1.4278
41.568          1.4725
42.088          1.0308
42.607          0.75585
43.127          0.68274
43.647          0.71042
44.166          0.88562
44.686          1.3051
45.205          1.5334
45.725          1.1580
46.245          0.80830
46.764          0.69255
47.284          0.69294
47.803          0.81018
48.323          1.1621
48.843          1.5344
49.362          1.3010
49.882          0.88312
50.401          0.70978
50.921          0.68292
51.441          0.75709
51.960          1.0342
52.480          1.4750
52.999          1.4247
