0.0000          1.4513
0.51960         1.3609
1.0392          0.93303
1.5588          0.72119
2.0784          0.68838
2.5980          0.79067
3.1176          1.1209
3.6372          1.4849
4.1568          1.2719
4.6764          0.86969
5.1960          0.70435
5.7156          0.69792
6.2352          0.84145
6.7548          1.2234
7.2744          1.4920
7.7940          1.1677
8.3136          0.81260
8.8332          0.69213
9.3528          0.71283
9.8724          0.90311
10.392          1.3222
10.912          1.4698
11.431          1.0731
11.951          0.77026
12.470          0.68567
12.990          0.73162
13.510          0.96715
14.029          1.3980
14.549          1.4253
15.068          0.99800
15.588          0.74190
16.108          0.68452
16.627          0.75568
17.147          1.0361
17.666          1.4514
18.186          1.3607
18.706          0.93284
19.225          0.72113
19.745          0.68840
20.264          0.79083
20.784          1.1212
21.304          1.4850
21.823          1.2715
22.343          0.86946
22.862          0.70430
23.382          0.69797
23.902          0.84167
24.421          1.2238
24.941          1.4920
25.460          1.1673
25.980          0.81240
26.500          0.69209
27.019          0.71289
27.539          0.90332
28.059          1.3225
28.578          1.4697
29.098          1.0729
29.617          0.77015
30.137          0.68565
30.657          0.73166
31.176          0.96728
31.696          1.3982
32.215          1.4252
32.735          0.99788
33.255          0.74186
33.774          0.68451
34.294          0.75569
34.813          1.0361
35.333          1.4514
35.853          1.3607
36.372          0.93285
36.892          0.72114
37.411          0.68839
37.931          0.79078
38.451          1.1211
38.970          1.4850
39.490          1.2717
40.009          0.86956
40.529          0.70432
41.049          0.69794
41.568          0.84154
42.088          1.2235
42.607          1.4920
43.127          1.1676
43.647          0.81254
44.166          0.69211
44.686          0.71284
45.205          0.90313
45.725          1.3222
46.245          1.4698
46.764          1.0731
47.284          0.77026
47.803          0.68567
48.323          0.73159
48.843          0.96706
49.362          1.3979
49.882          1.4254
50.401          0.99811
50.921          0.74193
51.441          0.68451
51.960          0.75560
52.480          1.0359
52.999          1.4513
