0.0000          1.3849
0.51960         0.95430
1.0392          0.72758
1.5588          0.68650
2.0784          0.77736
2.5980          1.0903
3.1176          1.4762
3.6372          1.3042
4.1568          0.89055
4.6764          0.70954
5.1960          0.69409
5.7156          0.82287
6.2352          1.1883
6.7548          1.4930
7.2744          1.2026
7.7940          0.83028
8.3136          0.69558
8.8332          0.70737
9.3528          0.88198
9.8724          1.2913
10.392          1.4801
10.912          1.1025
11.431          0.78258
11.951          0.68719
12.470          0.72492
12.990          0.94561
13.510          1.3755
14.029          1.4423
14.549          1.0214
15.068          0.75023
15.588          0.68435
16.108          0.74673
16.627          1.0117
17.147          1.4356
17.666          1.3850
18.186          0.95433
18.706          0.72759
19.225          0.68650
19.745          0.77736
20.264          1.0902
20.784          1.4762
21.304          1.3042
21.823          0.89056
22.343          0.70954
22.862          0.69409
23.382          0.82288
23.902          1.1883
24.421          1.4930
24.941          1.2025
25.460          0.83027
25.980          0.69558
26.500          0.70737
27.019          0.88201
27.539          1.2913
28.059          1.4801
28.578          1.1024
29.098          0.78256
29.617          0.68719
30.137          0.72494
30.657          0.94566
31.176          1.3755
31.696          1.4422
32.215          1.0213
32.735          0.75020
33.255          0.68436
33.774          0.74675
34.294          1.0118
34.813          1.4357
35.333          1.3849
35.853          0.95427
36.372          0.72757
36.892          0.68650
37.411          0.77740
37.931          1.0903
38.451          1.4762
38.970          1.3041
39.490          0.89049
40.009          0.70952
40.529          0.69410
41.049          0.82293
41.568          1.1884
42.088          1.4930
42.607          1.2024
43.127          0.83021
43.647          0.69557
44.166          0.70739
44.686          0.88206
45.205          1.2914
45.725          1.4801
46.245          1.1024
46.764          0.78253
47.284          0.68719
47.803          0.72494
48.323          0.94568
48.843          1.3755
49.362          1.4422
49.882          1.0213
50.401          0.75020
50.921          0.68435
51.441          0.74674
51.960          1.0118
52.480          1.4357
52.999          1.3849
