0.0000          1.3408
0.51960         1.5225
1.0392          1.1219
1.5588          0.79231
2.0784          0.68926
2.5980          0.69678
3.1176          0.82795
3.6372          1.1996
4.1568          1.5405
4.6764          1.2637
5.1960          0.86139
5.7156          0.70444
6.2352          0.68485
6.7548          0.76898
7.2744          1.0653
7.7940          1.4955
8.3136          1.3956
8.8332          0.95035
9.3528          0.72859
9.8724          0.68048
10.392          0.73030
10.912          0.95589
11.431          1.4021
11.951          1.4913
12.470          1.0584
12.990          0.76631
13.510          0.68439
14.029          0.70553
14.549          0.86594
15.068          1.2718
15.588          1.5396
16.108          1.1915
16.627          0.82400
17.147          0.69591
17.666          0.68993
18.186          0.79561
18.706          1.1295
19.225          1.5251
19.745          1.3333
20.264          0.90371
20.784          0.71516
21.304          0.68165
21.823          0.74750
22.343          1.0077
22.862          1.4540
23.382          1.4486
23.902          1.0015
24.421          0.74536
24.941          0.68141
25.460          0.71654
25.980          0.90878
26.500          1.3408
27.019          1.5225
27.539          1.1219
28.059          0.79231
28.578          0.68926
29.098          0.69678
29.617          0.82796
30.137          1.1996
30.657          1.5405
31.176          1.2637
31.696          0.86138
32.215          0.70443
32.735          0.68485
33.255          0.76899
33.774          1.0653
34.294          1.4955
34.813          1.3956
35.333          0.95033
35.853          0.72858
36.372          0.68048
36.892          0.73031
37.411          0.95592
37.931          1.4021
38.451          1.4913
38.970          1.0584
39.490          0.76630
40.009          0.68439
40.529          0.70553
41.049          0.86596
41.568          1.2719
42.088          1.5396
42.607          1.1915
43.127          0.82399
43.647          0.69591
44.166          0.68993
44.686          0.79562
45.205          1.1296
45.725          1.5252
46.245          1.3333
46.764          0.90370
47.284          0.71516
47.803          0.68165
48.323          0.74751
48.843          1.0077
49.362          1.4540
49.882          1.4486
50.401          1.0015
50.921          0.74536
51.441          0.68141
51.960          0.71654
52.480          0.90878
52.999          1.3408
