0.0000          1.5245
0.51960         1.3352
1.0392          0.90497
1.5588          0.71550
2.0784          0.68159
2.5980          0.74696
3.1176          1.0061
3.6372          1.4526
4.1568          1.4499
4.6764          1.0031
5.1960          0.74589
5.7156          0.68147
6.2352          0.71619
6.7548          0.90750
7.2744          1.3389
7.7940          1.5232
8.3136          1.1238
8.8332          0.79314
9.3528          0.68943
9.8724          0.69656
10.392          0.82695
10.912          1.1976
11.431          1.5403
11.951          1.2658
12.470          0.86253
12.990          0.70471
13.510          0.68473
14.029          0.76830
14.549          1.0635
15.068          1.4944
15.588          1.3973
16.108          0.95173
16.627          0.72901
17.147          0.68048
17.666          0.72987
18.186          0.95450
18.706          1.4005
19.225          1.4924
19.745          1.0601
20.264          0.76697
20.784          0.68450
21.304          0.70526
21.823          0.86480
22.343          1.2698
22.862          1.5398
23.382          1.1935
23.902          0.82498
24.421          0.69612
24.941          0.68976
25.460          0.79478
25.980          1.1276
26.500          1.5245
27.019          1.3351
27.539          0.90496
28.059          0.71550
28.578          0.68159
29.098          0.74697
29.617          1.0062
30.137          1.4526
30.657          1.4499
31.176          1.0031
31.696          0.74588
32.215          0.68147
32.735          0.71619
33.255          0.90752
33.774          1.3389
34.294          1.5231
34.813          1.1238
35.333          0.79312
35.853          0.68943
36.372          0.69656
36.892          0.82697
37.411          1.1976
37.931          1.5403
38.451          1.2657
38.970          0.86251
39.490          0.70470
40.009          0.68473
40.529          0.76831
41.049          1.0636
41.568          1.4945
42.088          1.3972
42.607          0.95172
43.127          0.72901
43.647          0.68048
44.166          0.72987
44.686          0.95451
45.205          1.4005
45.725          1.4924
46.245          1.0601
46.764          0.76697
47.284          0.68450
47.803          0.70526
48.323          0.86480
48.843          1.2698
49.362          1.5398
49.882          1.1935
50.401          0.82498
50.921          0.69612
51.441          0.68976
51.960          0.79478
52.480          1.1276
52.999          1.5245
