0.0000          0.91397
0.51960         1.3369
1.0392          1.4636
1.5588          1.0591
2.0784          0.76461
2.5980          0.68512
3.1176          0.73522
3.6372          0.97823
4.1568          1.4085
4.6764          1.4159
5.1960          0.98659
5.7156          0.73800
6.2352          0.68481
6.7548          0.76067
7.2744          1.0491
7.7940          1.4586
8.3136          1.3473
8.8332          0.92202
9.3528          0.71803
9.8724          0.68961
10.392          0.79833
10.912          1.1377
11.431          1.4882
11.951          1.2543
12.470          0.85907
12.990          0.70186
13.510          0.70017
14.029          0.85164
14.549          1.2415
15.068          1.4901
15.588          1.1500
16.108          0.80409
16.627          0.69059
17.147          0.71583
17.666          0.91415
18.186          1.3372
18.706          1.4634
19.225          1.0589
19.745          0.76451
20.264          0.68511
20.784          0.73529
21.304          0.97844
21.823          1.4087
22.343          1.4157
22.862          0.98637
23.382          0.73793
23.902          0.68482
24.421          0.76076
24.941          1.0493
25.460          1.4587
25.980          1.3471
26.500          0.92183
27.019          0.71797
27.539          0.68963
28.059          0.79844
28.578          1.1379
29.098          1.4883
29.617          1.2541
30.137          0.85893
30.657          0.70182
31.176          0.70019
31.696          0.85174
32.215          1.2417
32.735          1.4901
33.255          1.1499
33.774          0.80402
34.294          0.69058
34.813          0.71584
35.333          0.91418
35.853          1.3372
36.372          1.4635
36.892          1.0589
37.411          0.76451
37.931          0.68511
38.451          0.73526
38.970          0.97835
39.490          1.4086
40.009          1.4158
40.529          0.98649
41.049          0.73797
41.568          0.68481
42.088          0.76067
42.607          1.0491
43.127          1.4586
43.647          1.3474
44.166          0.92204
44.686          0.71804
45.205          0.68960
45.725          0.79827
46.245          1.1376
46.764          1.4882
47.284          1.2545
47.803          0.85917
48.323          0.70188
48.843          0.70014
49.362          0.85151
49.882          1.2413
50.401          1.4902
50.921          1.1502
51.441          0.80420
51.960          0.69061
52.480          0.71578
52.999          0.91397
