0.0000          0.70447
0.51960         0.87020
1.0392          1.2727
1.5588          1.4847
2.0784          1.1201
2.5980          0.79032
3.1176          0.68832
3.6372          0.72135
4.1568          0.93358
4.6764          1.3616
5.1960          1.4509
5.7156          1.0352
6.2352          0.75534
6.7548          0.68450
7.2744          0.74219
7.7940          0.99885
8.3136          1.4260
8.8332          1.3972
9.3528          0.96631
9.8724          0.73135
10.392          0.68573
10.912          0.77074
11.431          1.0743
11.951          1.4702
12.470          1.3209
12.990          0.90220
13.510          0.71259
14.029          0.69228
14.549          0.81339
15.068          1.1693
15.588          1.4921
16.108          1.2217
16.627          0.84054
17.147          0.69773
17.666          0.70461
18.186          0.87076
18.706          1.2736
19.225          1.4845
19.745          1.1192
20.264          0.78993
20.784          0.68827
21.304          0.72155
21.823          0.93426
22.343          1.3624
22.862          1.4504
23.382          1.0344
23.902          0.75505
24.421          0.68449
24.941          0.74244
25.460          0.99958
25.980          1.4265
26.500          1.3965
27.019          0.96563
27.539          0.73113
28.059          0.68575
28.578          0.77106
29.098          1.0751
29.617          1.4706
30.137          1.3201
30.657          0.90163
31.176          0.71243
31.696          0.69233
32.215          0.81374
32.735          1.1700
33.255          1.4922
33.774          1.2210
34.294          0.84016
34.813          0.69764
35.333          0.70467
35.853          0.87100
36.372          1.2740
36.892          1.4845
37.411          1.1189
37.931          0.78979
38.451          0.68824
38.970          0.72153
39.490          0.93422
40.009          1.3624
40.529          1.4506
41.049          1.0345
41.568          0.75510
42.088          0.68447
42.607          0.74228
43.127          0.99913
43.647          1.4263
44.166          1.3971
44.686          0.96615
45.205          0.73130
45.725          0.68570
46.245          0.77067
46.764          1.0742
47.284          1.4702
47.803          1.3212
48.323          0.90240
48.843          0.71264
49.362          0.69221
49.882          0.81307
50.401          1.1687
50.921          1.4921
51.441          1.2224
51.960          0.84093
52.480          0.69781
52.999          0.70447
