0.0000          1.2984
0.51960         1.4780
1.0392          1.0957
1.5588          0.77966
2.0784          0.68680
2.5980          0.72638
3.1176          0.95041
3.6372          1.3807
4.1568          1.4387
4.6764          1.0160
5.1960          0.74828
5.7156          0.68434
6.2352          0.74863
6.7548          1.0170
7.2744          1.4393
7.7940          1.3798
8.3136          0.94953
8.8332          0.72611
9.3528          0.68687
9.8724          0.78020
10.392          1.0969
10.912          1.4784
11.431          1.2971
11.951          0.88583
12.470          0.70833
12.990          0.69490
13.510          0.82693
14.029          1.1961
14.549          1.4931
15.068          1.1946
15.588          0.82615
16.108          0.69474
16.627          0.70857
17.147          0.88674
17.666          1.2985
18.186          1.4780
18.706          1.0956
19.225          0.77964
19.745          0.68680
20.264          0.72641
20.784          0.95048
21.304          1.3808
21.823          1.4386
22.343          1.0159
22.862          0.74825
23.382          0.68435
23.902          0.74868
24.421          1.0171
24.941          1.4394
25.460          1.3797
25.980          0.94941
26.500          0.72608
27.019          0.68688
27.539          0.78028
28.059          1.0971
28.578          1.4784
29.098          1.2969
29.617          0.88569
30.137          0.70830
30.657          0.69492
31.176          0.82704
31.696          1.1964
32.215          1.4931
32.735          1.1944
33.255          0.82604
33.774          0.69472
34.294          0.70859
34.813          0.88684
35.333          1.2986
35.853          1.4779
36.372          1.0955
36.892          0.77958
37.411          0.68679
37.931          0.72642
38.451          0.95053
38.970          1.3809
39.490          1.4386
40.009          1.0159
40.529          0.74823
41.049          0.68434
41.568          0.74866
42.088          1.0171
42.607          1.4394
43.127          1.3797
43.647          0.94945
44.166          0.72609
44.686          0.68687
45.205          0.78022
45.725          1.0970
46.245          1.4784
46.764          1.2971
47.284          0.88579
47.803          0.70833
48.323          0.69490
48.843          0.82694
49.362          1.1962
49.882          1.4931
50.401          1.1946
50.921          0.82615
51.441          0.69474
51.960          0.70856
52.480          0.88671
52.999          1.2984
