0.0000          1.3739
0.51960         1.5078
1.0392          1.0879
1.5588          0.77803
2.0784          0.68649
2.5980          0.70110
3.1176          0.84717
3.6372          1.2375
4.1568          1.5421
4.6764          1.2259
5.1960          0.84115
5.7156          0.69972
6.2352          0.68728
6.7548          0.78222
7.2744          1.0981
7.7940          1.5126
8.3136          1.3641
8.8332          0.92541
9.3528          0.72119
9.8724          0.68083
10.392          0.73883
10.912          0.98235
11.431          1.4305
11.951          1.4703
12.470          1.0279
12.990          0.75477
13.510          0.68258
14.029          0.71098
14.549          0.88781
15.068          1.3087
15.588          1.5325
16.108          1.1545
16.627          0.80669
17.147          0.69221
17.666          0.69329
18.186          0.81180
18.706          1.1656
19.225          1.5351
19.745          1.2976
20.264          0.88101
20.784          0.70925
21.304          0.68308
21.823          0.75815
22.343          1.0370
22.862          1.4770
23.382          1.4221
23.902          0.97415
24.421          0.73612
24.941          0.68066
25.460          0.72335
25.980          0.93288
26.500          1.3739
27.019          1.5078
27.539          1.0879
28.059          0.77804
28.578          0.68649
29.098          0.70110
29.617          0.84715
30.137          1.2374
30.657          1.5421
31.176          1.2259
31.696          0.84117
32.215          0.69973
32.735          0.68728
33.255          0.78221
33.774          1.0980
34.294          1.5126
34.813          1.3641
35.333          0.92545
35.853          0.72120
36.372          0.68083
36.892          0.73881
37.411          0.98231
37.931          1.4304
38.451          1.4703
38.970          1.0279
39.490          0.75479
40.009          0.68259
40.529          0.71097
41.049          0.88777
41.568          1.3086
42.088          1.5325
42.607          1.1545
43.127          0.80672
43.647          0.69222
44.166          0.69328
44.686          0.81178
45.205          1.1656
45.725          1.5351
46.245          1.2976
46.764          0.88104
47.284          0.70926
47.803          0.68308
48.323          0.75814
48.843          1.0370
49.362          1.4770
49.882          1.4221
50.401          0.97416
50.921          0.73613
51.441          0.68066
51.960          0.72335
52.480          0.93288
52.999          1.3739
