0.0000          0.71864
0.51960         0.68111
1.0392          0.74228
1.5588          0.99259
2.0784          1.4404
2.5980          1.4617
3.1176          1.0169
3.6372          0.75079
4.1568          0.68205
4.6764          0.71319
5.1960          0.89630
5.7156          1.3220
6.2352          1.5288
6.7548          1.1410
7.2744          0.80063
7.7940          0.69095
8.3136          0.69467
8.8332          0.81827
9.3528          1.1795
9.8724          1.5378
10.392          1.2838
10.912          0.87282
11.431          0.70721
11.951          0.68375
12.470          0.76246
12.990          1.0484
13.510          1.4849
14.029          1.4115
14.549          0.96423
15.068          0.73293
15.588          0.68053
16.108          0.72612
16.627          0.94223
17.147          1.3858
17.666          1.5013
18.186          1.0756
18.706          0.77306
19.225          0.68557
19.745          0.70286
20.264          0.85476
20.784          1.2517
21.304          1.5415
21.823          1.2117
22.343          0.83394
22.862          0.69810
23.382          0.68832
23.902          0.78758
24.421          1.1108
24.941          1.5182
25.460          1.3516
25.980          0.91637
26.500          0.71863
27.019          0.68111
27.539          0.74229
28.059          0.99262
28.578          1.4404
29.098          1.4616
29.617          1.0169
30.137          0.75077
30.657          0.68205
31.176          0.71319
31.696          0.89632
32.215          1.3221
32.735          1.5288
33.255          1.1409
33.774          0.80062
34.294          0.69095
34.813          0.69467
35.333          0.81829
35.853          1.1795
36.372          1.5378
36.892          1.2838
37.411          0.87281
37.931          0.70721
38.451          0.68375
38.970          0.76247
39.490          1.0484
40.009          1.4849
40.529          1.4115
41.049          0.96423
41.568          0.73293
42.088          0.68053
42.607          0.72612
43.127          0.94223
43.647          1.3858
44.166          1.5013
44.686          1.0756
45.205          0.77307
45.725          0.68557
46.245          0.70286
46.764          0.85474
47.284          1.2516
47.803          1.5415
48.323          1.2117
48.843          0.83395
49.362          0.69811
49.882          0.68832
50.401          0.78756
50.921          1.1108
51.441          1.5181
51.960          1.3517
52.480          0.91639
52.999          0.71864
