0.0000          1.3225
0.51960         0.89660
1.0392          0.71327
1.5588          0.68203
2.0784          0.75065
2.5980          1.0165
3.1176          1.4614
3.6372          1.4407
4.1568          0.99297
4.6764          0.74240
5.1960          0.68112
5.7156          0.71855
6.2352          0.91607
6.7548          1.3512
7.2744          1.5183
7.7940          1.1113
8.3136          0.78775
8.8332          0.68836
9.3528          0.69805
9.8724          0.83372
10.392          1.2113
10.912          1.5415
11.431          1.2521
11.951          0.85499
12.470          0.70292
12.990          0.68555
13.510          0.77292
14.029          1.0752
14.549          1.5011
15.068          1.3861
15.588          0.94250
16.108          0.72620
16.627          0.68053
17.147          0.73284
17.666          0.96397
18.186          1.4112
18.706          1.4851
19.225          1.0487
19.745          0.76258
20.264          0.68377
20.784          0.70716
21.304          0.87262
21.823          1.2835
22.343          1.5378
22.862          1.1798
23.382          0.81843
23.902          0.69470
24.421          0.69092
24.941          0.80049
25.460          1.1407
25.980          1.5287
26.500          1.3223
27.019          0.89649
27.539          0.71324
28.059          0.68204
28.578          0.75070
29.098          1.0167
29.617          1.4615
30.137          1.4406
30.657          0.99282
31.176          0.74235
31.696          0.68112
32.215          0.71858
32.735          0.91619
33.255          1.3514
33.774          1.5183
34.294          1.1111
34.813          0.78769
35.333          0.68835
35.853          0.69807
36.372          0.83378
36.892          1.2114
37.411          1.5415
37.931          1.2520
38.451          0.85493
38.970          0.70291
39.490          0.68555
40.009          0.77294
40.529          1.0753
41.049          1.5012
41.568          1.3861
42.088          0.94248
42.607          0.72620
43.127          0.68053
43.647          0.73284
44.166          0.96394
44.686          1.4112
45.205          1.4852
45.725          1.0488
46.245          0.76260
46.764          0.68378
47.284          0.70714
47.803          0.87255
48.323          1.2833
48.843          1.5379
49.362          1.1800
49.882          0.81850
50.401          0.69472
50.921          0.69091
51.441          0.80042
51.960          1.1405
52.480          1.5287
52.999          1.3225
