0.0000          0.68484
0.51960         0.76892
1.0392          1.0651
1.5588          1.4954
2.0784          1.3958
2.5980          0.95047
3.1176          0.72862
3.6372          0.68048
4.1568          0.73026
4.6764          0.95577
5.1960          1.4020
5.7156          1.4914
6.2352          1.0586
6.7548          0.76637
7.2744          0.68440
7.7940          0.70550
8.3136          0.86582
8.8332          1.2716
9.3528          1.5396
9.8724          1.1917
10.392          0.82411
10.912          0.69594
11.431          0.68991
11.951          0.79550
12.470          1.1293
12.990          1.5251
13.510          1.3335
14.029          0.90388
14.549          0.71521
15.068          0.68164
15.588          0.74742
16.108          1.0074
16.627          1.4538
17.147          1.4488
17.666          1.0018
18.186          0.74544
18.706          0.68142
19.225          0.71648
19.745          0.90856
20.264          1.3405
20.784          1.5226
21.304          1.1223
21.823          0.79245
22.343          0.68929
22.862          0.69674
23.382          0.82778
23.902          1.1993
24.421          1.5405
24.941          1.2641
25.460          0.86158
25.980          0.70448
26.500          0.68483
27.019          0.76886
27.539          1.0650
28.059          1.4953
28.578          1.3959
29.098          0.95059
29.617          0.72866
30.137          0.68048
30.657          0.73023
31.176          0.95567
31.696          1.4018
32.215          1.4915
32.735          1.0587
33.255          0.76641
33.774          0.68441
34.294          0.70549
34.813          0.86577
35.333          1.2715
35.853          1.5396
36.372          1.1918
36.892          0.82414
37.411          0.69594
37.931          0.68990
38.451          0.79550
38.970          1.1293
39.490          1.5251
40.009          1.3335
40.529          0.90387
41.049          0.71520
41.568          0.68164
42.088          0.74744
42.607          1.0075
43.127          1.4538
43.647          1.4487
44.166          1.0017
44.686          0.74541
45.205          0.68142
45.725          0.71650
46.245          0.90866
46.764          1.3406
47.284          1.5225
47.803          1.1221
48.323          0.79239
48.843          0.68928
49.362          0.69676
49.882          0.82787
50.401          1.1994
50.921          1.5405
51.441          1.2639
51.960          0.86148
52.480          0.70446
52.999          0.68484
