0.0000          0.74639
0.51960         0.68436
1.0392          0.75058
1.5588          1.0224
2.0784          1.4429
2.5980          1.3745
3.1176          0.94474
3.6372          0.72466
4.1568          0.68727
4.6764          0.78312
5.1960          1.1037
5.7156          1.4804
6.2352          1.2900
6.7548          0.88113
7.2744          0.70715
7.7940          0.69573
8.3136          0.83104
8.8332          1.2040
9.3528          1.4930
9.8724          1.1868
10.392          0.82214
10.912          0.69395
11.431          0.70977
11.951          0.89143
12.470          1.3055
12.990          1.4758
13.510          1.0890
14.029          0.77684
14.549          0.68643
15.068          0.72786
15.588          0.95521
16.108          1.3859
16.627          1.4350
17.147          1.0108
17.666          0.74638
18.186          0.68436
18.706          0.75058
19.225          1.0224
19.745          1.4429
20.264          1.3745
20.784          0.94474
21.304          0.72466
21.823          0.68727
22.343          0.78312
22.862          1.1037
23.382          1.4804
23.902          1.2900
24.421          0.88113
24.941          0.70715
25.460          0.69573
25.980          0.83104
26.500          1.2040
27.019          1.4930
27.539          1.1868
28.059          0.82214
28.578          0.69395
29.098          0.70976
29.617          0.89142
30.137          1.3055
30.657          1.4758
31.176          1.0890
31.696          0.77685
32.215          0.68643
32.735          0.72786
33.255          0.95521
33.774          1.3859
34.294          1.4350
34.813          1.0108
35.333          0.74639
35.853          0.68436
36.372          0.75058
36.892          1.0224
37.411          1.4429
37.931          1.3745
38.451          0.94475
38.970          0.72466
39.490          0.68727
40.009          0.78312
40.529          1.1037
41.049          1.4804
41.568          1.2900
42.088          0.88113
42.607          0.70716
43.127          0.69573
43.647          0.83103
44.166          1.2040
44.686          1.4930
45.205          1.1868
45.725          0.82215
46.245          0.69395
46.764          0.70976
47.284          0.89142
47.803          1.3054
48.323          1.4758
48.843          1.0890
49.362          0.77685
49.882          0.68644
50.401          0.72786
50.921          0.95520
51.441          1.3859
51.960          1.4350
52.480          1.0108
52.999          0.74639
