0.0000          0.72539
0.51960         0.94718
1.0392          1.3772
1.5588          1.4412
2.0784          1.0197
2.5980          0.74961
3.1176          0.68433
3.6372          0.74722
4.1568          1.0131
4.6764          1.4367
5.1960          1.3837
5.7156          0.95314
6.2352          0.72722
6.7548          0.68656
7.2744          0.77794
7.7940          1.0916
8.3136          1.4767
8.8332          1.3028
9.3528          0.88961
9.8724          0.70930
10.392          0.69423
10.912          0.82359
11.431          1.1897
11.951          1.4931
12.470          1.2012
12.990          0.82955
13.510          0.69543
14.029          0.70757
14.549          0.88279
15.068          1.2925
15.588          1.4797
16.108          1.1013
16.627          0.78208
17.147          0.68712
17.666          0.72519
18.186          0.94647
18.706          1.3764
19.225          1.4416
19.745          1.0204
20.264          0.74986
20.784          0.68436
21.304          0.74712
21.823          1.0128
22.343          1.4364
22.862          1.3838
23.382          0.95329
23.902          0.72727
24.421          0.68659
24.941          0.77804
25.460          1.0919
25.980          1.4767
26.500          1.3024
27.019          0.88937
27.539          0.70924
28.059          0.69432
28.578          0.82398
29.098          1.1904
29.617          1.4930
30.137          1.2003
30.657          0.82911
31.176          0.69534
31.696          0.70773
32.215          0.88343
32.735          1.2935
33.255          1.4794
33.774          1.1003
34.294          0.78165
34.813          0.68707
35.333          0.72543
35.853          0.94726
36.372          1.3773
36.892          1.4410
37.411          1.0195
37.931          0.74953
38.451          0.68436
38.970          0.74744
39.490          1.0137
40.009          1.4370
40.529          1.3830
41.049          0.95248
41.568          0.72702
42.088          0.68664
42.607          0.77847
43.127          1.0929
43.647          1.4771
44.166          1.3014
44.686          0.88869
45.205          0.70906
45.725          0.69440
46.245          0.82444
46.764          1.1913
47.284          1.4931
47.803          1.1995
48.323          0.82867
48.843          0.69525
49.362          0.70780
49.882          0.88373
50.401          1.2940
50.921          1.4794
51.441          1.1000
51.960          0.78151
52.480          0.68704
52.999          0.72539
