0.0000          0.68742
0.51960         0.78293
1.0392          1.0998
1.5588          1.5134
2.0784          1.3624
2.5980          0.92419
3.1176          0.72084
3.6372          0.68086
4.1568          0.73928
4.6764          0.98372
5.1960          1.4318
5.7156          1.4692
6.2352          1.0264
6.7548          0.75422
7.2744          0.68251
7.7940          0.71127
8.3136          0.88895
8.8332          1.3105
9.3528          1.5321
9.8724          1.1526
10.392          0.80586
10.912          0.69204
11.431          0.69347
11.951          0.81267
12.470          1.1675
12.990          1.5355
13.510          1.2957
14.029          0.87988
14.549          0.70897
15.068          0.68317
15.588          0.75872
16.108          1.0385
16.627          1.4781
17.147          1.4207
17.666          0.97278
18.186          0.73568
18.706          0.68064
19.225          0.72372
19.745          0.93415
20.264          1.3756
20.784          1.5069
21.304          1.0862
21.823          0.77734
22.343          0.68636
22.862          0.70134
23.382          0.84819
23.902          1.2394
24.421          1.5421
24.941          1.2240
25.460          0.84016
25.980          0.69950
26.500          0.68742
27.019          0.78293
27.539          1.0998
28.059          1.5134
28.578          1.3624
29.098          0.92419
29.617          0.72084
30.137          0.68086
30.657          0.73928
31.176          0.98371
31.696          1.4318
32.215          1.4692
32.735          1.0264
33.255          0.75422
33.774          0.68251
34.294          0.71127
34.813          0.88893
35.333          1.3105
35.853          1.5321
36.372          1.1527
36.892          0.80587
37.411          0.69204
37.931          0.69347
38.451          0.81265
38.970          1.1675
39.490          1.5355
40.009          1.2957
40.529          0.87990
41.049          0.70897
41.568          0.68316
42.088          0.75871
42.607          1.0385
43.127          1.4781
43.647          1.4207
44.166          0.97281
44.686          0.73569
45.205          0.68064
45.725          0.72372
46.245          0.93413
46.764          1.3756
47.284          1.5069
47.803          1.0862
48.323          0.77735
48.843          0.68636
49.362          0.70133
49.882          0.84817
50.401          1.2394
50.921          1.5421
51.441          1.2240
51.960          0.84017
52.480          0.69950
52.999          0.68742
