0.0000          0.83389
0.51960         1.2116
1.0392          1.5415
1.5588          1.2518
2.0784          0.85481
2.5980          0.70288
3.1176          0.68557
3.6372          0.77303
4.1568          1.0755
4.6764          1.5013
5.1960          1.3859
5.7156          0.94229
6.2352          0.72614
6.7548          0.68053
7.2744          0.73290
7.7940          0.96416
8.3136          1.4114
8.8332          1.4850
9.3528          1.0485
9.8724          0.76249
10.392          0.68376
10.912          0.70719
11.431          0.87276
11.951          1.2837
12.470          1.5378
12.990          1.1796
13.510          0.81833
14.029          0.69468
14.549          0.69094
15.068          0.80058
15.588          1.1408
16.108          1.5288
16.627          1.3221
17.147          0.89638
17.666          0.71321
18.186          0.68204
18.706          0.75075
19.225          1.0168
19.745          1.4616
20.264          1.4405
20.784          0.99270
21.304          0.74231
21.823          0.68111
22.343          0.71861
22.862          0.91629
23.382          1.3515
23.902          1.5182
24.421          1.1110
24.941          0.78763
25.460          0.68833
25.980          0.69809
26.500          0.83387
27.019          1.2116
27.539          1.5415
28.059          1.2518
28.578          0.85483
29.098          0.70288
29.617          0.68556
30.137          0.77301
30.657          1.0754
31.176          1.5013
31.696          1.3859
32.215          0.94234
32.735          0.72615
33.255          0.68053
33.774          0.73289
34.294          0.96412
34.813          1.4114
35.333          1.4850
35.853          1.0486
36.372          0.76251
36.892          0.68376
37.411          0.70718
37.931          0.87272
38.451          1.2836
38.970          1.5378
39.490          1.1797
40.009          0.81835
40.529          0.69469
41.049          0.69094
41.568          0.80056
42.088          1.1408
42.607          1.5288
43.127          1.3222
43.647          0.89640
44.166          0.71321
44.686          0.68204
45.205          0.75074
45.725          1.0168
46.245          1.4616
46.764          1.4405
47.284          0.99270
47.803          0.74231
48.323          0.68111
48.843          0.71861
49.362          0.91630
49.882          1.3515
50.401          1.5182
50.921          1.1109
51.441          0.78761
51.960          0.68833
52.480          0.69809
52.999          0.83389
