0.0000          0.69650
0.51960         0.70612
1.0392          0.87697
1.5588          1.2835
2.0784          1.4822
2.5980          1.1098
3.1176          0.78579
3.6372          0.68765
4.1568          0.72340
4.6764          0.94051
5.1960          1.3697
5.7156          1.4460
6.2352          1.0272
6.7548          0.75235
7.2744          0.68440
7.7940          0.74476
8.3136          1.0062
8.8332          1.4316
9.3528          1.3903
9.8724          0.95944
10.392          0.72918
10.912          0.68614
11.431          0.77444
11.951          1.0833
12.470          1.4737
12.990          1.3115
13.510          0.89558
14.029          0.71084
14.549          0.69328
15.068          0.81868
15.588          1.1800
16.108          1.4928
16.627          1.2109
17.147          0.83470
17.666          0.69649
18.186          0.70614
18.706          0.87703
19.225          1.2836
19.745          1.4821
20.264          1.1097
20.784          0.78575
21.304          0.68764
21.823          0.72341
22.343          0.94057
22.862          1.3698
23.382          1.4460
23.902          1.0271
24.421          0.75233
24.941          0.68439
25.460          0.74477
25.980          1.0062
26.500          1.4316
27.019          1.3903
27.539          0.95941
28.059          0.72917
28.578          0.68614
29.098          0.77445
29.617          1.0833
30.137          1.4737
30.657          1.3115
31.176          0.89557
31.696          0.71084
32.215          0.69327
32.735          0.81868
33.255          1.1800
33.774          1.4928
34.294          1.2109
34.813          0.83471
35.333          0.69649
35.853          0.70613
36.372          0.87701
36.892          1.2836
37.411          1.4821
37.931          1.1098
38.451          0.78576
38.970          0.68764
39.490          0.72340
40.009          0.94053
40.529          1.3697
41.049          1.4460
41.568          1.0272
42.088          0.75235
42.607          0.68439
43.127          0.74475
43.647          1.0062
44.166          1.4316
44.686          1.3903
45.205          0.95946
45.725          0.72919
46.245          0.68614
46.764          0.77441
47.284          1.0832
47.803          1.4737
48.323          1.3116
48.843          0.89563
49.362          0.71085
49.882          0.69327
50.401          0.81863
50.921          1.1799
51.441          1.4928
51.960          1.2110
52.480          0.83475
52.999          0.69650
