0.0000          0.68156
0.51960         0.74677
1.0392          1.0056
1.5588          1.4521
2.0784          1.4504
2.5980          1.0036
3.1176          0.74609
3.6372          0.68149
4.1568          0.71606
4.6764          0.90704
5.1960          1.3382
5.7156          1.5234
6.2352          1.1245
6.7548          0.79343
7.2744          0.68949
7.7940          0.69648
8.3136          0.82660
8.8332          1.1968
9.3528          1.5402
9.8724          1.2665
10.392          0.86295
10.912          0.70481
11.431          0.68469
11.951          0.76806
12.470          1.0629
12.990          1.4941
13.510          1.3978
14.029          0.95225
14.549          0.72918
15.068          0.68048
15.588          0.72971
16.108          0.95400
16.627          1.3999
17.147          1.4927
17.666          1.0608
18.186          0.76722
18.706          0.68455
19.225          0.70515
19.745          0.86438
20.264          1.2691
20.784          1.5399
21.304          1.1943
21.823          0.82535
22.343          0.69621
22.862          0.68970
23.382          0.79447
23.902          1.1269
24.421          1.5242
24.941          1.3358
25.460          0.90544
25.980          0.71563
26.500          0.68156
27.019          0.74676
27.539          1.0056
28.059          1.4521
28.578          1.4504
29.098          1.0036
29.617          0.74608
30.137          0.68149
30.657          0.71606
31.176          0.90704
31.696          1.3382
32.215          1.5234
32.735          1.1245
33.255          0.79343
33.774          0.68949
34.294          0.69648
34.813          0.82660
35.333          1.1968
35.853          1.5402
36.372          1.2665
36.892          0.86294
37.411          0.70481
37.931          0.68469
38.451          0.76807
38.970          1.0629
39.490          1.4941
40.009          1.3978
40.529          0.95224
41.049          0.72917
41.568          0.68048
42.088          0.72972
42.607          0.95401
43.127          1.3999
43.647          1.4927
44.166          1.0607
44.686          0.76721
45.205          0.68454
45.725          0.70516
46.245          0.86439
46.764          1.2691
47.284          1.5399
47.803          1.1943
48.323          0.82534
48.843          0.69620
49.362          0.68970
49.882          0.79448
50.401          1.1269
50.921          1.5243
51.441          1.3358
51.960          0.90543
52.480          0.71563
52.999          0.68156
