0.0000          0.74355
0.51960         1.0027
1.0392          1.4290
1.5588          1.3936
2.0784          0.96267
2.5980          0.73020
3.1176          0.68593
3.6372          0.77265
4.1568          1.0790
4.6764          1.4721
5.1960          1.3161
5.7156          0.89876
6.2352          0.71168
6.7548          0.69278
7.2744          0.81608
7.7940          1.1747
8.3136          1.4925
8.8332          1.2162
9.3528          0.83754
9.8724          0.69709
10.392          0.70537
10.912          0.87391
11.431          1.2787
11.951          1.4833
12.470          1.1144
12.990          0.78781
13.510          0.68794
14.029          0.72246
14.549          0.93737
15.068          1.3661
15.588          1.4483
16.108          1.0308
16.627          0.75370
17.147          0.68444
17.666          0.74356
18.186          1.0028
18.706          1.4290
19.225          1.3935
19.745          0.96264
20.264          0.73019
20.784          0.68593
21.304          0.77266
21.823          1.0790
22.343          1.4721
22.862          1.3161
23.382          0.89875
23.902          0.71168
24.421          0.69278
24.941          0.81607
25.460          1.1747
25.980          1.4925
26.500          1.2162
27.019          0.83756
27.539          0.69709
28.059          0.70537
28.578          0.87388
29.098          1.2786
29.617          1.4834
30.137          1.1145
30.657          0.78783
31.176          0.68795
31.696          0.72245
32.215          0.93732
32.735          1.3660
33.255          1.4483
33.774          1.0309
34.294          0.75372
34.813          0.68444
35.333          0.74354
35.853          1.0027
36.372          1.4290
36.892          1.3936
37.411          0.96269
37.931          0.73020
38.451          0.68593
38.970          0.77263
39.490          1.0789
40.009          1.4721
40.529          1.3161
41.049          0.89880
41.568          0.71169
42.088          0.69277
42.607          0.81604
43.127          1.1747
43.647          1.4925
44.166          1.2163
44.686          0.83759
45.205          0.69710
45.725          0.70536
46.245          0.87386
46.764          1.2786
47.284          1.4834
47.803          1.1145
48.323          0.78785
48.843          0.68795
49.362          0.72245
49.882          0.93732
50.401          1.3660
50.921          1.4483
51.441          1.0309
51.960          0.75372
52.480          0.68444
52.999          0.74355
