0.0000          1.3854
0.51960         1.4353
1.0392          1.0112
1.5588          0.74655
2.0784          0.68436
2.5980          0.75042
3.1176          1.0219
3.6372          1.4426
4.1568          1.3749
4.6764          0.94515
5.1960          0.72479
5.7156          0.68723
6.2352          0.78287
6.7548          1.1031
7.2744          1.4803
7.7940          1.2906
8.3136          0.88153
8.8332          0.70725
9.3528          0.69566
9.8724          0.83068
10.392          1.2033
10.912          1.4930
11.431          1.1875
11.951          0.82249
12.470          0.69402
12.990          0.70966
13.510          0.89100
14.029          1.3048
14.549          1.4760
15.068          1.0896
15.588          0.77710
16.108          0.68647
16.627          0.72771
17.147          0.95474
17.666          1.3854
18.186          1.4353
18.706          1.0113
19.225          0.74657
19.745          0.68435
20.264          0.75037
20.784          1.0218
21.304          1.4426
21.823          1.3751
22.343          0.94527
22.862          0.72482
23.382          0.68722
23.902          0.78278
24.421          1.1029
24.941          1.4802
25.460          1.2908
25.980          0.88167
26.500          0.70729
27.019          0.69563
27.539          0.83055
28.059          1.2031
28.578          1.4930
29.098          1.1877
29.617          0.82262
30.137          0.69404
30.657          0.70962
31.176          0.89086
31.696          1.3046
32.215          1.4760
32.735          1.0898
33.255          0.77718
33.774          0.68648
34.294          0.72769
34.813          0.95465
35.333          1.3853
35.853          1.4354
36.372          1.0114
36.892          0.74660
37.411          0.68436
37.931          0.75037
38.451          1.0218
38.970          1.4425
39.490          1.3751
40.009          0.94526
40.529          0.72482
41.049          0.68723
41.568          0.78281
42.088          1.1030
42.607          1.4802
43.127          1.2907
43.647          0.88161
44.166          0.70727
44.686          0.69565
45.205          0.83063
45.725          1.2032
46.245          1.4930
46.764          1.1876
47.284          0.82253
47.803          0.69403
48.323          0.70965
48.843          0.89098
49.362          1.3048
49.882          1.4760
50.401          1.0896
50.921          0.77710
51.441          0.68647
51.960          0.72773
52.480          0.95478
52.999          1.3854
