0.0000          1.2331
0.51960         1.4911
1.0392          1.1582
1.5588          0.80800
2.0784          0.69129
2.5980          0.71441
3.1176          0.90896
3.6372          1.3302
4.1568          1.4665
4.6764          1.0655
5.1960          0.76717
5.7156          0.68535
6.2352          0.73352
6.7548          0.97304
7.2744          1.4037
7.7940          1.4204
8.3136          0.99189
8.8332          0.73980
9.3528          0.68465
9.8724          0.75827
10.392          1.0429
10.912          1.4553
11.431          1.3538
11.951          0.92714
12.470          0.71949
12.990          0.68901
13.510          0.79470
14.029          1.1298
14.549          1.4868
15.068          1.2626
15.588          0.86401
16.108          0.70301
16.627          0.69910
17.147          0.84683
17.666          1.2330
18.186          1.4911
18.706          1.1583
19.225          0.80802
19.745          0.69129
20.264          0.71441
20.784          0.90895
21.304          1.3302
21.823          1.4665
22.343          1.0655
22.862          0.76717
23.382          0.68536
23.902          0.73353
24.421          0.97307
24.941          1.4037
25.460          1.4203
25.980          0.99186
26.500          0.73979
27.019          0.68466
27.539          0.75830
28.059          1.0429
28.578          1.4553
29.098          1.3537
29.617          0.92708
30.137          0.71947
30.657          0.68902
31.176          0.79475
31.696          1.1299
32.215          1.4868
32.735          1.2624
33.255          0.86393
33.774          0.70299
34.294          0.69911
34.813          0.84690
35.333          1.2332
35.853          1.4911
36.372          1.1581
36.892          0.80796
37.411          0.69128
37.931          0.71443
38.451          0.90902
38.970          1.3303
39.490          1.4665
40.009          1.0654
40.529          0.76714
41.049          0.68535
41.568          0.73354
42.088          0.97311
42.607          1.4037
43.127          1.4203
43.647          0.99183
44.166          0.73978
44.686          0.68465
45.205          0.75830
45.725          1.0429
46.245          1.4553
46.764          1.3537
47.284          0.92708
47.803          0.71947
48.323          0.68902
48.843          0.79473
49.362          1.1298
49.882          1.4868
50.401          1.2625
50.921          0.86397
51.441          0.70300
51.960          0.69910
52.480          0.84686
52.999          1.2331
