0.0000          0.99450
0.51960         0.74069
1.0392          0.68459
1.5588          0.75714
2.0784          1.0399
2.5980          1.4536
3.1176          1.3568
3.6372          0.92962
4.1568          0.72020
4.6764          0.68874
5.1960          0.79298
5.7156          1.1260
6.2352          1.4860
6.7548          1.2665
7.2744          0.86640
7.7940          0.70357
8.3136          0.69860
8.8332          0.84455
9.3528          1.2290
9.8724          1.4915
10.392          1.1622
10.912          0.80994
11.431          0.69164
11.951          0.71374
12.470          0.90648
12.990          1.3268
13.510          1.4679
14.029          1.0687
14.549          0.76846
15.068          0.68548
15.588          0.73272
16.108          0.97057
16.627          1.4013
17.147          1.4224
17.666          0.99443
18.186          0.74067
18.706          0.68460
19.225          0.75719
19.745          1.0400
20.264          1.4537
20.784          1.3566
21.304          0.92949
21.823          0.72017
22.343          0.68876
22.862          0.79309
23.382          1.1262
23.902          1.4861
24.421          1.2663
24.941          0.86624
25.460          0.70353
25.980          0.69863
26.500          0.84471
27.019          1.2292
27.539          1.4915
28.059          1.1620
28.578          0.80981
29.098          0.69161
29.617          0.71378
30.137          0.90663
30.657          1.3271
31.176          1.4678
31.696          1.0685
32.215          0.76839
32.735          0.68547
33.255          0.73275
33.774          0.97066
34.294          1.4014
34.813          1.4224
35.333          0.99435
35.853          0.74064
36.372          0.68459
36.892          0.75720
37.411          1.0401
37.931          1.4537
38.451          1.3567
38.970          0.92949
39.490          0.72016
40.009          0.68875
40.529          0.79306
41.049          1.1262
41.568          1.4861
42.088          1.2664
42.607          0.86630
43.127          0.70355
43.647          0.69861
44.166          0.84462
44.686          1.2291
45.205          1.4915
45.725          1.1621
46.245          0.80988
46.764          0.69163
47.284          0.71375
47.803          0.90652
48.323          1.3269
48.843          1.4679
49.362          1.0687
49.882          0.76845
50.401          0.68548
50.921          0.73271
51.441          0.97053
51.960          1.4013
52.480          1.4225
52.999          0.99450
