0.0000          1.2819
0.51960         1.4825
1.0392          1.1113
1.5588          0.78643
2.0784          0.68774
2.5980          0.72311
3.1176          0.93955
3.6372          1.3686
4.1568          1.4467
4.6764          1.0283
5.1960          0.75276
5.7156          0.68441
6.2352          0.74441
6.7548          1.0052
7.2744          1.4309
7.7940          1.3912
8.3136          0.96035
8.8332          0.72946
9.3528          0.68609
9.8724          0.77395
10.392          1.0821
10.912          1.4733
11.431          1.3127
11.951          0.89643
12.470          0.71106
12.990          0.69314
13.510          0.81799
14.029          1.1786
14.549          1.4927
15.068          1.2123
15.588          0.83543
16.108          0.69664
16.627          0.70594
17.147          0.87622
17.666          1.2823
18.186          1.4825
18.706          1.1109
19.225          0.78627
19.745          0.68772
20.264          0.72316
20.784          0.93973
21.304          1.3688
21.823          1.4466
22.343          1.0281
22.862          0.75269
23.382          0.68440
23.902          0.74443
24.421          1.0053
24.941          1.4309
25.460          1.3912
25.980          0.96031
26.500          0.72945
27.019          0.68608
27.539          0.77392
28.059          1.0820
28.578          1.4733
29.098          1.3129
29.617          0.89651
30.137          0.71109
30.657          0.69312
31.176          0.81788
31.696          1.1784
32.215          1.4927
32.735          1.2125
33.255          0.83558
33.774          0.69667
34.294          0.70589
34.813          0.87603
35.333          1.2820
35.853          1.4825
36.372          1.1113
36.892          0.78641
37.411          0.68774
37.931          0.72309
38.451          0.93950
38.970          1.3685
39.490          1.4468
40.009          1.0284
40.529          0.75279
41.049          0.68440
41.568          0.74435
42.088          1.0050
42.607          1.4308
43.127          1.3914
43.647          0.96052
44.166          0.72952
44.686          0.68607
45.205          0.77382
45.725          1.0818
46.245          1.4732
46.764          1.3131
47.284          0.89667
47.803          0.71113
48.323          0.69310
48.843          0.81778
49.362          1.1782
49.882          1.4927
50.401          1.2127
50.921          0.83566
51.441          0.69669
51.960          0.70588
52.480          0.87599
52.999          1.2819
