0.0000          1.4352
0.51960         1.1673
1.0392          0.82391
1.5588          0.70564
2.0784          0.75210
2.5980          1.0031
3.1176          1.3857
3.6372          1.3187
4.1568          0.92612
4.6764          0.72728
5.1960          0.71575
5.7156          0.88071
6.2352          1.2614
6.7548          1.4164
7.2744          1.0623
7.7940          0.77501
8.3136          0.70303
8.8332          0.79229
9.3528          1.1023
9.8724          1.4284
10.392          1.2217
10.912          0.85476
11.431          0.71049
11.951          0.73693
12.470          0.95817
12.990          1.3506
13.510          1.3591
14.029          0.96788
14.549          0.74007
15.068          0.70926
15.588          0.84771
16.108          1.2099
16.627          1.4306
17.147          1.1139
17.666          0.79767
18.186          0.70335
18.706          0.77070
19.225          1.0516
19.745          1.4118
20.264          1.2716
20.784          0.88811
21.304          0.71753
21.823          0.72525
22.343          0.91851
22.862          1.3099
23.382          1.3911
23.902          1.0120
24.421          0.75541
24.941          0.70518
25.460          0.81908
25.980          1.1578
26.500          1.4348
27.019          1.1660
27.539          0.82332
28.059          0.70567
28.578          0.75280
29.098          1.0048
29.617          1.3866
30.137          1.3167
30.657          0.92450
31.176          0.72689
31.696          0.71622
32.215          0.88254
32.735          1.2639
33.255          1.4152
33.774          1.0596
34.294          0.77392
34.813          0.70312
35.333          0.79368
35.853          1.1053
36.372          1.4291
36.892          1.2186
37.411          0.85291
37.931          0.71014
38.451          0.73765
38.970          0.96050
39.490          1.3528
40.009          1.3573
40.529          0.96559
41.049          0.73928
41.568          0.70943
42.088          0.84905
42.607          1.2123
43.127          1.4305
43.647          1.1119
44.166          0.79663
44.686          0.70318
45.205          0.77116
45.725          1.0530
46.245          1.4127
46.764          1.2707
47.284          0.88731
47.803          0.71724
48.323          0.72519
48.843          0.91864
49.362          1.3103
49.882          1.3915
50.401          1.0121
50.921          0.75535
51.441          0.70499
51.960          0.81851
52.480          1.1569
52.999          1.4352
