0.0000          1.4434
0.51960         1.0231
1.0392          0.75086
1.5588          0.68436
2.0784          0.74610
2.5980          1.0100
3.1176          1.4344
3.6372          1.3867
4.1568          0.95597
4.6764          0.72809
5.1960          0.68637
5.7156          0.77638
6.2352          1.0879
6.7548          1.4754
7.2744          1.3066
7.7940          0.89222
8.3136          0.70997
8.8332          0.69381
9.3528          0.82145
9.8724          1.1855
10.392          1.4930
10.912          1.2054
11.431          0.83175
11.951          0.69588
12.470          0.70695
12.990          0.88032
13.510          1.2887
14.029          1.4808
14.549          1.1049
15.068          0.78362
15.588          0.68733
16.108          0.72442
16.627          0.94394
17.147          1.3736
17.666          1.4435
18.186          1.0233
18.706          0.75091
19.225          0.68436
19.745          0.74608
20.264          1.0099
20.784          1.4343
21.304          1.3867
21.823          0.95599
22.343          0.72810
22.862          0.68638
23.382          0.77640
23.902          1.0880
24.421          1.4754
24.941          1.3066
25.460          0.89218
25.980          0.70996
26.500          0.69383
27.019          0.82152
27.539          1.1856
28.059          1.4930
28.578          1.2052
29.098          0.83168
29.617          0.69587
30.137          0.70698
30.657          0.88042
31.176          1.2889
31.696          1.4807
32.215          1.1047
32.735          0.78356
33.255          0.68733
33.774          0.72445
34.294          0.94405
34.813          1.3737
35.333          1.4434
35.853          1.0231
36.372          0.75087
36.892          0.68436
37.411          0.74612
37.931          1.0100
38.451          1.4344
38.970          1.3866
39.490          0.95586
40.009          0.72806
40.529          0.68639
41.049          0.77647
41.568          1.0882
42.088          1.4755
42.607          1.3064
43.127          0.89204
43.647          0.70992
44.166          0.69384
44.686          0.82162
45.205          1.1858
45.725          1.4930
46.245          1.2050
46.764          0.83156
47.284          0.69584
47.803          0.70700
48.323          0.88052
48.843          1.2890
49.362          1.4807
49.882          1.1046
50.401          0.78350
50.921          0.68732
51.441          0.72446
51.960          0.94408
52.480          1.3738
52.999          1.4434
