0.0000          1.3196
0.51960         1.4708
1.0392          1.0756
1.5588          0.77128
2.0784          0.68578
2.5980          0.73102
3.1176          0.96525
3.6372          1.3961
4.1568          1.4268
4.6764          0.99998
5.1960          0.74259
5.7156          0.68449
6.2352          0.75490
6.7548          1.0340
7.2744          1.4501
7.7940          1.3628
8.3136          0.93459
8.8332          0.72165
9.3528          0.68824
9.8724          0.78972
10.392          1.1187
10.912          1.4843
11.431          1.2741
11.951          0.87105
12.470          0.70469
12.990          0.69768
13.510          0.84028
14.029          1.2212
14.549          1.4921
15.068          1.1698
15.588          0.81362
16.108          0.69232
16.627          0.71252
17.147          0.90193
17.666          1.3205
18.186          1.4703
18.706          1.0747
19.225          0.77089
19.745          0.68575
20.264          0.73128
20.784          0.96607
21.304          1.3969
21.823          1.4261
22.343          0.99910
22.862          0.74228
23.382          0.68451
23.902          0.75525
24.421          1.0349
24.941          1.4507
25.460          1.3618
25.980          0.93381
26.500          0.72142
27.019          0.68831
27.539          0.79018
28.059          1.1198
28.578          1.4846
29.098          1.2731
29.617          0.87042
30.137          0.70453
30.657          0.69777
31.176          0.84073
31.696          1.2221
32.215          1.4922
32.735          1.1690
33.255          0.81325
33.774          0.69224
34.294          0.71257
34.813          0.90215
35.333          1.3209
35.853          1.4704
36.372          1.0745
36.892          0.77081
37.411          0.68571
37.931          0.73120
38.451          0.96586
38.970          1.3968
39.490          1.4265
40.009          0.99945
40.529          0.74240
41.049          0.68447
41.568          0.75495
42.088          1.0341
42.607          1.4503
43.127          1.3628
43.647          0.93456
44.166          0.72163
44.686          0.68820
45.205          0.78955
45.725          1.1184
46.245          1.4844
46.764          1.2746
47.284          0.87137
47.803          0.70476
48.323          0.69757
48.843          0.83981
49.362          1.2204
49.882          1.4923
50.401          1.1707
50.921          0.81406
51.441          0.69240
51.960          0.71233
52.480          0.90124
52.999          1.3196
