0.0000          0.94265
0.51960         1.3721
1.0392          1.4445
1.5588          1.0247
2.0784          0.75145
2.5980          0.68438
3.1176          0.74558
3.6372          1.0085
4.1568          1.4333
4.6764          1.3881
5.1960          0.95728
5.7156          0.72851
6.2352          0.68629
6.7548          0.77566
7.2744          1.0862
7.7940          1.4748
8.3136          1.3084
8.8332          0.89347
9.3528          0.71029
9.8724          0.69361
10.392          0.82042
10.912          1.1834
11.431          1.4929
11.951          1.2074
12.470          0.83285
12.990          0.69611
13.510          0.70664
14.029          0.87907
14.549          1.2868
15.068          1.4813
15.588          1.1067
16.108          0.78443
16.627          0.68745
17.147          0.72402
17.666          0.94260
18.186          1.3721
18.706          1.4445
19.225          1.0248
19.745          0.75148
20.264          0.68437
20.784          0.74553
21.304          1.0084
21.823          1.4332
22.343          1.3882
22.862          0.95743
23.382          0.72855
23.902          0.68627
24.421          0.77555
24.941          1.0859
25.460          1.4747
25.980          1.3087
26.500          0.89366
27.019          0.71034
27.539          0.69358
28.059          0.82025
28.578          1.1831
29.098          1.4929
29.617          1.2078
30.137          0.83302
30.657          0.69614
31.176          0.70660
31.696          0.87889
32.215          1.2865
32.735          1.4814
33.255          1.1070
33.774          0.78454
34.294          0.68747
34.813          0.72398
35.333          0.94248
35.853          1.3719
36.372          1.4446
36.892          1.0249
37.411          0.75152
37.931          0.68438
38.451          0.74552
38.970          1.0083
39.490          1.4332
40.009          1.3882
40.529          0.95743
41.049          0.72855
41.568          0.68628
42.088          0.77559
42.607          1.0860
43.127          1.4747
43.647          1.3086
44.166          0.89358
44.686          0.71032
45.205          0.69360
45.725          0.82036
46.245          1.1833
46.764          1.4929
47.284          1.2075
47.803          0.83290
48.323          0.69612
48.843          0.70664
49.362          0.87905
49.882          1.2867
50.401          1.4813
50.921          1.1068
51.441          0.78444
51.960          0.68746
52.480          0.72404
52.999          0.94265
