0.0000          1.4347
0.51960         1.1572
1.0392          0.81876
1.5588          0.70516
2.0784          0.75564
2.5980          1.0126
3.1176          1.3914
3.6372          1.3092
4.1568          0.91800
4.6764          0.72512
5.1960          0.71767
5.7156          0.88867
6.2352          1.2723
6.7548          1.4114
7.2744          1.0508
7.7940          0.77039
8.3136          0.70340
8.8332          0.79813
9.3528          1.1149
9.8724          1.4307
10.392          1.2088
10.912          0.84711
11.431          0.70918
11.951          0.74038
12.470          0.96882
12.990          1.3599
13.510          1.3497
14.029          0.95719
14.549          0.73663
15.068          0.71065
15.588          0.85557
16.108          1.2230
16.627          1.4281
17.147          1.1009
17.666          0.79168
18.186          0.70302
18.706          0.77558
19.225          1.0637
19.745          1.4169
20.264          1.2600
20.784          0.87974
21.304          0.71553
21.823          0.72760
22.343          0.92723
22.862          1.3199
23.382          1.3849
23.902          1.0018
24.421          0.75162
24.941          0.70573
25.460          0.82470
25.980          1.1688
26.500          1.4352
27.019          1.1554
27.539          0.81774
28.059          0.70489
28.578          0.75580
29.098          1.0133
29.617          1.3923
30.137          1.3092
30.657          0.91765
31.176          0.72491
31.696          0.71741
32.215          0.88813
32.735          1.2719
33.255          1.4123
33.774          1.0519
34.294          0.77070
34.813          0.70318
35.333          0.79710
35.853          1.1129
36.372          1.4308
36.892          1.2113
37.411          0.84844
37.931          0.70930
38.451          0.73949
38.970          0.96630
39.490          1.3579
40.009          1.3523
40.529          0.95982
41.049          0.73742
41.568          0.71019
42.088          0.85333
42.607          1.2194
43.127          1.4290
43.647          1.1046
44.166          0.79334
44.686          0.70309
45.205          0.77414
45.725          1.0602
46.245          1.4154
46.764          1.2634
47.284          0.88213
47.803          0.71612
48.323          0.72700
48.843          0.92492
49.362          1.3172
49.882          1.3863
50.401          1.0043
50.921          0.75261
51.441          0.70571
51.960          0.82363
52.480          1.1666
52.999          1.4347
