0.0000          1.4851
0.51960         1.1217
1.0392          0.79106
1.5588          0.68844
2.0784          0.72100
2.5980          0.93239
3.1176          1.3602
3.6372          1.4518
4.1568          1.0366
4.6764          0.75590
5.1960          0.68452
5.7156          0.74168
6.2352          0.99738
6.7548          1.4248
7.2744          1.3986
7.7940          0.96777
8.3136          0.73182
8.8332          0.68563
9.3528          0.76990
9.8724          1.0723
10.392          1.4694
10.912          1.3231
11.431          0.90378
11.951          0.71301
12.470          0.69203
12.990          0.81208
13.510          1.1666
14.029          1.4919
14.549          1.2244
15.068          0.84205
15.588          0.69806
16.108          0.70422
16.627          0.86912
17.147          1.2709
17.666          1.4850
18.186          1.1217
18.706          0.79106
19.225          0.68845
19.745          0.72107
20.264          0.93260
20.784          1.3604
21.304          1.4515
21.823          1.0363
22.343          0.75578
22.862          0.68454
23.382          0.74187
23.902          0.99792
24.421          1.4252
24.941          1.3980
25.460          0.96718
25.980          0.73163
26.500          0.68568
27.019          0.77030
27.539          1.0732
28.059          1.4698
28.578          1.3220
29.098          0.90303
29.617          0.71281
30.137          0.69215
30.657          0.81270
31.176          1.1679
31.696          1.4920
32.215          1.2231
32.735          0.84134
33.255          0.69790
33.774          0.70438
34.294          0.86981
34.813          1.2721
35.333          1.4849
35.853          1.1207
36.372          0.79061
36.892          0.68837
37.411          0.72121
37.931          0.93308
38.451          1.3610
38.970          1.4513
39.490          1.0358
40.009          0.75559
40.529          0.68450
41.049          0.74190
41.568          0.99802
42.088          1.4254
42.607          1.3981
43.127          0.96718
43.647          0.73163
44.166          0.68565
44.686          0.77013
45.205          1.0729
45.725          1.4697
46.245          1.3226
46.764          0.90339
47.284          0.71290
47.803          0.69206
48.323          0.81227
48.843          1.1670
49.362          1.4920
49.882          1.2241
50.401          0.84186
50.921          0.69801
51.441          0.70423
51.960          0.86917
52.480          1.2711
52.999          1.4851
