0.0000          0.94467
0.51960         0.72464
1.0392          0.68728
1.5588          0.78318
2.0784          1.1038
2.5980          1.4805
3.1176          1.2898
3.6372          0.88103
4.1568          0.70713
4.6764          0.69575
5.1960          0.83113
5.7156          1.2042
6.2352          1.4930
6.7548          1.1866
7.2744          0.82204
7.7940          0.69393
8.3136          0.70980
8.8332          0.89155
9.3528          1.3056
9.8724          1.4757
10.392          1.0888
10.912          0.77677
11.431          0.68643
11.951          0.72790
12.470          0.95535
12.990          1.3860
13.510          1.4348
14.029          1.0106
14.549          0.74633
15.068          0.68436
15.588          0.75065
16.108          1.0225
16.627          1.4430
17.147          1.3743
17.666          0.94459
18.186          0.72462
18.706          0.68728
19.225          0.78321
19.745          1.1039
20.264          1.4805
20.784          1.2897
21.304          0.88098
21.823          0.70712
22.343          0.69576
22.862          0.83116
23.382          1.2042
23.902          1.4930
24.421          1.1866
24.941          0.82202
25.460          0.69392
25.980          0.70980
26.500          0.89156
27.019          1.3057
27.539          1.4757
28.059          1.0889
28.578          0.77677
29.098          0.68642
29.617          0.72789
30.137          0.95531
30.657          1.3860
31.176          1.4349
31.696          1.0107
32.215          0.74635
32.735          0.68436
33.255          0.75061
33.774          1.0224
34.294          1.4430
34.813          1.3744
35.333          0.94468
35.853          0.72464
36.372          0.68727
36.892          0.78314
37.411          1.1038
37.931          1.4805
38.451          1.2899
38.970          0.88109
39.490          0.70714
40.009          0.69574
40.529          0.83106
41.049          1.2041
41.568          1.4930
42.088          1.1868
42.607          0.82211
43.127          0.69394
43.647          0.70977
44.166          0.89146
44.686          1.3055
45.205          1.4758
45.725          1.0890
46.245          0.77682
46.764          0.68643
47.284          0.72787
47.803          0.95525
48.323          1.3859
48.843          1.4349
49.362          1.0107
49.882          0.74637
50.401          0.68436
50.921          0.75061
51.441          1.0225
51.960          1.4430
52.480          1.3744
52.999          0.94467
