0.0000          1.1014
0.51960         0.78211
1.0392          0.68713
1.5588          0.72516
2.0784          0.94638
2.5980          1.3763
3.1176          1.4417
3.6372          1.0205
4.1568          0.74992
4.6764          0.68435
5.1960          0.74702
5.7156          1.0125
6.2352          1.4362
6.7548          1.3842
7.2744          0.95359
7.7940          0.72736
8.3136          0.68655
8.8332          0.77778
9.3528          1.0912
9.8724          1.4765
10.392          1.3031
10.912          0.88985
11.431          0.70936
11.951          0.69421
12.470          0.82346
12.990          1.1894
13.510          1.4931
14.029          1.2014
14.549          0.82967
15.068          0.69545
15.588          0.70754
16.108          0.88267
16.627          1.2923
17.147          1.4798
17.666          1.1015
18.186          0.78215
18.706          0.68713
19.225          0.72513
19.745          0.94630
20.264          1.3762
20.784          1.4418
21.304          1.0206
21.823          0.74995
22.343          0.68435
22.862          0.74700
23.382          1.0125
23.902          1.4362
24.421          1.3842
24.941          0.95366
25.460          0.72738
25.980          0.68655
26.500          0.77775
27.019          1.0912
27.539          1.4765
28.059          1.3032
28.578          0.88990
29.098          0.70937
29.617          0.69420
30.137          0.82343
30.657          1.1893
31.176          1.4931
31.696          1.2014
32.215          0.82970
32.735          0.69546
33.255          0.70754
33.774          0.88266
34.294          1.2923
34.813          1.4798
35.333          1.1015
35.853          0.78216
36.372          0.68714
36.892          0.72514
37.411          0.94632
37.931          1.3762
38.451          1.4417
38.970          1.0206
39.490          0.74993
40.009          0.68435
40.529          0.74702
41.049          1.0125
41.568          1.4362
42.088          1.3842
42.607          0.95359
43.127          0.72736
43.647          0.68656
44.166          0.77780
44.686          1.0913
45.205          1.4765
45.725          1.3031
46.245          0.88982
46.764          0.70935
47.284          0.69422
47.803          0.82351
48.323          1.1895
48.843          1.4931
49.362          1.2013
49.882          0.82962
50.401          0.69545
50.921          0.70756
51.441          0.88274
51.960          1.2924
52.480          1.4797
52.999          1.1014
