0.0000          1.3280
0.51960         1.4674
1.0392          1.0676
1.5588          0.76801
2.0784          0.68544
2.5980          0.73299
3.1176          0.97141
3.6372          1.4021
4.1568          1.4217
4.6764          0.99357
5.1960          0.74037
5.7156          0.68461
6.2352          0.75755
6.7548          1.0410
7.2744          1.4542
7.7940          1.3557
8.3136          0.92871
8.8332          0.71994
9.3528          0.68884
9.8724          0.79362
10.392          1.1274
10.912          1.4863
11.431          1.2651
11.951          0.86551
12.470          0.70336
12.990          0.69878
13.510          0.84540
14.029          1.2305
14.549          1.4914
15.068          1.1607
15.588          0.80922
16.108          0.69151
16.627          0.71398
17.147          0.90739
17.666          1.3281
18.186          1.4674
18.706          1.0675
19.225          0.76799
19.745          0.68543
20.264          0.73300
20.784          0.97144
21.304          1.4022
21.823          1.4217
22.343          0.99354
22.862          0.74036
23.382          0.68461
23.902          0.75755
24.421          1.0410
24.941          1.4542
25.460          1.3557
25.980          0.92870
26.500          0.71994
27.019          0.68884
27.539          0.79361
28.059          1.1274
28.578          1.4863
29.098          1.2651
29.617          0.86552
30.137          0.70336
30.657          0.69878
31.176          0.84538
31.696          1.2304
32.215          1.4914
32.735          1.1608
33.255          0.80924
33.774          0.69151
34.294          0.71397
34.813          0.90735
35.333          1.3280
35.853          1.4674
36.372          1.0676
36.892          0.76801
37.411          0.68544
37.931          0.73299
38.451          0.97140
38.970          1.4021
39.490          1.4218
40.009          0.99359
40.529          0.74038
41.049          0.68461
41.568          0.75753
42.088          1.0409
42.607          1.4542
43.127          1.3557
43.647          0.92875
44.166          0.71995
44.686          0.68883
45.205          0.79358
45.725          1.1273
46.245          1.4863
46.764          1.2651
47.284          0.86555
47.803          0.70337
48.323          0.69877
48.843          0.84535
49.362          1.2304
49.882          1.4914
50.401          1.1608
50.921          0.80926
51.441          0.69151
51.960          0.71397
52.480          0.90734
52.999          1.3280
