0.0000          0.74953
0.51960         0.68189
1.0392          0.71393
1.5588          0.89909
2.0784          1.3263
2.5980          1.5275
3.1176          1.1366
3.6372          0.79871
4.1568          0.69056
4.6764          0.69513
5.1960          0.82042
5.7156          1.1840
6.2352          1.5385
6.7548          1.2793
7.2744          0.87021
7.7940          0.70657
8.3136          0.68399
8.8332          0.76390
9.3528          1.0522
9.8724          1.4874
10.392          1.4080
10.912          0.96107
11.431          0.73192
11.951          0.68050
12.470          0.72704
12.990          0.94528
13.510          1.3895
14.029          1.4992
14.549          1.0717
15.068          0.77150
15.588          0.68529
16.108          0.70345
16.627          0.85724
17.147          1.2562
17.666          1.5412
18.186          1.2071
18.706          0.83166
19.225          0.69759
19.745          0.68867
20.264          0.78935
20.784          1.1150
21.304          1.5198
21.823          1.3475
22.343          0.91348
22.862          0.71783
23.382          0.68122
23.902          0.74344
24.421          0.99598
24.941          1.4435
25.460          1.4588
25.980          1.0134
26.500          0.74952
27.019          0.68189
27.539          0.71393
28.059          0.89911
28.578          1.3263
29.098          1.5275
29.617          1.1366
30.137          0.79870
30.657          0.69056
31.176          0.69514
31.696          0.82044
32.215          1.1840
32.735          1.5385
33.255          1.2793
33.774          0.87019
34.294          0.70656
34.813          0.68399
35.333          0.76391
35.853          1.0522
36.372          1.4874
36.892          1.4079
37.411          0.96105
37.931          0.73192
38.451          0.68050
38.970          0.72705
39.490          0.94530
40.009          1.3895
40.529          1.4991
41.049          1.0716
41.568          0.77150
42.088          0.68529
42.607          0.70345
43.127          0.85725
43.647          1.2563
44.166          1.5412
44.686          1.2071
45.205          0.83166
45.725          0.69759
46.245          0.68867
46.764          0.78935
47.284          1.1150
47.803          1.5198
48.323          1.3476
48.843          0.91349
49.362          0.71783
49.882          0.68122
50.401          0.74343
50.921          0.99597
51.441          1.4435
51.960          1.4588
52.480          1.0134
52.999          0.74953
