0.0000          0.86605
0.51960         1.2720
1.0392          1.5395
1.5588          1.1913
2.0784          0.82391
2.5980          0.69589
3.1176          0.68994
3.6372          0.79569
4.1568          1.1297
4.6764          1.5252
5.1960          1.3331
5.7156          0.90358
6.2352          0.71513
6.7548          0.68165
7.2744          0.74756
7.7940          1.0078
8.3136          1.4541
8.8332          1.4484
9.3528          1.0014
9.8724          0.74530
10.392          0.68141
10.912          0.71657
11.431          0.90891
11.951          1.3409
12.470          1.5224
12.990          1.1218
13.510          0.79224
14.029          0.68925
14.549          0.69680
15.068          0.82804
15.588          1.1998
16.108          1.5405
16.627          1.2636
17.147          0.86130
17.666          0.70441
18.186          0.68486
18.706          0.76903
19.225          1.0654
19.745          1.4955
20.264          1.3955
20.784          0.95027
21.304          0.72856
21.823          0.68048
22.343          0.73032
22.862          0.95595
23.382          1.4022
23.902          1.4913
24.421          1.0584
24.941          0.76629
25.460          0.68439
25.980          0.70554
26.500          0.86596
27.019          1.2719
27.539          1.5396
28.059          1.1915
28.578          0.82400
29.098          0.69591
29.617          0.68993
30.137          0.79560
30.657          1.1295
31.176          1.5251
31.696          1.3333
32.215          0.90372
32.735          0.71517
33.255          0.68165
33.774          0.74750
34.294          1.0077
34.813          1.4539
35.333          1.4486
35.853          1.0016
36.372          0.74537
36.892          0.68141
37.411          0.71653
37.931          0.90877
38.451          1.3407
38.970          1.5225
39.490          1.1220
40.009          0.79232
40.529          0.68926
41.049          0.69678
41.568          0.82796
42.088          1.1996
42.607          1.5405
43.127          1.2637
43.647          0.86137
44.166          0.70443
44.686          0.68485
45.205          0.76900
45.725          1.0653
46.245          1.4955
46.764          1.3955
47.284          0.95029
47.803          0.72857
48.323          0.68048
48.843          0.73033
49.362          0.95598
49.882          1.4022
50.401          1.4913
50.921          1.0583
51.441          0.76626
51.960          0.68438
52.480          0.70555
52.999          0.86605
