0.0000          0.96567
0.51960         1.3966
1.0392          1.4265
1.5588          0.99955
2.0784          0.74244
2.5980          0.68449
3.1176          0.75503
3.6372          1.0343
4.1568          1.4504
4.6764          1.3625
5.1960          0.93432
5.7156          0.72157
6.2352          0.68825
6.7548          0.78983
7.2744          1.1190
7.7940          1.4844
8.3136          1.2739
8.8332          0.87091
9.3528          0.70465
9.8724          0.69768
10.392          0.84031
10.912          1.2213
11.431          1.4922
11.951          1.1697
12.470          0.81360
12.990          0.69231
13.510          0.71249
14.029          0.90183
14.549          1.3204
15.068          1.4705
15.588          1.0749
16.108          0.77095
16.627          0.68574
17.147          0.73118
17.666          0.96578
18.186          1.3967
18.706          1.4265
19.225          0.99945
19.745          0.74240
20.264          0.68449
20.784          0.75505
21.304          1.0344
21.823          1.4504
22.343          1.3624
22.862          0.93429
23.382          0.72156
23.902          0.68825
24.421          0.78982
24.941          1.1190
25.460          1.4845
25.980          1.2739
26.500          0.87094
27.019          0.70465
27.539          0.69767
28.059          0.84027
28.578          1.2212
29.098          1.4922
29.617          1.1698
30.137          0.81365
30.657          0.69232
31.176          0.71247
31.696          0.90174
32.215          1.3203
32.735          1.4705
33.255          1.0750
33.774          0.77101
34.294          0.68575
34.813          0.73114
35.333          0.96565
35.853          1.3966
36.372          1.4266
36.892          0.99959
37.411          0.74245
37.931          0.68448
38.451          0.75499
38.970          1.0342
39.490          1.4503
40.009          1.3626
40.529          0.93442
41.049          0.72160
41.568          0.68823
42.088          0.78974
42.607          1.1188
43.127          1.4844
43.647          1.2741
44.166          0.87105
44.686          0.70468
45.205          0.69765
45.725          0.84017
46.245          1.2210
46.764          1.4922
47.284          1.1700
47.803          0.81372
48.323          0.69233
48.843          0.71245
49.362          0.90169
49.882          1.3202
50.401          1.4705
50.921          1.0750
51.441          0.77103
51.960          0.68575
52.480          0.73115
52.999          0.96567
