0.0000          1.1359
0.51960         0.79752
1.0392          0.68947
1.5588          0.71834
2.0784          0.92310
2.5980          1.3487
3.1176          1.4579
3.6372          1.0478
4.1568          0.76016
4.6764          0.68477
5.1960          0.73836
5.7156          0.98765
6.2352          1.4168
6.7548          1.4075
7.2744          0.97719
7.7940          0.73488
8.3136          0.68516
8.8332          0.76510
9.3528          1.0603
9.8724          1.4642
10.392          1.3356
10.912          0.91299
11.431          0.71551
11.951          0.69074
12.470          0.80493
12.990          1.1518
13.510          1.4904
14.029          1.2397
14.549          0.85059
15.068          0.69993
15.588          0.70210
16.108          0.86013
16.627          1.2561
17.147          1.4879
17.666          1.1360
18.186          0.79753
18.706          0.68948
19.225          0.71834
19.745          0.92313
20.264          1.3487
20.784          1.4579
21.304          1.0477
21.823          0.76014
22.343          0.68477
22.862          0.73839
23.382          0.98774
23.902          1.4169
24.421          1.4074
24.941          0.97709
25.460          0.73485
25.980          0.68517
26.500          0.76517
27.019          1.0605
27.539          1.4642
28.059          1.3354
28.578          0.91285
29.098          0.71547
29.617          0.69076
30.137          0.80505
30.657          1.1520
31.176          1.4904
31.696          1.2394
32.215          0.85045
32.735          0.69990
33.255          0.70213
33.774          0.86027
34.294          1.2563
34.813          1.4879
35.333          1.1358
35.853          0.79743
36.372          0.68946
36.892          0.71837
37.411          0.92323
37.931          1.3489
38.451          1.4578
38.970          1.0476
39.490          0.76009
40.009          0.68477
40.529          0.73840
41.049          0.98778
41.568          1.4169
42.088          1.4074
42.607          0.97707
43.127          0.73484
43.647          0.68517
44.166          0.76515
44.686          1.0605
45.205          1.4642
45.725          1.3355
46.245          0.91291
46.764          0.71549
47.284          0.69075
47.803          0.80498
48.323          1.1519
48.843          1.4904
49.362          1.2396
49.882          0.85054
50.401          0.69992
50.921          0.70211
51.441          0.86016
51.960          1.2561
52.480          1.4880
52.999          1.1359
