0.0000          0.70213
0.51960         0.85161
1.0392          1.2458
1.5588          1.5418
2.0784          1.2175
2.5980          0.83688
3.1176          0.69876
3.6372          0.68789
4.1568          0.78535
4.6764          1.1056
5.1960          1.5159
5.7156          1.3568
6.2352          0.92008
6.7548          0.71967
7.2744          0.68098
7.7940          0.74084
8.3136          0.98836
8.8332          1.4364
9.3528          1.4653
9.8724          1.0214
10.392          0.75240
10.912          0.68226
11.431          0.71227
11.951          0.89278
12.470          1.3165
12.990          1.5304
13.510          1.1465
14.029          0.80310
14.549          0.69146
15.068          0.69409
15.588          0.81558
16.108          1.1738
16.627          1.5368
17.147          1.2895
17.666          0.87618
18.186          0.70804
18.706          0.68346
19.225          0.76065
19.745          1.0437
20.264          1.4817
20.784          1.4159
21.304          0.96832
21.823          0.73423
22.343          0.68057
22.862          0.72496
23.382          0.93833
23.902          1.3809
24.421          1.5041
24.941          1.0806
25.460          0.77510
25.980          0.68595
26.500          0.70212
27.019          0.85157
27.539          1.2458
28.059          1.5418
28.578          1.2176
29.098          0.83692
29.617          0.69877
30.137          0.68788
30.657          0.78532
31.176          1.1055
31.696          1.5159
32.215          1.3569
32.735          0.92012
33.255          0.71968
33.774          0.68098
34.294          0.74083
34.813          0.98832
35.333          1.4363
35.853          1.4653
36.372          1.0214
36.892          0.75242
37.411          0.68226
37.931          0.71226
38.451          0.89276
38.970          1.3165
39.490          1.5304
40.009          1.1465
40.529          0.80311
41.049          0.69146
41.568          0.69409
42.088          0.81557
42.607          1.1738
43.127          1.5368
43.647          1.2895
44.166          0.87618
44.686          0.70804
45.205          0.68347
45.725          0.76066
46.245          1.0437
46.764          1.4817
47.284          1.4159
47.803          0.96829
48.323          0.73423
48.843          0.68057
49.362          0.72497
49.882          0.93837
50.401          1.3810
50.921          1.5040
51.441          1.0806
51.960          0.77508
52.480          0.68594
52.999          0.70213
