0.0000          1.4091
0.51960         1.4153
1.0392          0.98593
1.5588          0.73778
2.0784          0.68483
2.5980          0.76093
3.1176          1.0497
3.6372          1.4589
4.1568          1.3467
4.6764          0.92152
5.1960          0.71789
5.7156          0.68965
6.2352          0.79860
6.7548          1.1383
7.2744          1.4884
7.7940          1.2538
8.3136          0.85875
8.8332          0.70178
9.3528          0.70021
9.8724          0.85184
10.392          1.2419
10.912          1.4902
11.431          1.1498
11.951          0.80396
12.470          0.69056
12.990          0.71583
13.510          0.91414
14.029          1.3372
14.549          1.4636
15.068          1.0590
15.588          0.76455
16.108          0.68510
16.627          0.73518
17.147          0.97813
17.666          1.4084
18.186          1.4161
18.706          0.98676
19.225          0.73806
19.745          0.68479
20.264          0.76050
20.784          1.0486
21.304          1.4584
21.823          1.3479
22.343          0.92243
22.862          0.71815
23.382          0.68955
23.902          0.79799
24.421          1.1369
24.941          1.4881
25.460          1.2551
25.980          0.85958
26.500          0.70198
27.019          0.70006
27.539          0.85116
28.059          1.2406
28.578          1.4902
29.098          1.1509
29.617          0.80450
30.137          0.69067
30.657          0.71571
31.176          0.91370
31.696          1.3365
32.215          1.4636
32.735          1.0594
33.255          0.76474
33.774          0.68515
34.294          0.73521
34.813          0.97817
35.333          1.4084
35.853          1.4158
36.372          0.98658
36.892          0.73800
37.411          0.68483
37.931          0.76077
38.451          1.0493
38.970          1.4586
39.490          1.3470
40.009          0.92176
40.529          0.71796
41.049          0.68967
41.568          0.79861
42.088          1.1383
42.607          1.4883
43.127          1.2536
43.647          0.85868
44.166          0.70177
44.686          0.70027
45.205          0.85210
45.725          1.2423
46.245          1.4900
46.764          1.1492
47.284          0.80373
47.803          0.69054
48.323          0.71598
48.843          0.91466
49.362          1.3378
49.882          1.4631
50.401          1.0582
50.921          0.76427
51.441          0.68509
51.960          0.73545
52.480          0.97892
52.999          1.4091
