0.0000          0.68770
0.51960         0.72319
1.0392          0.93984
1.5588          1.3689
2.0784          1.4465
2.5980          1.0280
3.1176          0.75264
3.6372          0.68440
4.1568          0.74448
4.6764          1.0054
5.1960          1.4311
5.7156          1.3911
6.2352          0.96016
6.7548          0.72940
7.2744          0.68608
7.7940          0.77400
8.3136          1.0823
8.8332          1.4734
9.3528          1.3126
9.8724          0.89631
10.392          0.71103
10.912          0.69315
11.431          0.81805
11.951          1.1787
12.470          1.4928
12.990          1.2121
13.510          0.83534
14.029          0.69662
14.549          0.70596
15.068          0.87630
15.588          1.2825
16.108          1.4824
16.627          1.1108
17.147          0.78621
17.666          0.68771
18.186          0.72320
18.706          0.93985
19.225          1.3689
19.745          1.4465
20.264          1.0279
20.784          0.75263
21.304          0.68440
21.823          0.74452
22.343          1.0055
22.862          1.4311
23.382          1.3909
23.902          0.96008
24.421          0.72938
24.941          0.68610
25.460          0.77409
25.980          1.0825
26.500          1.4734
27.019          1.3124
27.539          0.89618
28.059          0.71100
28.578          0.69318
29.098          0.81818
29.617          1.1790
30.137          1.4928
30.657          1.2119
31.176          0.83521
31.696          0.69660
32.215          0.70599
32.735          0.87645
33.255          1.2827
33.774          1.4824
34.294          1.1106
34.813          0.78610
35.333          0.68769
35.853          0.72323
36.372          0.93997
36.892          1.3691
37.411          1.4464
37.931          1.0278
38.451          0.75257
38.970          0.68440
39.490          0.74453
40.009          1.0056
40.529          1.4312
41.049          1.3909
41.568          0.96003
42.088          0.72936
42.607          0.68610
43.127          0.77409
43.647          1.0824
44.166          1.4734
44.686          1.3124
45.205          0.89621
45.725          0.71101
46.245          0.69317
46.764          0.81814
47.284          1.1789
47.803          1.4927
48.323          1.2120
48.843          0.83529
49.362          0.69662
49.882          0.70597
50.401          0.87636
50.921          1.2825
51.441          1.4824
51.960          1.1108
52.480          0.78620
52.999          0.68770
