0.0000          0.68548
0.51960         0.73272
1.0392          0.97056
1.5588          1.4013
2.0784          1.4225
2.5980          0.99444
3.1176          0.74067
3.6372          0.68459
4.1568          0.75718
4.6764          1.0400
5.1960          1.4537
5.7156          1.3567
6.2352          0.92952
6.7548          0.72017
7.2744          0.68875
7.7940          0.79307
8.3136          1.1262
8.8332          1.4860
9.3528          1.2663
9.8724          0.86628
10.392          0.70354
10.912          0.69862
11.431          0.84467
11.951          1.2292
12.470          1.4915
12.990          1.1620
13.510          0.80983
14.029          0.69162
14.549          0.71377
15.068          0.90660
15.588          1.3270
16.108          1.4678
16.627          1.0686
17.147          0.76840
17.666          0.68547
18.186          0.73275
18.706          0.97065
19.225          1.4014
19.745          1.4224
20.264          0.99436
20.784          0.74064
21.304          0.68459
21.823          0.75720
22.343          1.0401
22.862          1.4537
23.382          1.3566
23.902          0.92948
24.421          0.72016
24.941          0.68875
25.460          0.79307
25.980          1.1262
26.500          1.4861
27.019          1.2663
27.539          0.86627
28.059          0.70354
28.578          0.69862
29.098          0.84465
29.617          1.2292
30.137          1.4915
30.657          1.1621
31.176          0.80985
31.696          0.69162
32.215          0.71376
32.735          0.90656
33.255          1.3270
33.774          1.4679
34.294          1.0686
34.813          0.76843
35.333          0.68548
35.853          0.73272
36.372          0.97057
36.892          1.4013
37.411          1.4225
37.931          0.99446
38.451          0.74068
38.970          0.68459
39.490          0.75715
40.009          1.0399
40.529          1.4536
41.049          1.3568
41.568          0.92959
42.088          0.72019
42.607          0.68874
43.127          0.79299
43.647          1.1260
44.166          1.4860
44.686          1.2665
45.205          0.86637
45.725          0.70356
46.245          0.69860
46.764          0.84456
47.284          1.2290
47.803          1.4916
48.323          1.1622
48.843          0.80991
49.362          0.69163
49.882          0.71374
50.401          0.90649
50.921          1.3269
51.441          1.4679
51.960          1.0687
52.480          0.76845
52.999          0.68548
