0.0000          0.87408
0.51960         0.70541
1.0392          0.69705
1.5588          0.83736
2.0784          1.2158
2.5980          1.4925
3.1176          1.1751
3.6372          0.81625
4.1568          0.69281
4.6764          0.71162
5.1960          0.89853
5.7156          1.3157
6.2352          1.4722
6.7548          1.0793
7.2744          0.77278
7.7940          0.68595
8.3136          0.73013
8.8332          0.96247
9.3528          1.3933
9.8724          1.4291
10.392          1.0029
10.912          0.74362
11.431          0.68444
11.951          0.75367
12.470          1.0307
12.990          1.4482
13.510          1.3661
14.029          0.93743
14.549          0.72248
15.068          0.68795
15.588          0.78782
16.108          1.1144
16.627          1.4833
17.147          1.2786
17.666          0.87389
18.186          0.70537
18.706          0.69711
19.225          0.83760
19.745          1.2163
20.264          1.4925
20.784          1.1746
21.304          0.81602
21.823          0.69277
22.343          0.71171
22.862          0.89888
23.382          1.3162
23.902          1.4720
24.421          1.0788
24.941          0.77258
25.460          0.68593
25.980          0.73025
26.500          0.96285
27.019          1.3937
27.539          1.4288
28.059          1.0025
28.578          0.74348
29.098          0.68445
29.617          0.75382
30.137          1.0311
30.657          1.4484
31.176          1.3657
31.696          0.93711
32.215          0.72239
32.735          0.68797
33.255          0.78799
33.774          1.1148
34.294          1.4834
34.813          1.2783
35.333          0.87366
35.853          0.70532
36.372          0.69713
36.892          0.83775
37.411          1.2166
37.931          1.4925
38.451          1.1744
38.970          0.81591
39.490          0.69275
40.009          0.71172
40.529          0.89891
41.049          1.3163
41.568          1.4721
42.088          1.0788
42.607          0.77258
43.127          0.68592
43.647          0.73020
44.166          0.96270
44.686          1.3936
45.205          1.4290
45.725          1.0027
46.245          0.74355
46.764          0.68443
47.284          0.75367
47.803          1.0307
48.323          1.4482
48.843          1.3662
49.362          0.93746
49.882          0.72249
50.401          0.68793
50.921          0.78771
51.441          1.1142
51.960          1.4833
52.480          1.2789
52.999          0.87408
