0.0000          0.86928
0.51960         1.2713
1.0392          1.4851
1.5588          1.1214
2.0784          0.79092
2.5980          0.68841
3.1176          0.72107
3.6372          0.93263
4.1568          1.3605
4.6764          1.4516
5.1960          1.0363
5.7156          0.75576
6.2352          0.68452
6.7548          0.74180
7.2744          0.99775
7.7940          1.4251
8.3136          1.3983
8.8332          0.96738
9.3528          0.73169
9.8724          0.68565
10.392          0.77011
10.912          1.0728
11.431          1.4696
11.951          1.3226
12.470          0.90337
12.990          0.71290
13.510          0.69209
14.029          0.81239
14.549          1.1673
15.068          1.4920
15.588          1.2238
16.108          0.84170
16.627          0.69798
17.147          0.70430
17.666          0.86944
18.186          1.2715
18.706          1.4850
19.225          1.1212
19.745          0.79084
20.264          0.68841
20.784          0.72112
21.304          0.93280
21.823          1.3607
22.343          1.4514
22.862          1.0361
23.382          0.75570
23.902          0.68452
24.421          0.74186
24.941          0.99792
25.460          1.4253
25.980          1.3981
26.500          0.96721
27.019          0.73163
27.539          0.68566
28.059          0.77018
28.578          1.0730
29.098          1.4698
29.617          1.3224
30.137          0.90320
30.657          0.71285
31.176          0.69210
31.696          0.81248
32.215          1.1675
32.735          1.4921
33.255          1.2236
33.774          0.84154
34.294          0.69794
34.813          0.70431
35.333          0.86954
35.853          1.2717
36.372          1.4850
36.892          1.1211
37.411          0.79076
37.931          0.68839
38.451          0.72113
38.970          0.93284
39.490          1.3607
40.009          1.4515
40.529          1.0361
41.049          0.75569
41.568          0.68451
42.088          0.74184
42.607          0.99783
43.127          1.4252
43.647          1.3982
44.166          0.96734
44.686          0.73168
45.205          0.68564
45.725          0.77008
46.245          1.0727
46.764          1.4696
47.284          1.3227
47.803          0.90343
48.323          0.71291
48.843          0.69206
49.362          0.81227
49.882          1.1671
50.401          1.4920
50.921          1.2240
51.441          0.84178
51.960          0.69799
52.480          0.70425
52.999          0.86928
