0.0000          1.3723
0.51960         0.94278
1.0392          0.72407
1.5588          0.68743
2.0784          0.78431
2.5980          1.1065
3.1176          1.4812
3.6372          1.2871
4.1568          0.87927
4.6764          0.70669
5.1960          0.69607
5.7156          0.83265
6.2352          1.2071
6.7548          1.4929
7.2744          1.1838
7.7940          0.82061
8.3136          0.69365
8.8332          0.71023
9.3528          0.89321
9.8724          1.3081
10.392          1.4749
10.912          1.0866
11.431          0.77581
11.951          0.68630
12.470          0.72840
12.990          0.95696
13.510          1.3877
14.029          1.4336
14.549          1.0089
15.068          0.74571
15.588          0.68437
16.108          0.75129
16.627          1.0243
17.147          1.4442
17.666          1.3726
18.186          0.94304
18.706          0.72415
19.225          0.68741
19.745          0.78417
20.264          1.1061
20.784          1.4811
21.304          1.2874
21.823          0.87946
22.343          0.70674
22.862          0.69604
23.382          0.83253
23.902          1.2068
24.421          1.4929
24.941          1.1840
25.460          0.82071
25.980          0.69367
26.500          0.71022
27.019          0.89317
27.539          1.3080
28.059          1.4749
28.578          1.0866
29.098          0.77582
29.617          0.68631
30.137          0.72844
30.657          0.95706
31.176          1.3878
31.696          1.4335
32.215          1.0087
32.735          0.74566
33.255          0.68438
33.774          0.75139
34.294          1.0246
34.813          1.4443
35.333          1.3723
35.853          0.94278
36.372          0.72407
36.892          0.68745
37.411          0.78438
37.931          1.1066
38.451          1.4813
38.970          1.2869
39.490          0.87914
40.009          0.70666
40.529          0.69610
41.049          0.83283
41.568          1.2074
42.088          1.4929
42.607          1.1834
43.127          0.82042
43.647          0.69361
44.166          0.71029
44.686          0.89347
45.205          1.3085
45.725          1.4748
46.245          1.0862
46.764          0.77565
47.284          0.68628
47.803          0.72850
48.323          0.95726
48.843          1.3880
49.362          1.4334
49.882          1.0086
50.401          0.74560
50.921          0.68437
51.441          0.75140
51.960          1.0246
52.480          1.4444
52.999          1.3723
