0.0000          0.68066
0.51960         0.73603
1.0392          0.97387
1.5588          1.4218
2.0784          1.4772
2.5980          1.0373
3.1176          0.75826
3.6372          0.68310
4.1568          0.70919
4.6764          0.88079
5.1960          1.2972
5.7156          1.5352
6.2352          1.1660
6.7548          0.81197
7.2744          0.69332
7.7940          0.69218
8.3136          0.80653
8.8332          1.1541
9.3528          1.5324
9.8724          1.3090
10.392          0.88803
10.912          0.71104
11.431          0.68257
11.951          0.75466
12.470          1.0276
12.990          1.4701
13.510          1.4307
14.029          0.98262
14.549          0.73891
15.068          0.68084
15.588          0.72112
16.108          0.92517
16.627          1.3638
17.147          1.5128
17.666          1.0984
18.186          0.78236
18.706          0.68731
19.225          0.69968
19.745          0.84095
20.264          1.2255
20.784          1.5421
21.304          1.2379
21.823          0.84737
22.343          0.70115
22.862          0.68646
23.382          0.77789
23.902          1.0875
24.421          1.5076
24.941          1.3743
25.460          0.93314
25.980          0.72343
26.500          0.68066
27.019          0.73603
27.539          0.97387
28.059          1.4218
28.578          1.4772
29.098          1.0373
29.617          0.75826
30.137          0.68310
30.657          0.70919
31.176          0.88079
31.696          1.2972
32.215          1.5352
32.735          1.1660
33.255          0.81197
33.774          0.69332
34.294          0.69218
34.813          0.80653
35.333          1.1541
35.853          1.5324
36.372          1.3090
36.892          0.88803
37.411          0.71104
37.931          0.68257
38.451          0.75466
38.970          1.0276
39.490          1.4701
40.009          1.4307
40.529          0.98262
41.049          0.73891
41.568          0.68084
42.088          0.72112
42.607          0.92517
43.127          1.3638
43.647          1.5128
44.166          1.0984
44.686          0.78236
45.205          0.68731
45.725          0.69968
46.245          0.84095
46.764          1.2255
47.284          1.5421
47.803          1.2379
48.323          0.84737
48.843          0.70115
49.362          0.68646
49.882          0.77789
50.401          1.0875
50.921          1.5076
51.441          1.3743
51.960          0.93314
52.480          0.72343
52.999          0.68066
