0.0000          1.4847
0.51960         1.2726
1.0392          0.87017
1.5588          0.70448
2.0784          0.69785
2.5980          0.84108
3.1176          1.2227
3.6372          1.4920
4.1568          1.1684
4.6764          0.81293
5.1960          0.69220
5.7156          0.71275
6.2352          0.90278
6.7548          1.3217
7.2744          1.4699
7.7940          1.0736
8.3136          0.77045
8.8332          0.68571
9.3528          0.73156
9.8724          0.96691
10.392          1.3977
10.912          1.4254
11.431          0.99828
11.951          0.74201
12.470          0.68454
12.990          0.75564
13.510          1.0359
14.029          1.4511
14.549          1.3609
15.068          0.93309
15.588          0.72122
16.108          0.68840
16.627          0.79072
17.147          1.1209
17.666          1.4848
18.186          1.2719
18.706          0.86979
19.225          0.70439
19.745          0.69792
20.264          0.84138
20.784          1.2232
21.304          1.4920
21.823          1.1680
22.343          0.81276
22.862          0.69216
23.382          0.71276
23.902          0.90284
24.421          1.3218
24.941          1.4700
25.460          1.0736
25.980          0.77044
26.500          0.68568
27.019          0.73145
27.539          0.96663
28.059          1.3975
28.578          1.4258
29.098          0.99860
29.617          0.74211
30.137          0.68449
30.657          0.75536
31.176          1.0352
31.696          1.4509
32.215          1.3617
32.735          0.93366
33.255          0.72138
33.774          0.68831
34.294          0.79023
34.813          1.1198
35.333          1.4846
35.853          1.2731
36.372          0.87048
36.892          0.70456
37.411          0.69778
37.931          0.84074
38.451          1.2219
38.970          1.4920
39.490          1.1692
40.009          0.81338
40.529          0.69229
41.049          0.71261
41.568          0.90221
42.088          1.3208
42.607          1.4701
43.127          1.0745
43.647          0.77084
44.166          0.68575
44.686          0.73134
45.205          0.96621
45.725          1.3970
46.245          1.4260
46.764          0.99901
47.284          0.74226
47.803          0.68452
48.323          0.75532
48.843          1.0351
49.362          1.4508
49.882          1.3616
50.401          0.93367
50.921          0.72138
51.441          0.68834
51.960          0.79033
52.480          1.1201
52.999          1.4847
