0.0000          0.72775
0.51960         0.68049
1.0392          0.73117
1.5588          0.95866
2.0784          1.4053
2.5980          1.4892
3.1176          1.0551
3.6372          0.76501
4.1568          0.68417
4.6764          0.70608
5.1960          0.86822
5.7156          1.2758
6.2352          1.5390
6.7548          1.1875
7.2744          0.82208
7.7940          0.69549
8.3136          0.69026
8.8332          0.79726
9.3528          1.1333
9.8724          1.5264
10.392          1.3296
10.912          0.90124
11.431          0.71450
11.951          0.68177
12.470          0.74858
12.990          1.0107
13.510          1.4565
14.029          1.4459
14.549          0.99857
15.068          0.74433
15.588          0.68131
16.108          0.71722
16.627          0.91127
17.147          1.3444
17.666          1.5211
18.186          1.1183
18.706          0.79073
19.225          0.68895
19.745          0.69721
20.264          0.82991
20.784          1.2036
21.304          1.5409
21.823          1.2598
22.343          0.85919
22.862          0.70391
23.382          0.68508
23.902          0.77031
24.421          1.0686
24.941          1.4974
25.460          1.3924
25.980          0.94767
26.500          0.72777
27.019          0.68049
27.539          0.73115
28.059          0.95862
28.578          1.4052
29.098          1.4893
29.617          1.0551
30.137          0.76503
30.657          0.68417
31.176          0.70607
31.696          0.86819
32.215          1.2758
32.735          1.5390
33.255          1.1875
33.774          0.82210
34.294          0.69550
34.813          0.69026
35.333          0.79724
35.853          1.1333
36.372          1.5264
36.892          1.3296
37.411          0.90126
37.931          0.71450
38.451          0.68177
38.970          0.74857
39.490          1.0107
40.009          1.4565
40.529          1.4459
41.049          0.99857
41.568          0.74433
42.088          0.68130
42.607          0.71722
43.127          0.91129
43.647          1.3444
44.166          1.5211
44.686          1.1182
45.205          0.79072
45.725          0.68894
46.245          0.69721
46.764          0.82993
47.284          1.2036
47.803          1.5409
48.323          1.2597
48.843          0.85916
49.362          0.70390
49.882          0.68509
50.401          0.77033
50.921          1.0687
51.441          1.4975
51.960          1.3924
52.480          0.94763
52.999          0.72775
