0.0000          0.69163
0.51960         0.80388
1.0392          1.1483
1.5588          1.5309
2.0784          1.3148
2.5980          0.89168
3.1176          0.71198
3.6372          0.68233
4.1568          0.75292
4.6764          1.0228
5.1960          1.4664
5.7156          1.4351
6.2352          0.98702
6.7548          0.74039
7.2744          0.68095
7.7940          0.72001
8.3136          0.92126
8.8332          1.3584
9.3528          1.5152
9.8724          1.1039
10.392          0.78465
10.912          0.68775
11.431          0.69897
11.951          0.83782
12.470          1.2194
12.990          1.5419
13.510          1.2440
14.029          0.85062
14.549          0.70190
15.068          0.68606
15.588          0.77573
16.108          1.0822
16.627          1.5049
17.147          1.3794
17.666          0.93715
18.186          0.72461
18.706          0.68059
19.225          0.73464
19.745          0.96958
20.264          1.4173
20.784          1.4807
21.304          1.0422
21.823          0.76010
22.343          0.68338
22.862          0.70830
23.382          0.87724
23.902          1.2913
24.421          1.5364
24.941          1.1720
25.460          0.81474
25.980          0.69391
26.500          0.69163
27.019          0.80389
27.539          1.1483
28.059          1.5309
28.578          1.3148
29.098          0.89167
29.617          0.71198
30.137          0.68233
30.657          0.75292
31.176          1.0228
31.696          1.4664
32.215          1.4351
32.735          0.98701
33.255          0.74039
33.774          0.68095
34.294          0.72001
34.813          0.92126
35.333          1.3584
35.853          1.5152
36.372          1.1039
36.892          0.78464
37.411          0.68775
37.931          0.69897
38.451          0.83783
38.970          1.2194
39.490          1.5419
40.009          1.2440
40.529          0.85061
41.049          0.70190
41.568          0.68606
42.088          0.77573
42.607          1.0822
43.127          1.5049
43.647          1.3794
44.166          0.93715
44.686          0.72461
45.205          0.68059
45.725          0.73464
46.245          0.96958
46.764          1.4173
47.284          1.4807
47.803          1.0422
48.323          0.76010
48.843          0.68338
49.362          0.70830
49.882          0.87723
50.401          1.2913
50.921          1.5364
51.441          1.1720
51.960          0.81474
52.480          0.69391
52.999          0.69163
