0.0000          0.75690
0.51960         0.68456
1.0392          0.74079
1.5588          0.99481
2.0784          1.4228
2.5980          1.4011
3.1176          0.97030
3.6372          0.73263
4.1568          0.68547
4.6764          0.76846
5.1960          1.0687
5.7156          1.4680
6.2352          1.3270
6.7548          0.90654
7.2744          0.71375
7.7940          0.69160
8.3136          0.80979
8.8332          1.1619
9.3528          1.4915
9.8724          1.2293
10.392          0.84476
10.912          0.69864
11.431          0.70351
11.951          0.86613
12.470          1.2661
12.990          1.4861
13.510          1.1264
14.029          0.79318
14.549          0.68877
15.068          0.72013
15.588          0.92936
16.108          1.3565
16.627          1.4538
17.147          1.0402
17.666          0.75725
18.186          0.68460
18.706          0.74065
19.225          0.99437
19.745          1.4224
20.264          1.4013
20.784          0.97060
21.304          0.73273
21.823          0.68550
22.343          0.76851
22.862          1.0688
23.382          1.4679
23.902          1.3267
24.421          0.90637
24.941          0.71371
25.460          0.69168
25.980          0.81012
26.500          1.1626
27.019          1.4915
27.539          1.2285
28.059          0.84431
28.578          0.69855
29.098          0.70366
29.617          0.86677
30.137          1.2671
30.657          1.4858
31.176          1.1254
31.696          0.79270
32.215          0.68870
32.735          0.72037
33.255          0.93019
33.774          1.3575
34.294          1.4531
34.813          1.0392
35.333          0.75686
35.853          0.68459
36.372          0.74097
36.892          0.99531
37.411          1.4231
37.931          1.4005
38.451          0.96970
38.970          0.73244
39.490          0.68554
40.009          0.76893
40.529          1.0699
41.049          1.4684
41.568          1.3256
42.088          0.90559
42.607          0.71350
43.127          0.69176
43.647          0.81062
44.166          1.1636
44.686          1.4917
45.205          1.2276
45.725          0.84377
46.245          0.69842
46.764          0.70375
47.284          0.86715
47.803          1.2678
48.323          1.4858
48.843          1.1249
49.362          0.79248
49.882          0.68865
50.401          0.72037
50.921          0.93020
51.441          1.3576
51.960          1.4533
52.480          1.0393
52.999          0.75690
