0.0000          0.70516
0.51960         0.87300
1.0392          1.2772
1.5588          1.4837
2.0784          1.1158
2.5980          0.78843
3.1176          0.68804
3.6372          0.72220
4.1568          0.93645
4.6764          1.3650
5.1960          1.4489
5.7156          1.0318
6.2352          0.75410
6.7548          0.68446
7.2744          0.74326
7.7940          1.0019
8.3136          1.4283
8.8332          1.3943
9.3528          0.96341
9.8724          0.73043
10.392          0.68590
10.912          0.77231
11.431          1.0781
11.951          1.4717
12.470          1.3169
12.990          0.89935
13.510          0.71184
14.029          0.69271
14.549          0.81568
15.068          1.1739
15.588          1.4924
16.108          1.2170
16.627          0.83797
17.147          0.69718
17.666          0.70529
18.186          0.87354
18.706          1.2781
19.225          1.4834
19.745          1.1149
20.264          0.78804
20.784          0.68799
21.304          0.72240
21.823          0.93713
22.343          1.3657
22.862          1.4484
23.382          1.0310
23.902          0.75379
24.421          0.68445
24.941          0.74353
25.460          1.0027
25.980          1.4289
26.500          1.3936
27.019          0.96270
27.539          0.73021
28.059          0.68594
28.578          0.77267
29.098          1.0790
29.617          1.4721
30.137          1.3160
30.657          0.89874
31.176          0.71167
31.696          0.69278
32.215          0.81608
32.735          1.1748
33.255          1.4925
33.774          1.2162
34.294          0.83756
34.813          0.69709
35.333          0.70535
35.853          0.87383
36.372          1.2785
36.892          1.4834
37.411          1.1146
37.931          0.78789
38.451          0.68795
38.970          0.72238
39.490          0.93711
40.009          1.3658
40.529          1.4485
41.049          1.0312
41.568          0.75384
42.088          0.68443
42.607          0.74336
43.127          1.0022
43.647          1.4287
44.166          1.3942
44.686          0.96323
45.205          0.73037
45.725          0.68588
46.245          0.77224
46.764          1.0780
47.284          1.4718
47.803          1.3172
48.323          0.89953
48.843          0.71188
49.362          0.69264
49.882          0.81537
50.401          1.1733
50.921          1.4924
51.441          1.2177
51.960          0.83835
52.480          0.69726
52.999          0.70516
