0.0000          1.3526
0.51960         1.4559
1.0392          1.0440
1.5588          0.75871
2.0784          0.68468
2.5980          0.73945
3.1176          0.99088
3.6372          1.4195
4.1568          1.4046
4.6764          0.97404
5.1960          0.73385
5.7156          0.68531
6.2352          0.76666
6.7548          1.0643
7.2744          1.4659
7.7940          1.3315
8.3136          0.90994
8.8332          0.71468
9.3528          0.69115
9.8724          0.80726
10.392          1.1567
10.912          1.4910
11.431          1.2347
11.951          0.84775
12.470          0.69930
12.990          0.70278
13.510          0.86306
14.029          1.2610
14.549          1.4871
15.068          1.1313
15.588          0.79538
16.108          0.68913
16.627          0.71922
17.147          0.92620
17.666          1.3526
18.186          1.4559
18.706          1.0440
19.225          0.75870
19.745          0.68468
20.264          0.73949
20.784          0.99098
21.304          1.4196
21.823          1.4045
22.343          0.97391
22.862          0.73381
23.382          0.68532
23.902          0.76676
24.421          1.0645
24.941          1.4660
25.460          1.3313
25.980          0.90974
26.500          0.71462
27.019          0.69119
27.539          0.80743
28.059          1.1570
28.578          1.4910
29.098          1.2343
29.617          0.84754
30.137          0.69925
30.657          0.70284
31.176          0.86328
31.696          1.2614
32.215          1.4870
32.735          1.1309
33.255          0.79522
33.774          0.68910
34.294          0.71927
34.813          0.92638
35.333          1.3528
35.853          1.4558
36.372          1.0438
36.892          0.75862
37.411          0.68467
37.931          0.73952
38.451          0.99107
38.970          1.4197
39.490          1.4044
40.009          0.97385
40.529          0.73378
41.049          0.68531
41.568          0.76675
42.088          1.0645
42.607          1.4661
43.127          1.3313
43.647          0.90977
44.166          0.71463
44.686          0.69117
45.205          0.80736
45.725          1.1569
46.245          1.4910
46.764          1.2345
47.284          0.84764
47.803          0.69927
48.323          0.70280
48.843          0.86314
49.362          1.2611
49.882          1.4871
50.401          1.1312
50.921          0.79533
51.441          0.68911
51.960          0.71922
52.480          0.92620
52.999          1.3526
