0.0000          0.84799
0.51960         0.69936
1.0392          0.70276
1.5588          0.86294
2.0784          1.2608
2.5980          1.4870
3.1176          1.1314
3.6372          0.79544
4.1568          0.68914
4.6764          0.71923
5.1960          0.92624
5.7156          1.3526
6.2352          1.4558
6.7548          1.0439
7.2744          0.75867
7.7940          0.68469
8.3136          0.73957
8.8332          0.99120
9.3528          1.4198
9.8724          1.4042
10.392          0.97366
10.912          0.73373
11.431          0.68534
11.951          0.76692
12.470          1.0649
12.990          1.4662
13.510          1.3308
14.029          0.90943
14.549          0.71454
15.068          0.69122
15.588          0.80765
16.108          1.1575
16.627          1.4911
17.147          1.2339
17.666          0.84729
18.186          0.69919
18.706          0.70287
19.225          0.86345
19.745          1.2617
20.264          1.4870
20.784          1.1307
21.304          0.79512
21.823          0.68907
22.343          0.71925
22.862          0.92634
23.382          1.3528
23.902          1.4559
24.421          1.0439
24.941          0.75867
25.460          0.68466
25.980          0.73938
26.500          0.99068
27.019          1.4194
27.539          1.4050
28.059          0.97432
28.578          0.73393
29.098          0.68526
29.617          0.76638
30.137          1.0636
30.657          1.4657
31.176          1.3324
31.696          0.91054
32.215          0.71483
32.735          0.69104
33.255          0.80667
33.774          1.1555
34.294          1.4909
34.813          1.2360
35.333          0.84849
35.853          0.69946
36.372          0.70259
36.892          0.86222
37.411          1.2596
37.931          1.4874
38.451          1.1326
38.970          0.79600
39.490          0.68923
40.009          0.71896
40.529          0.92529
41.049          1.3514
41.568          1.4565
42.088          1.0451
42.607          0.75912
43.127          0.68471
43.647          0.73919
44.166          0.99009
44.686          1.4188
45.205          1.4052
45.725          0.97475
46.245          0.73408
46.764          0.68529
47.284          0.76641
47.803          1.0636
48.323          1.4656
48.843          1.3321
49.362          0.91039
49.882          0.71480
50.401          0.69112
50.921          0.80703
51.441          1.1562
51.960          1.4908
52.480          1.2351
52.999          0.84799
