0.0000          0.68442
0.51960         0.74414
1.0392          1.0044
1.5588          1.4303
2.0784          1.3919
2.5980          0.96107
3.1176          0.72969
3.6372          0.68604
4.1568          0.77354
4.6764          1.0811
5.1960          1.4729
5.7156          1.3138
6.2352          0.89717
6.7548          0.71126
7.2744          0.69302
7.7940          0.81735
8.3136          1.1773
8.8332          1.4927
9.3528          1.2136
9.8724          0.83616
10.392          0.69680
10.912          0.70573
11.431          0.87536
11.951          1.2810
12.470          1.4828
12.990          1.1123
13.510          0.78687
14.029          0.68780
14.549          0.72286
15.068          0.93871
15.588          1.3676
16.108          1.4474
16.627          1.0293
17.147          0.75314
17.666          0.68441
18.186          0.74399
18.706          1.0040
19.225          1.4300
19.745          1.3924
20.264          0.96153
20.784          0.72983
21.304          0.68599
21.823          0.77320
22.343          1.0803
22.862          1.4726
23.382          1.3147
23.902          0.89780
24.421          0.71142
24.941          0.69291
25.460          0.81680
25.980          1.1762
26.500          1.4926
27.019          1.2148
27.539          0.83677
28.059          0.69693
28.578          0.70558
29.098          0.87474
29.617          1.2800
30.137          1.4830
30.657          1.1132
31.176          0.78726
31.696          0.68787
32.215          0.72273
32.735          0.93825
33.255          1.3671
33.774          1.4476
34.294          1.0298
34.813          0.75332
35.333          0.68443
35.853          0.74394
36.372          1.0038
36.892          1.4298
37.411          1.3925
37.931          0.96160
38.451          0.72986
38.970          0.68601
39.490          0.77330
40.009          1.0805
40.529          1.4727
41.049          1.3144
41.568          0.89758
42.088          0.71137
42.607          0.69298
43.127          0.81710
43.647          1.1768
44.166          1.4926
44.686          1.2141
45.205          0.83640
45.725          0.69685
46.245          0.70570
46.764          0.87523
47.284          1.2807
47.803          1.4828
48.323          1.1124
48.843          0.78693
49.362          0.68782
49.882          0.72289
50.401          0.93882
50.921          1.3677
51.441          1.4472
51.960          1.0291
52.480          0.75307
52.999          0.68442
