0.0000          0.73241
0.51960         0.96959
1.0392          1.4004
1.5588          1.4233
2.0784          0.99545
2.5980          0.74102
3.1176          0.68457
3.6372          0.75674
4.1568          1.0389
4.6764          1.4530
5.1960          1.3579
5.7156          0.93049
6.2352          0.72045
6.7548          0.68865
7.2744          0.79240
7.7940          1.1247
8.3136          1.4857
8.8332          1.2679
9.3528          0.86722
9.8724          0.70376
10.392          0.69842
10.912          0.84377
11.431          1.2276
11.951          1.4917
12.470          1.1636
12.990          0.81060
13.510          0.69176
14.029          0.71350
14.549          0.90561
15.068          1.3257
15.588          1.4684
16.108          1.0699
16.627          0.76893
17.147          0.68553
17.666          0.73241
18.186          0.96962
18.706          1.4004
19.225          1.4233
19.745          0.99544
20.264          0.74101
20.784          0.68457
21.304          0.75673
21.823          1.0388
22.343          1.4530
22.862          1.3579
23.382          0.93051
23.902          0.72046
24.421          0.68864
24.941          0.79237
25.460          1.1246
25.980          1.4857
26.500          1.2680
27.019          0.86727
27.539          0.70378
28.059          0.69841
28.578          0.84371
29.098          1.2274
29.617          1.4917
30.137          1.1637
30.657          0.81066
31.176          0.69177
31.696          0.71348
32.215          0.90553
32.735          1.3255
33.255          1.4685
33.774          1.0700
34.294          0.76897
34.813          0.68553
35.333          0.73239
35.853          0.96954
36.372          1.4003
36.892          1.4233
37.411          0.99552
37.931          0.74104
38.451          0.68457
38.970          0.75670
39.490          1.0388
40.009          1.4530
40.529          1.3580
41.049          0.93057
41.568          0.72047
42.088          0.68864
42.607          0.79234
43.127          1.1246
43.647          1.4857
44.166          1.2680
44.686          0.86731
45.205          0.70378
45.725          0.69841
46.245          0.84369
46.764          1.2274
47.284          1.4917
47.803          1.1637
48.323          0.81066
48.843          0.69177
49.362          0.71348
49.882          0.90555
50.401          1.3256
50.921          1.4684
51.441          1.0699
51.960          0.76895
52.480          0.68553
52.999          0.73241
