0.0000          0.68052
0.51960         0.73269
1.0392          0.96347
1.5588          1.4106
2.0784          1.4855
2.5980          1.0493
3.1176          0.76281
3.6372          0.68381
4.1568          0.70705
4.6764          0.87216
5.1960          1.2827
5.7156          1.5380
6.2352          1.1806
6.7548          0.81882
7.2744          0.69479
7.7940          0.69085
8.3136          0.80013
8.8332          1.1398
9.3528          1.5285
9.8724          1.3231
10.392          0.89703
10.912          0.71338
11.431          0.68201
11.951          0.75045
12.470          1.0160
12.990          1.4609
13.510          1.4412
14.029          0.99348
14.549          0.74258
15.068          0.68114
15.588          0.71843
16.108          0.91563
16.627          1.3506
17.147          1.5186
17.666          1.1119
18.186          0.78803
18.706          0.68841
19.225          0.69797
19.745          0.83336
20.264          1.2105
20.784          1.5414
21.304          1.2528
21.823          0.85538
22.343          0.70301
22.862          0.68550
23.382          0.77268
23.902          1.0746
24.421          1.5008
24.941          1.3867
25.460          0.94297
25.980          0.72634
26.500          0.68052
27.019          0.73269
27.539          0.96349
28.059          1.4107
28.578          1.4855
29.098          1.0493
29.617          0.76279
30.137          0.68381
30.657          0.70706
31.176          0.87223
31.696          1.2828
32.215          1.5379
32.735          1.1805
33.255          0.81875
33.774          0.69477
34.294          0.69086
34.813          0.80021
35.333          1.1400
35.853          1.5285
36.372          1.3230
36.892          0.89690
37.411          0.71335
37.931          0.68201
38.451          0.75051
38.970          1.0161
39.490          1.4610
40.009          1.4411
40.529          0.99332
41.049          0.74252
41.568          0.68113
42.088          0.71846
42.607          0.91577
43.127          1.3508
43.647          1.5185
44.166          1.1117
44.686          0.78795
45.205          0.68840
45.725          0.69799
46.245          0.83345
46.764          1.2107
47.284          1.5415
47.803          1.2527
48.323          0.85530
48.843          0.70299
49.362          0.68551
49.882          0.77271
50.401          1.0747
50.921          1.5008
51.441          1.3866
51.960          0.94293
52.480          0.72633
52.999          0.68052
