0.0000          1.4339
0.51960         1.3875
1.0392          0.95673
1.5588          0.72833
2.0784          0.68631
2.5980          0.77589
3.1176          1.0868
3.6372          1.4750
4.1568          1.3079
4.6764          0.89310
5.1960          0.71020
5.7156          0.69366
6.2352          0.82068
6.7548          1.1839
7.2744          1.4929
7.7940          1.2070
8.3136          0.83261
8.8332          0.69606
9.3528          0.70672
9.8724          0.87936
10.392          1.2872
10.912          1.4811
11.431          1.1063
11.951          0.78428
12.470          0.68744
12.990          0.72414
13.510          0.94298
14.029          1.3725
14.549          1.4442
15.068          1.0244
15.588          0.75133
16.108          0.68439
16.627          0.74576
17.147          1.0090
17.666          1.4336
18.186          1.3875
18.706          0.95682
19.225          0.72837
19.745          0.68634
20.264          0.77599
20.784          1.0870
21.304          1.4750
21.823          1.3075
22.343          0.89286
22.862          0.71014
23.382          0.69373
23.902          0.82102
24.421          1.1846
24.941          1.4929
25.460          1.2062
25.980          0.83219
26.500          0.69598
27.019          0.70685
27.539          0.87991
28.059          1.2881
28.578          1.4809
29.098          1.1055
29.617          0.78388
30.137          0.68738
30.657          0.72433
31.176          0.94363
31.696          1.3732
32.215          1.4437
32.735          1.0236
33.255          0.75104
33.774          0.68438
34.294          0.74602
34.813          1.0097
35.333          1.4341
35.853          1.3869
36.372          0.95619
36.892          0.72817
37.411          0.68638
37.931          0.77632
38.451          1.0878
38.970          1.4753
39.490          1.3068
40.009          0.89237
40.529          0.71001
41.049          0.69379
41.568          0.82134
42.088          1.1852
42.607          1.4930
43.127          1.2056
43.647          0.83191
44.166          0.69591
44.686          0.70689
45.205          0.88009
45.725          1.2884
46.245          1.4809
46.764          1.1053
47.284          0.78380
47.803          0.68736
48.323          0.72429
48.843          0.94351
49.362          1.3731
49.882          1.4439
50.401          1.0238
50.921          0.75111
51.441          0.68435
51.960          0.74582
52.480          1.0092
52.999          1.4339
