0.0000          0.69182
0.51960         0.80480
1.0392          1.1503
1.5588          1.5314
2.0784          1.3128
2.5980          0.89040
3.1176          0.71165
3.6372          0.68241
4.1568          0.75352
4.6764          1.0245
5.1960          1.4677
5.7156          1.4336
6.2352          0.98548
6.7548          0.73987
7.2744          0.68091
7.7940          0.72039
8.3136          0.92262
8.8332          1.3603
9.3528          1.5144
9.8724          1.1020
10.392          0.78384
10.912          0.68759
11.431          0.69922
11.951          0.83891
12.470          1.2215
12.990          1.5420
13.510          1.2418
14.029          0.84948
14.549          0.70163
15.068          0.68620
15.588          0.77648
16.108          1.0841
16.627          1.5058
17.147          1.3776
17.666          0.93575
18.186          0.72419
18.706          0.68061
19.225          0.73512
19.745          0.97107
20.264          1.4189
20.784          1.4795
21.304          1.0405
21.823          0.75945
22.343          0.68328
22.862          0.70861
23.382          0.87847
23.902          1.2934
24.421          1.5360
24.941          1.1699
25.460          0.81377
25.980          0.69371
26.500          0.69182
27.019          0.80480
27.539          1.1503
28.059          1.5314
28.578          1.3128
29.098          0.89040
29.617          0.71165
30.137          0.68241
30.657          0.75352
31.176          1.0245
31.696          1.4677
32.215          1.4336
32.735          0.98548
33.255          0.73987
33.774          0.68091
34.294          0.72039
34.813          0.92262
35.333          1.3603
35.853          1.5144
36.372          1.1020
36.892          0.78385
37.411          0.68760
37.931          0.69922
38.451          0.83891
38.970          1.2215
39.490          1.5420
40.009          1.2419
40.529          0.84948
41.049          0.70164
41.568          0.68620
42.088          0.77648
42.607          1.0841
43.127          1.5058
43.647          1.3776
44.166          0.93575
44.686          0.72420
45.205          0.68061
45.725          0.73512
46.245          0.97107
46.764          1.4189
47.284          1.4795
47.803          1.0405
48.323          0.75946
48.843          0.68328
49.362          0.70861
49.882          0.87847
50.401          1.2933
50.921          1.5360
51.441          1.1699
51.960          0.81377
52.480          0.69371
52.999          0.69182
