0.0000          1.0006
0.51960         1.4274
1.0392          1.3955
1.5588          0.96464
2.0784          0.73082
2.5980          0.68581
3.1176          0.77157
3.6372          1.0764
4.1568          1.4711
4.6764          1.3188
5.1960          0.90071
5.7156          0.71219
6.2352          0.69248
6.7548          0.81449
7.2744          1.1715
7.7940          1.4923
8.3136          1.2195
8.8332          0.83932
9.3528          0.69747
9.8724          0.70491
10.392          0.87198
10.912          1.2756
11.431          1.4841
11.951          1.1174
12.470          0.78911
12.990          0.68814
13.510          0.72188
14.029          0.93539
14.549          1.3637
15.068          1.4497
15.588          1.0331
16.108          0.75457
16.627          0.68447
17.147          0.74282
17.666          1.0006
18.186          1.4274
18.706          1.3955
19.225          0.96464
19.745          0.73082
20.264          0.68581
20.784          0.77157
21.304          1.0764
21.823          1.4711
22.343          1.3188
22.862          0.90071
23.382          0.71219
23.902          0.69248
24.421          0.81449
24.941          1.1715
25.460          1.4923
25.980          1.2195
26.500          0.83932
27.019          0.69747
27.539          0.70491
28.059          0.87198
28.578          1.2756
29.098          1.4841
29.617          1.1174
30.137          0.78911
30.657          0.68814
31.176          0.72188
31.696          0.93539
32.215          1.3637
32.735          1.4497
33.255          1.0331
33.774          0.75457
34.294          0.68447
34.813          0.74282
35.333          1.0006
35.853          1.4274
36.372          1.3955
36.892          0.96464
37.411          0.73082
37.931          0.68581
38.451          0.77157
38.970          1.0764
39.490          1.4711
40.009          1.3188
40.529          0.90071
41.049          0.71219
41.568          0.69248
42.088          0.81449
42.607          1.1715
43.127          1.4923
43.647          1.2195
44.166          0.83932
44.686          0.69747
45.205          0.70491
45.725          0.87198
46.245          1.2756
46.764          1.4841
47.284          1.1174
47.803          0.78911
48.323          0.68814
48.843          0.72188
49.362          0.93539
49.882          1.3637
50.401          1.4497
50.921          1.0331
51.441          0.75457
51.960          0.68447
52.480          0.74282
52.999          1.0006
