0.0000          1.0038
0.51960         1.4298
1.0392          1.3925
1.5588          0.96163
2.0784          0.72987
2.5980          0.68600
3.1176          0.77322
3.6372          1.0803
4.1568          1.4726
4.6764          1.3146
5.1960          0.89775
5.7156          0.71141
6.2352          0.69293
6.7548          0.81690
7.2744          1.1764
7.7940          1.4926
8.3136          1.2145
8.8332          0.83664
9.3528          0.69690
9.8724          0.70561
10.392          0.87489
10.912          1.2802
11.431          1.4830
11.951          1.1130
12.470          0.78716
12.990          0.68785
13.510          0.72276
14.029          0.93836
14.549          1.3672
15.068          1.4476
15.588          1.0297
16.108          0.75327
16.627          0.68442
17.147          0.74393
17.666          1.0038
18.186          1.4298
18.706          1.3925
19.225          0.96164
19.745          0.72987
20.264          0.68600
20.784          0.77321
21.304          1.0803
21.823          1.4726
22.343          1.3146
22.862          0.89776
23.382          0.71142
23.902          0.69293
24.421          0.81688
24.941          1.1764
25.460          1.4926
25.980          1.2146
26.500          0.83666
27.019          0.69690
27.539          0.70561
28.059          0.87487
28.578          1.2802
29.098          1.4830
29.617          1.1130
30.137          0.78718
30.657          0.68785
31.176          0.72275
31.696          0.93835
32.215          1.3672
32.735          1.4476
33.255          1.0297
33.774          0.75328
34.294          0.68442
34.813          0.74393
35.333          1.0038
35.853          1.4298
36.372          1.3925
36.892          0.96164
37.411          0.72987
37.931          0.68600
38.451          0.77321
38.970          1.0803
39.490          1.4726
40.009          1.3146
40.529          0.89776
41.049          0.71141
41.568          0.69293
42.088          0.81689
42.607          1.1764
43.127          1.4926
43.647          1.2145
44.166          0.83666
44.686          0.69690
45.205          0.70561
45.725          0.87488
46.245          1.2802
46.764          1.4830
47.284          1.1130
47.803          0.78717
48.323          0.68785
48.843          0.72276
49.362          0.93836
49.882          1.3672
50.401          1.4476
50.921          1.0297
51.441          0.75327
51.960          0.68442
52.480          0.74394
52.999          1.0038
