0.0000          1.0011
0.51960         1.4277
1.0392          1.3951
1.5588          0.96423
2.0784          0.73069
2.5980          0.68584
3.1176          0.77180
3.6372          1.0769
4.1568          1.4713
4.6764          1.3182
5.1960          0.90030
5.7156          0.71208
6.2352          0.69254
6.7548          0.81483
7.2744          1.1722
7.7940          1.4924
8.3136          1.2188
8.8332          0.83894
9.3528          0.69739
9.8724          0.70501
10.392          0.87238
10.912          1.2762
11.431          1.4839
11.951          1.1168
12.470          0.78884
12.990          0.68810
13.510          0.72200
14.029          0.93579
14.549          1.3642
15.068          1.4494
15.588          1.0326
16.108          0.75439
16.627          0.68446
17.147          0.74296
17.666          1.0011
18.186          1.4277
18.706          1.3952
19.225          0.96425
19.745          0.73070
20.264          0.68583
20.784          0.77178
21.304          1.0769
21.823          1.4713
22.343          1.3183
22.862          0.90033
23.382          0.71209
23.902          0.69254
24.421          0.81480
24.941          1.1722
25.460          1.4923
25.980          1.2188
26.500          0.83897
27.019          0.69739
27.539          0.70500
28.059          0.87235
28.578          1.2762
29.098          1.4839
29.617          1.1168
30.137          0.78886
30.657          0.68810
31.176          0.72199
31.696          0.93576
32.215          1.3642
32.735          1.4494
33.255          1.0327
33.774          0.75440
34.294          0.68446
34.813          0.74296
35.333          1.0011
35.853          1.4277
36.372          1.3952
36.892          0.96426
37.411          0.73070
37.931          0.68584
38.451          0.77178
38.970          1.0769
39.490          1.4713
40.009          1.3183
40.529          0.90033
41.049          0.71209
41.568          0.69254
42.088          0.81481
42.607          1.1722
43.127          1.4923
43.647          1.2188
44.166          0.83896
44.686          0.69739
45.205          0.70500
45.725          0.87237
46.245          1.2762
46.764          1.4839
47.284          1.1168
47.803          0.78885
48.323          0.68810
48.843          0.72200
49.362          0.93579
49.882          1.3642
50.401          1.4494
50.921          1.0326
51.441          0.75439
51.960          0.68446
52.480          0.74297
52.999          1.0011
