0.0000          1.0045
0.51960         1.4303
1.0392          1.3919
1.5588          0.96102
2.0784          0.72968
2.5980          0.68604
3.1176          0.77356
3.6372          1.0812
4.1568          1.4729
4.6764          1.3138
5.1960          0.89714
5.7156          0.71125
6.2352          0.69303
6.7548          0.81739
7.2744          1.1774
7.7940          1.4927
8.3136          1.2135
8.8332          0.83610
9.3528          0.69679
9.8724          0.70576
10.392          0.87549
10.912          1.2812
11.431          1.4827
11.951          1.1121
12.470          0.78677
12.990          0.68779
13.510          0.72294
14.029          0.93898
14.549          1.3679
15.068          1.4471
15.588          1.0289
16.108          0.75301
16.627          0.68441
17.147          0.74417
17.666          1.0045
18.186          1.4303
18.706          1.3919
19.225          0.96101
19.745          0.72967
20.264          0.68604
20.784          0.77356
21.304          1.0812
21.823          1.4729
22.343          1.3138
22.862          0.89714
23.382          0.71125
23.902          0.69303
24.421          0.81739
24.941          1.1774
25.460          1.4927
25.980          1.2135
26.500          0.83610
27.019          0.69679
27.539          0.70576
28.059          0.87548
28.578          1.2811
29.098          1.4827
29.617          1.1121
30.137          0.78677
30.657          0.68779
31.176          0.72294
31.696          0.93897
32.215          1.3679
32.735          1.4471
33.255          1.0290
33.774          0.75301
34.294          0.68441
34.813          0.74416
35.333          1.0045
35.853          1.4303
36.372          1.3919
36.892          0.96103
37.411          0.72968
37.931          0.68604
38.451          0.77355
38.970          1.0811
39.490          1.4729
40.009          1.3138
40.529          0.89716
41.049          0.71126
41.568          0.69303
42.088          0.81737
42.607          1.1774
43.127          1.4927
43.647          1.2136
44.166          0.83612
44.686          0.69679
45.205          0.70575
45.725          0.87546
46.245          1.2811
46.764          1.4827
47.284          1.1121
47.803          0.78678
48.323          0.68779
48.843          0.72293
49.362          0.93896
49.882          1.3679
50.401          1.4471
50.921          1.0290
51.441          0.75302
51.960          0.68442
52.480          0.74416
52.999          1.0045
