0.0000          0.98474
0.51960         1.4143
1.0392          1.4101
1.5588          0.98006
2.0784          0.73583
2.5980          0.68504
3.1176          0.76371
3.6372          1.0568
4.1568          1.4625
4.6764          1.3393
5.1960          0.91576
5.7156          0.71628
6.2352          0.69038
6.7548          0.80287
7.2744          1.1474
7.7940          1.4898
8.3136          1.2442
8.8332          0.85318
9.3528          0.70051
9.8724          0.70149
10.392          0.85750
10.912          1.2516
11.431          1.4887
11.951          1.1403
12.470          0.79952
12.990          0.68981
13.510          0.71755
14.029          0.92033
14.549          1.3452
15.068          1.4597
15.588          1.0512
16.108          0.76148
16.627          0.68487
17.147          0.73740
17.666          0.98478
18.186          1.4143
18.706          1.4101
19.225          0.98002
19.745          0.73581
20.264          0.68505
20.784          0.76373
21.304          1.0569
21.823          1.4625
22.343          1.3392
22.862          0.91573
23.382          0.71627
23.902          0.69038
24.421          0.80288
24.941          1.1475
25.460          1.4898
25.980          1.2442
26.500          0.85317
27.019          0.70051
27.539          0.70149
28.059          0.85750
28.578          1.2516
29.098          1.4887
29.617          1.1403
30.137          0.79952
30.657          0.68981
31.176          0.71755
31.696          0.92032
32.215          1.3452
32.735          1.4597
33.255          1.0512
33.774          0.76149
34.294          0.68487
34.813          0.73739
35.333          0.98475
35.853          1.4143
36.372          1.4101
36.892          0.98006
37.411          0.73582
37.931          0.68504
38.451          0.76370
38.970          1.0568
39.490          1.4625
40.009          1.3393
40.529          0.91579
41.049          0.71628
41.568          0.69038
42.088          0.80284
42.607          1.1474
43.127          1.4898
43.647          1.2443
44.166          0.85322
44.686          0.70052
45.205          0.70148
45.725          0.85745
46.245          1.2516
46.764          1.4887
47.284          1.1404
47.803          0.79956
48.323          0.68982
48.843          0.71754
49.362          0.92028
49.882          1.3451
50.401          1.4597
50.921          1.0512
51.441          0.76150
51.960          0.68487
52.480          0.73738
52.999          0.98474
