0.0000          1.0048
0.51960         1.4306
1.0392          1.3916
1.5588          0.96073
2.0784          0.72958
2.5980          0.68606
3.1176          0.77372
3.6372          1.0816
4.1568          1.4731
4.6764          1.3133
5.1960          0.89685
5.7156          0.71118
6.2352          0.69307
6.7548          0.81763
7.2744          1.1779
7.7940          1.4927
8.3136          1.2130
8.8332          0.83585
9.3528          0.69673
9.8724          0.70583
10.392          0.87575
10.912          1.2816
11.431          1.4826
11.951          1.1117
12.470          0.78659
12.990          0.68776
13.510          0.72301
14.029          0.93923
14.549          1.3682
15.068          1.4470
15.588          1.0287
16.108          0.75290
16.627          0.68441
17.147          0.74425
17.666          1.0047
18.186          1.4305
18.706          1.3917
19.225          0.96080
19.745          0.72961
20.264          0.68605
20.784          0.77367
21.304          1.0814
21.823          1.4730
22.343          1.3135
22.862          0.89696
23.382          0.71120
23.902          0.69306
24.421          0.81754
24.941          1.1777
25.460          1.4927
25.980          1.2132
26.500          0.83595
27.019          0.69675
27.539          0.70580
28.059          0.87565
28.578          1.2814
29.098          1.4827
29.617          1.1118
30.137          0.78666
30.657          0.68778
31.176          0.72299
31.696          0.93915
32.215          1.3681
32.735          1.4470
33.255          1.0287
33.774          0.75293
34.294          0.68441
34.813          0.74424
35.333          1.0047
35.853          1.4305
36.372          1.3917
36.892          0.96082
37.411          0.72961
37.931          0.68605
38.451          0.77368
38.970          1.0814
39.490          1.4730
40.009          1.3134
40.529          0.89693
41.049          0.71120
41.568          0.69306
42.088          0.81758
42.607          1.1778
43.127          1.4927
43.647          1.2131
44.166          0.83590
44.686          0.69674
45.205          0.70582
45.725          0.87572
46.245          1.2815
46.764          1.4826
47.284          1.1117
47.803          0.78661
48.323          0.68777
48.843          0.72302
49.362          0.93924
49.882          1.3682
50.401          1.4469
50.921          1.0286
51.441          0.75290
51.960          0.68441
52.480          0.74427
52.999          1.0048
