0.0000          1.0065
0.51960         1.4318
1.0392          1.3900
1.5588          0.95914
2.0784          0.72909
2.5980          0.68616
3.1176          0.77461
3.6372          1.0837
4.1568          1.4739
4.6764          1.3111
5.1960          0.89528
5.7156          0.71076
6.2352          0.69333
6.7548          0.81894
7.2744          1.1805
7.7940          1.4928
8.3136          1.2104
8.8332          0.83443
9.3528          0.69644
9.8724          0.70622
10.392          0.87734
10.912          1.2841
11.431          1.4820
11.951          1.1093
12.470          0.78555
12.990          0.68761
13.510          0.72351
14.029          0.94089
14.549          1.3701
15.068          1.4457
15.588          1.0268
16.108          0.75220
16.627          0.68439
17.147          0.74489
17.666          1.0066
18.186          1.4319
18.706          1.3899
19.225          0.95909
19.745          0.72907
20.264          0.68616
20.784          0.77463
21.304          1.0837
21.823          1.4739
22.343          1.3111
22.862          0.89526
23.382          0.71076
23.902          0.69332
24.421          0.81893
24.941          1.1805
25.460          1.4928
25.980          1.2104
26.500          0.83444
27.019          0.69644
27.539          0.70621
28.059          0.87731
28.578          1.2840
29.098          1.4820
29.617          1.1093
30.137          0.78557
30.657          0.68762
31.176          0.72349
31.696          0.94082
32.215          1.3701
32.735          1.4458
33.255          1.0268
33.774          0.75223
34.294          0.68439
34.813          0.74486
35.333          1.0065
35.853          1.4318
36.372          1.3900
36.892          0.95918
37.411          0.72910
37.931          0.68616
38.451          0.77457
38.970          1.0836
39.490          1.4738
40.009          1.3112
40.529          0.89536
41.049          0.71078
41.568          0.69331
42.088          0.81886
42.607          1.1803
43.127          1.4928
43.647          1.2106
44.166          0.83452
44.686          0.69645
45.205          0.70619
45.725          0.87724
46.245          1.2839
46.764          1.4820
47.284          1.1094
47.803          0.78561
48.323          0.68762
48.843          0.72348
49.362          0.94079
49.882          1.3700
50.401          1.4458
50.921          1.0269
51.441          0.75224
51.960          0.68439
52.480          0.74487
52.999          1.0065
