0.0000          1.0052
0.51960         1.4308
1.0392          1.3913
1.5588          0.96041
2.0784          0.72948
2.5980          0.68608
3.1176          0.77389
3.6372          1.0820
4.1568          1.4732
4.6764          1.3129
5.1960          0.89655
5.7156          0.71110
6.2352          0.69312
6.7548          0.81788
7.2744          1.1784
7.7940          1.4927
8.3136          1.2125
8.8332          0.83557
9.3528          0.69667
9.8724          0.70591
10.392          0.87609
10.912          1.2821
11.431          1.4825
11.951          1.1112
12.470          0.78637
12.990          0.68773
13.510          0.72313
14.029          0.93962
14.549          1.3687
15.068          1.4467
15.588          1.0282
16.108          0.75273
16.627          0.68441
17.147          0.74442
17.666          1.0052
18.186          1.4309
18.706          1.3912
19.225          0.96033
19.745          0.72946
20.264          0.68608
20.784          0.77395
21.304          1.0821
21.823          1.4733
22.343          1.3128
22.862          0.89645
23.382          0.71107
23.902          0.69314
24.421          0.81797
24.941          1.1785
25.460          1.4927
25.980          1.2123
26.500          0.83547
27.019          0.69665
27.539          0.70593
28.059          0.87618
28.578          1.2822
29.098          1.4825
29.617          1.1110
30.137          0.78631
30.657          0.68772
31.176          0.72315
31.696          0.93968
32.215          1.3687
32.735          1.4466
33.255          1.0281
33.774          0.75271
34.294          0.68440
34.813          0.74442
35.333          1.0052
35.853          1.4309
36.372          1.3912
36.892          0.96034
37.411          0.72946
37.931          0.68608
38.451          0.77392
38.970          1.0820
39.490          1.4733
40.009          1.3128
40.529          0.89650
41.049          0.71108
41.568          0.69313
42.088          0.81791
42.607          1.1784
43.127          1.4927
43.647          1.2125
44.166          0.83555
44.686          0.69667
45.205          0.70591
45.725          0.87609
46.245          1.2821
46.764          1.4825
47.284          1.1112
47.803          0.78637
48.323          0.68773
48.843          0.72312
49.362          0.93958
49.882          1.3686
50.401          1.4467
50.921          1.0283
51.441          0.75275
51.960          0.68441
52.480          0.74439
52.999          1.0052
