0.0000          0.97140
0.51960         1.4021
1.0392          1.4218
1.5588          0.99359
2.0784          0.74038
2.5980          0.68461
3.1176          0.75753
3.6372          1.0409
4.1568          1.4542
4.6764          1.3557
5.1960          0.92876
5.7156          0.71995
6.2352          0.68883
6.7548          0.79357
7.2744          1.1273
7.7940          1.4863
8.3136          1.2652
8.8332          0.86557
9.3528          0.70338
9.8724          0.69876
10.392          0.84532
10.912          1.2304
11.431          1.4914
11.951          1.1609
12.470          0.80929
12.990          0.69152
13.510          0.71396
14.029          0.90729
14.549          1.3280
15.068          1.4675
15.588          1.0677
16.108          0.76804
16.627          0.68544
17.147          0.73297
17.666          0.97134
18.186          1.4021
18.706          1.4218
19.225          0.99365
19.745          0.74040
20.264          0.68461
20.784          0.75751
21.304          1.0409
21.823          1.4542
22.343          1.3558
22.862          0.92881
23.382          0.71997
23.902          0.68883
24.421          0.79354
24.941          1.1272
25.460          1.4863
25.980          1.2652
26.500          0.86561
27.019          0.70338
27.539          0.69876
28.059          0.84530
28.578          1.2303
29.098          1.4914
29.617          1.1609
30.137          0.80930
30.657          0.69152
31.176          0.71396
31.696          0.90729
32.215          1.3279
32.735          1.4674
33.255          1.0677
33.774          0.76804
34.294          0.68544
34.813          0.73298
35.333          0.97137
35.853          1.4021
36.372          1.4218
36.892          0.99361
37.411          0.74039
37.931          0.68461
38.451          0.75754
38.970          1.0409
39.490          1.4542
40.009          1.3557
40.529          0.92874
41.049          0.71995
41.568          0.68884
42.088          0.79360
42.607          1.1274
43.127          1.4863
43.647          1.2651
44.166          0.86553
44.686          0.70336
45.205          0.69877
45.725          0.84537
46.245          1.2304
46.764          1.4914
47.284          1.1608
47.803          0.80924
48.323          0.69151
48.843          0.71397
49.362          0.90735
49.882          1.3280
50.401          1.4674
50.921          1.0676
51.441          0.76801
51.960          0.68544
52.480          0.73299
52.999          0.97140
