0.0000          0.98658
0.51960         1.4159
1.0392          1.4085
1.5588          0.97825
2.0784          0.73523
2.5980          0.68512
3.1176          0.76459
3.6372          1.0591
4.1568          1.4635
4.6764          1.3370
5.1960          0.91402
5.7156          0.71579
6.2352          0.69061
6.7548          0.80417
7.2744          1.1502
7.7940          1.4902
8.3136          1.2414
8.8332          0.85155
9.3528          0.70014
9.8724          0.70187
10.392          0.85915
10.912          1.2544
11.431          1.4882
11.951          1.1376
12.470          0.79827
12.990          0.68960
13.510          0.71804
14.029          0.92207
14.549          1.3474
15.068          1.4586
15.588          1.0490
16.108          0.76065
16.627          0.68481
17.147          0.73801
17.666          0.98660
18.186          1.4159
18.706          1.4085
19.225          0.97822
19.745          0.73522
20.264          0.68512
20.784          0.76460
21.304          1.0591
21.823          1.4636
22.343          1.3369
22.862          0.91398
23.382          0.71578
23.902          0.69061
24.421          0.80420
24.941          1.1502
25.460          1.4902
25.980          1.2413
26.500          0.85151
27.019          0.70014
27.539          0.70188
28.059          0.85919
28.578          1.2545
29.098          1.4882
29.617          1.1375
30.137          0.79825
30.657          0.68960
31.176          0.71805
31.696          0.92210
32.215          1.3474
32.735          1.4585
33.255          1.0490
33.774          0.76063
34.294          0.68481
34.813          0.73801
35.333          0.98661
35.853          1.4159
36.372          1.4085
36.892          0.97821
37.411          0.73521
37.931          0.68512
38.451          0.76460
38.970          1.0591
39.490          1.4636
40.009          1.3370
40.529          0.91399
41.049          0.71579
41.568          0.69061
42.088          0.80418
42.607          1.1502
43.127          1.4902
43.647          1.2413
44.166          0.85154
44.686          0.70014
45.205          0.70187
45.725          0.85915
46.245          1.2544
46.764          1.4882
47.284          1.1376
47.803          0.79827
48.323          0.68960
48.843          0.71804
49.362          0.92206
49.882          1.3474
50.401          1.4586
50.921          1.0490
51.441          0.76065
51.960          0.68481
52.480          0.73800
52.999          0.98658
