0.0000          1.0080
0.51960         1.4329
1.0392          1.3885
1.5588          0.95775
2.0784          0.72865
2.5980          0.68626
3.1176          0.77540
3.6372          1.0856
4.1568          1.4746
4.6764          1.3091
5.1960          0.89390
5.7156          0.71041
6.2352          0.69355
6.7548          0.82009
7.2744          1.1828
7.7940          1.4929
8.3136          1.2081
8.8332          0.83319
9.3528          0.69618
9.8724          0.70656
10.392          0.87872
10.912          1.2862
11.431          1.4814
11.951          1.1072
12.470          0.78465
12.990          0.68749
13.510          0.72393
14.029          0.94231
14.549          1.3717
15.068          1.4447
15.588          1.0251
16.108          0.75159
16.627          0.68438
17.147          0.74545
17.666          1.0081
18.186          1.4330
18.706          1.3884
19.225          0.95763
19.745          0.72861
20.264          0.68626
20.784          0.77546
21.304          1.0857
21.823          1.4746
22.343          1.3089
22.862          0.89381
23.382          0.71038
23.902          0.69356
24.421          0.82014
24.941          1.1829
25.460          1.4929
25.980          1.2080
26.500          0.83315
27.019          0.69617
27.539          0.70656
28.059          0.87875
28.578          1.2863
29.098          1.4814
29.617          1.1072
30.137          0.78464
30.657          0.68748
31.176          0.72392
31.696          0.94228
32.215          1.3717
32.735          1.4448
33.255          1.0252
33.774          0.75161
34.294          0.68437
34.813          0.74541
35.333          1.0080
35.853          1.4330
36.372          1.3885
36.892          0.95775
37.411          0.72865
37.931          0.68625
38.451          0.77537
38.970          1.0855
39.490          1.4745
40.009          1.3092
40.529          0.89396
41.049          0.71042
41.568          0.69353
42.088          0.82001
42.607          1.1826
43.127          1.4929
43.647          1.2083
44.166          0.83329
44.686          0.69620
45.205          0.70653
45.725          0.87860
46.245          1.2860
46.764          1.4815
47.284          1.1074
47.803          0.78473
48.323          0.68750
48.843          0.72389
49.362          0.94218
49.882          1.3716
50.401          1.4448
50.921          1.0253
51.441          0.75165
51.960          0.68438
52.480          0.74540
52.999          1.0080
