0.0000          1.0191
0.51960         1.4408
1.0392          1.3777
1.5588          0.94764
2.0784          0.72554
2.5980          0.68702
3.1176          0.78134
3.6372          1.0996
4.1568          1.4792
4.6764          1.2943
5.1960          0.88397
5.7156          0.70787
6.2352          0.69522
6.7548          0.82853
7.2744          1.1992
7.7940          1.4931
8.3136          1.1916
8.8332          0.82457
9.3528          0.69443
9.8724          0.70903
10.392          0.88854
10.912          1.3012
11.431          1.4772
11.951          1.0931
12.470          0.77856
12.990          0.68665
13.510          0.72695
14.029          0.95225
14.549          1.3827
15.068          1.4373
15.588          1.0140
16.108          0.74755
16.627          0.68434
17.147          0.74936
17.666          1.0190
18.186          1.4407
18.706          1.3778
19.225          0.94773
19.745          0.72557
20.264          0.68701
20.784          0.78127
21.304          1.0994
21.823          1.4792
22.343          1.2945
22.862          0.88409
23.382          0.70790
23.902          0.69520
24.421          0.82842
24.941          1.1990
25.460          1.4931
25.980          1.1918
26.500          0.82468
27.019          0.69445
27.539          0.70900
28.059          0.88844
28.578          1.3010
29.098          1.4772
29.617          1.0932
30.137          0.77862
30.657          0.68666
31.176          0.72693
31.696          0.95219
32.215          1.3827
32.735          1.4373
33.255          1.0141
33.774          0.74757
34.294          0.68435
34.813          0.74936
35.333          1.0190
35.853          1.4407
36.372          1.3778
36.892          0.94773
37.411          0.72557
37.931          0.68702
38.451          0.78130
38.970          1.0995
39.490          1.4792
40.009          1.2944
40.529          0.88403
41.049          0.70788
41.568          0.69522
42.088          0.82849
42.607          1.1991
43.127          1.4931
43.647          1.1916
44.166          0.82460
44.686          0.69444
45.205          0.70902
45.725          0.88853
46.245          1.3012
46.764          1.4771
47.284          1.0931
47.803          0.77856
48.323          0.68665
48.843          0.72696
49.362          0.95229
49.882          1.3828
50.401          1.4372
50.921          1.0140
51.441          0.74753
51.960          0.68435
52.480          0.74940
52.999          1.0191
