0.0000          0.97979
0.51960         1.4099
1.0392          1.4145
1.5588          0.98501
2.0784          0.73747
2.5980          0.68486
3.1176          0.76137
3.6372          1.0509
4.1568          1.4595
4.6764          1.3455
5.1960          0.92055
5.7156          0.71762
6.2352          0.68978
6.7548          0.79936
7.2744          1.1399
7.7940          1.4886
8.3136          1.2520
8.8332          0.85771
9.3528          0.70154
9.8724          0.70046
10.392          0.85296
10.912          1.2438
11.431          1.4898
11.951          1.1478
12.470          0.80304
12.990          0.69041
13.510          0.71621
14.029          0.91552
14.549          1.3390
15.068          1.4626
15.588          1.0572
16.108          0.76384
16.627          0.68505
17.147          0.73574
17.666          0.97979
18.186          1.4099
18.706          1.4145
19.225          0.98502
19.745          0.73747
20.264          0.68486
20.784          0.76137
21.304          1.0509
21.823          1.4595
22.343          1.3455
22.862          0.92056
23.382          0.71762
23.902          0.68978
24.421          0.79935
24.941          1.1399
25.460          1.4886
25.980          1.2520
26.500          0.85773
27.019          0.70155
27.539          0.70046
28.059          0.85295
28.578          1.2438
29.098          1.4898
29.617          1.1478
30.137          0.80306
30.657          0.69041
31.176          0.71621
31.696          0.91550
32.215          1.3389
32.735          1.4626
33.255          1.0572
33.774          0.76384
34.294          0.68505
34.813          0.73573
35.333          0.97978
35.853          1.4099
36.372          1.4145
36.892          0.98503
37.411          0.73748
37.931          0.68486
38.451          0.76137
38.970          1.0509
39.490          1.4595
40.009          1.3455
40.529          0.92057
41.049          0.71762
41.568          0.68978
42.088          0.79935
42.607          1.1399
43.127          1.4886
43.647          1.2520
44.166          0.85773
44.686          0.70155
45.205          0.70046
45.725          0.85295
46.245          1.2438
46.764          1.4898
47.284          1.1478
47.803          0.80305
48.323          0.69041
48.843          0.71621
49.362          0.91551
49.882          1.3390
50.401          1.4626
50.921          1.0572
51.441          0.76384
51.960          0.68505
52.480          0.73574
52.999          0.97979
