0.0000          1.0060
0.51960         1.4315
1.0392          1.3905
1.5588          0.95959
2.0784          0.72923
2.5980          0.68612
3.1176          0.77432
3.6372          1.0830
4.1568          1.4736
4.6764          1.3118
5.1960          0.89581
5.7156          0.71090
6.2352          0.69323
6.7548          0.81847
7.2744          1.1795
7.7940          1.4928
8.3136          1.2114
8.8332          0.83494
9.3528          0.69654
9.8724          0.70607
10.392          0.87675
10.912          1.2831
11.431          1.4822
11.951          1.1102
12.470          0.78594
12.990          0.68767
13.510          0.72333
14.029          0.94028
14.549          1.3694
15.068          1.4462
15.588          1.0275
16.108          0.75246
16.627          0.68440
17.147          0.74467
17.666          1.0059
18.186          1.4314
18.706          1.3905
19.225          0.95968
19.745          0.72925
20.264          0.68613
20.784          0.77432
21.304          1.0830
21.823          1.4736
22.343          1.3118
22.862          0.89579
23.382          0.71090
23.902          0.69325
24.421          0.81852
24.941          1.1796
25.460          1.4928
25.980          1.2112
26.500          0.83487
27.019          0.69653
27.539          0.70610
28.059          0.87687
28.578          1.2833
29.098          1.4822
29.617          1.1100
30.137          0.78585
30.657          0.68766
31.176          0.72338
31.696          0.94045
32.215          1.3696
32.735          1.4460
33.255          1.0272
33.774          0.75238
34.294          0.68440
34.813          0.74475
35.333          1.0062
35.853          1.4316
36.372          1.3903
36.892          0.95947
37.411          0.72919
37.931          0.68614
38.451          0.77443
38.970          1.0833
39.490          1.4737
40.009          1.3115
40.529          0.89560
41.049          0.71085
41.568          0.69327
42.088          0.81866
42.607          1.1799
43.127          1.4928
43.647          1.2110
44.166          0.83473
44.686          0.69650
45.205          0.70613
45.725          0.87699
46.245          1.2835
46.764          1.4822
47.284          1.1098
47.803          0.78579
48.323          0.68765
48.843          0.72338
49.362          0.94047
49.882          1.3697
50.401          1.4461
50.921          1.0272
51.441          0.75238
51.960          0.68439
52.480          0.74471
52.999          1.0060
