0.0000          1.0554
0.51960         1.4618
1.0392          1.3408
1.5588          0.91695
2.0784          0.71661
2.5980          0.69023
3.1176          0.80198
3.6372          1.1455
4.1568          1.4895
4.6764          1.2462
5.1960          0.85431
5.7156          0.70077
6.2352          0.70123
6.7548          0.85636
7.2744          1.2497
7.7940          1.4890
8.3136          1.1421
8.8332          0.80039
9.3528          0.68996
9.8724          0.71722
10.392          0.91915
10.912          1.3437
11.431          1.4604
11.951          1.0526
12.470          0.76205
12.990          0.68491
13.510          0.73700
14.029          0.98361
14.549          1.4133
15.068          1.4111
15.588          0.98118
16.108          0.73620
16.627          0.68500
17.147          0.76320
17.666          1.0555
18.186          1.4618
18.706          1.3406
19.225          0.91680
19.745          0.71657
20.264          0.69025
20.784          0.80212
21.304          1.1458
21.823          1.4895
22.343          1.2459
22.862          0.85414
23.382          0.70073
23.902          0.70128
24.421          0.85654
24.941          1.2500
25.460          1.4889
25.980          1.1418
26.500          0.80025
27.019          0.68993
27.539          0.71727
28.059          0.91932
28.578          1.3439
29.098          1.4603
29.617          1.0524
30.137          0.76197
30.657          0.68490
31.176          0.73704
31.696          0.98372
32.215          1.4134
32.735          1.4111
33.255          0.98108
33.774          0.73616
34.294          0.68500
34.813          0.76321
35.333          1.0556
35.853          1.4619
36.372          1.3406
36.892          0.91679
37.411          0.71656
37.931          0.69025
38.451          0.80209
38.970          1.1458
39.490          1.4896
40.009          1.2459
40.529          0.85418
41.049          0.70074
41.568          0.70126
42.088          0.85646
42.607          1.2499
43.127          1.4890
43.647          1.1420
44.166          0.80032
44.686          0.68994
45.205          0.71724
45.725          0.91920
46.245          1.3438
46.764          1.4604
47.284          1.0526
47.803          0.76203
48.323          0.68491
48.843          0.73699
49.362          0.98356
49.882          1.4133
50.401          1.4112
50.921          0.98125
51.441          0.73622
51.960          0.68499
52.480          0.76313
52.999          1.0554
