0.0000          1.0608
0.51960         1.4644
1.0392          1.3352
1.5588          0.91264
2.0784          0.71542
2.5980          0.69078
3.1176          0.80518
3.6372          1.1523
4.1568          1.4904
4.6764          1.2392
5.1960          0.85029
5.7156          0.69986
6.2352          0.70217
6.7548          0.86042
7.2744          1.2566
7.7940          1.4879
8.3136          1.1355
8.8332          0.79732
9.3528          0.68944
9.8724          0.71842
10.392          0.92340
10.912          1.3491
11.431          1.4577
11.951          1.0474
12.470          0.76002
12.990          0.68477
13.510          0.73848
14.029          0.98800
14.549          1.4171
15.068          1.4072
15.588          0.97683
16.108          0.73476
16.627          0.68518
17.147          0.76529
17.666          1.0608
18.186          1.4644
18.706          1.3351
19.225          0.91261
19.745          0.71541
20.264          0.69080
20.784          0.80524
21.304          1.1524
21.823          1.4904
22.343          1.2390
22.862          0.85021
23.382          0.69985
23.902          0.70219
24.421          0.86053
24.941          1.2568
25.460          1.4878
25.980          1.1353
26.500          0.79724
27.019          0.68943
27.539          0.71846
28.059          0.92353
28.578          1.3493
29.098          1.4576
29.617          1.0472
30.137          0.75995
30.657          0.68476
31.176          0.73853
31.696          0.98815
32.215          1.4172
32.735          1.4071
33.255          0.97670
33.774          0.73472
34.294          0.68519
34.813          0.76535
35.333          1.0610
35.853          1.4644
36.372          1.3350
36.892          0.91250
37.411          0.71538
37.931          0.69081
38.451          0.80531
38.970          1.1526
39.490          1.4905
40.009          1.2389
40.529          0.85014
41.049          0.69983
41.568          0.70220
42.088          0.86058
42.607          1.2568
43.127          1.4878
43.647          1.1353
44.166          0.79721
44.686          0.68942
45.205          0.71846
45.725          0.92353
46.245          1.3493
46.764          1.4576
47.284          1.0473
47.803          0.75996
48.323          0.68476
48.843          0.73850
49.362          0.98807
49.882          1.4172
50.401          1.4072
50.921          0.97679
51.441          0.73475
51.960          0.68518
52.480          0.76528
52.999          1.0608
