0.0000          1.1991
0.51960         1.4931
1.0392          1.1917
1.5588          0.82463
2.0784          0.69444
2.5980          0.70902
3.1176          0.88851
3.6372          1.3011
4.1568          1.4772
4.6764          1.0931
5.1960          0.77857
5.7156          0.68666
6.2352          0.72695
6.7548          0.95225
7.2744          1.3827
7.7940          1.4373
8.3136          1.0140
8.8332          0.74755
9.3528          0.68435
9.8724          0.74937
10.392          1.0190
10.912          1.4407
11.431          1.3778
11.951          0.94771
12.470          0.72556
12.990          0.68701
13.510          0.78128
14.029          1.0995
14.549          1.4792
15.068          1.2945
15.588          0.88407
16.108          0.70789
16.627          0.69520
17.147          0.82843
17.666          1.1990
18.186          1.4931
18.706          1.1918
19.225          0.82468
19.745          0.69445
20.264          0.70899
20.784          0.88841
21.304          1.3010
21.823          1.4772
22.343          1.0933
22.862          0.77864
23.382          0.68666
23.902          0.72690
24.421          0.95210
24.941          1.3826
25.460          1.4374
25.980          1.0142
26.500          0.74761
27.019          0.68434
27.539          0.74929
28.059          1.0188
28.578          1.4406
29.098          1.3780
29.617          0.94790
30.137          0.72562
30.657          0.68700
31.176          0.78117
31.696          1.0992
32.215          1.4791
32.735          1.2947
33.255          0.88426
33.774          0.70794
34.294          0.69517
34.813          0.82829
35.333          1.1987
35.853          1.4931
36.372          1.1920
36.892          0.82481
37.411          0.69448
37.931          0.70896
38.451          0.88829
38.970          1.3008
39.490          1.4772
40.009          1.0934
40.529          0.77870
41.049          0.68667
41.568          0.72689
42.088          0.95207
42.607          1.3825
43.127          1.4374
43.647          1.0142
44.166          0.74761
44.686          0.68435
45.205          0.74933
45.725          1.0189
46.245          1.4406
46.764          1.3779
47.284          0.94779
47.803          0.72558
48.323          0.68702
48.843          0.78127
49.362          1.0994
49.882          1.4792
50.401          1.2944
50.921          0.88407
51.441          0.70789
51.960          0.69521
52.480          0.82847
52.999          1.1991
