0.0000          1.0617
0.51960         1.4648
1.0392          1.3342
1.5588          0.91189
2.0784          0.71521
2.5980          0.69089
3.1176          0.80576
3.6372          1.1535
4.1568          1.4906
4.6764          1.2379
5.1960          0.84957
5.7156          0.69970
6.2352          0.70234
6.7548          0.86117
7.2744          1.2578
7.7940          1.4877
8.3136          1.1343
8.8332          0.79677
9.3528          0.68935
9.8724          0.71864
10.392          0.92418
10.912          1.3501
11.431          1.4572
11.951          1.0465
12.470          0.75965
12.990          0.68474
13.510          0.73874
14.029          0.98878
14.549          1.4178
15.068          1.4065
15.588          0.97608
16.108          0.73451
16.627          0.68521
17.147          0.76565
17.666          1.0617
18.186          1.4648
18.706          1.3342
19.225          0.91191
19.745          0.71521
20.264          0.69089
20.784          0.80575
21.304          1.1535
21.823          1.4906
22.343          1.2379
22.862          0.84959
23.382          0.69971
23.902          0.70234
24.421          0.86115
24.941          1.2578
25.460          1.4877
25.980          1.1343
26.500          0.79678
27.019          0.68935
27.539          0.71864
28.059          0.92416
28.578          1.3500
29.098          1.4572
29.617          1.0465
30.137          0.75966
30.657          0.68474
31.176          0.73874
31.696          0.98877
32.215          1.4178
32.735          1.4065
33.255          0.97608
33.774          0.73451
34.294          0.68521
34.813          0.76565
35.333          1.0617
35.853          1.4648
36.372          1.3342
36.892          0.91191
37.411          0.71521
37.931          0.69089
38.451          0.80575
38.970          1.1535
39.490          1.4906
40.009          1.2379
40.529          0.84958
41.049          0.69970
41.568          0.70234
42.088          0.86116
42.607          1.2578
43.127          1.4877
43.647          1.1343
44.166          0.79678
44.686          0.68935
45.205          0.71864
45.725          0.92417
46.245          1.3501
46.764          1.4572
47.284          1.0465
47.803          0.75965
48.323          0.68474
48.843          0.73875
49.362          0.98879
49.882          1.4178
50.401          1.4065
50.921          0.97607
51.441          0.73451
51.960          0.68521
52.480          0.76566
52.999          1.0617
