0.0000          0.97750
0.51960         1.4078
1.0392          1.4165
1.5588          0.98734
2.0784          0.73825
2.5980          0.68478
3.1176          0.76030
3.6372          1.0481
4.1568          1.4581
4.6764          1.3483
5.1960          0.92280
5.7156          0.71825
6.2352          0.68951
6.7548          0.79774
7.2744          1.1364
7.7940          1.4880
8.3136          1.2556
8.8332          0.85986
9.3528          0.70204
9.8724          0.69999
10.392          0.85085
10.912          1.2401
11.431          1.4903
11.951          1.1514
12.470          0.80473
12.990          0.69071
13.510          0.71559
14.029          0.91327
14.549          1.3360
15.068          1.4640
15.588          1.0600
16.108          0.76496
16.627          0.68515
17.147          0.73498
17.666          0.97749
18.186          1.4078
18.706          1.4165
19.225          0.98734
19.745          0.73826
20.264          0.68478
20.784          0.76031
21.304          1.0482
21.823          1.4581
22.343          1.3483
22.862          0.92278
23.382          0.71825
23.902          0.68952
24.421          0.79777
24.941          1.1365
25.460          1.4880
25.980          1.2556
26.500          0.85982
27.019          0.70203
27.539          0.70000
28.059          0.85089
28.578          1.2402
29.098          1.4903
29.617          1.1513
30.137          0.80469
30.657          0.69070
31.176          0.71560
31.696          0.91332
32.215          1.3361
32.735          1.4640
33.255          1.0599
33.774          0.76494
34.294          0.68515
34.813          0.73499
35.333          0.97754
35.853          1.4079
36.372          1.4165
36.892          0.98730
37.411          0.73824
37.931          0.68479
38.451          0.76033
38.970          1.0482
39.490          1.4581
40.009          1.3483
40.529          0.92274
41.049          0.71824
41.568          0.68952
42.088          0.79779
42.607          1.1365
43.127          1.4881
43.647          1.2555
44.166          0.85980
44.686          0.70202
45.205          0.70000
45.725          0.85090
46.245          1.2402
46.764          1.4903
47.284          1.1513
47.803          0.80469
48.323          0.69070
48.843          0.71560
49.362          0.91331
49.882          1.3361
50.401          1.4640
50.921          1.0600
51.441          0.76494
51.960          0.68515
52.480          0.73498
52.999          0.97750
