0.0000          1.1190
0.51960         1.4844
1.0392          1.2739
1.5588          0.87093
2.0784          0.70466
2.5980          0.69768
3.1176          0.84029
3.6372          1.2212
4.1568          1.4922
4.6764          1.1698
5.1960          0.81364
5.7156          0.69232
6.2352          0.71248
6.7548          0.90177
7.2744          1.3203
7.7940          1.4705
8.3136          1.0749
8.8332          0.77100
9.3528          0.68575
9.8724          0.73116
10.392          0.96570
10.912          1.3966
11.431          1.4265
11.951          0.99954
12.470          0.74243
12.990          0.68449
13.510          0.75501
14.029          1.0343
14.549          1.4504
15.068          1.3625
15.588          0.93438
16.108          0.72158
16.627          0.68824
17.147          0.78977
17.666          1.1189
18.186          1.4844
18.706          1.2740
19.225          0.87102
19.745          0.70468
20.264          0.69766
20.784          0.84020
21.304          1.2211
21.823          1.4922
22.343          1.1700
22.862          0.81372
23.382          0.69234
23.902          0.71246
24.421          0.90169
24.941          1.3202
25.460          1.4705
25.980          1.0751
26.500          0.77105
27.019          0.68576
27.539          0.73114
28.059          0.96564
28.578          1.3965
29.098          1.4266
29.617          0.99960
30.137          0.74245
30.657          0.68449
31.176          0.75501
31.696          1.0343
32.215          1.4503
32.735          1.3625
33.255          0.93438
33.774          0.72159
34.294          0.68825
34.813          0.78979
35.333          1.1189
35.853          1.4844
36.372          1.2740
36.892          0.87098
37.411          0.70467
37.931          0.69767
38.451          0.84025
38.970          1.2212
39.490          1.4922
40.009          1.1699
40.529          0.81366
41.049          0.69233
41.568          0.71247
42.088          0.90177
42.607          1.3203
43.127          1.4705
43.647          1.0749
44.166          0.77100
44.686          0.68575
45.205          0.73117
45.725          0.96573
46.245          1.3966
46.764          1.4265
47.284          0.99950
47.803          0.74242
48.323          0.68449
48.843          0.75505
49.362          1.0344
49.882          1.4504
50.401          1.3624
50.921          0.93430
51.441          0.72156
51.960          0.68825
52.480          0.78984
52.999          1.1190
