0.0000          1.2670
0.51960         1.4859
1.0392          1.1256
1.5588          0.79280
2.0784          0.68871
2.5980          0.72028
3.1176          0.92989
3.6372          1.3571
4.1568          1.4534
4.6764          1.0396
5.1960          0.75701
5.7156          0.68458
6.2352          0.74080
6.7548          0.99482
7.2744          1.4228
7.7940          1.4010
8.3136          0.97020
8.8332          0.73260
9.3528          0.68550
9.8724          0.76865
10.392          1.0692
10.912          1.4681
11.431          1.3263
11.951          0.90612
12.470          0.71364
12.990          0.69169
13.510          0.81023
14.029          1.1628
14.549          1.4916
15.068          1.2283
15.588          0.84420
16.108          0.69852
16.627          0.70367
17.147          0.86680
17.666          1.2672
18.186          1.4859
18.706          1.1253
19.225          0.79269
19.745          0.68870
20.264          0.72034
20.784          0.93011
21.304          1.3574
21.823          1.4533
22.343          1.0393
22.862          0.75691
23.382          0.68458
23.902          0.74090
24.421          0.99511
24.941          1.4230
25.460          1.4007
25.980          0.96991
26.500          0.73251
27.019          0.68552
27.539          0.76880
28.059          1.0696
28.578          1.4683
29.098          1.3260
29.617          0.90584
30.137          0.71357
30.657          0.69173
31.176          0.81044
31.696          1.1633
32.215          1.4916
32.735          1.2279
33.255          0.84397
33.774          0.69847
34.294          0.70371
34.813          0.86699
35.333          1.2675
35.853          1.4858
36.372          1.1251
36.892          0.79257
37.411          0.68867
37.931          0.72037
38.451          0.93019
38.970          1.3575
39.490          1.4533
40.009          1.0392
40.529          0.75689
41.049          0.68457
41.568          0.74087
42.088          0.99502
42.607          1.4229
43.127          1.4008
43.647          0.97004
44.166          0.73255
44.686          0.68550
45.205          0.76867
45.725          1.0693
46.245          1.4682
46.764          1.3263
47.284          0.90610
47.803          0.71363
48.323          0.69168
48.843          0.81019
49.362          1.1627
49.882          1.4916
50.401          1.2285
50.921          0.84427
51.441          0.69853
51.960          0.70363
52.480          0.86667
52.999          1.2670
