0.0000          1.0005
0.51960         1.4273
1.0392          1.3957
1.5588          0.96479
2.0784          0.73087
2.5980          0.68580
3.1176          0.77149
3.6372          1.0762
4.1568          1.4710
4.6764          1.3190
5.1960          0.90086
5.7156          0.71223
6.2352          0.69246
6.7548          0.81437
7.2744          1.1713
7.7940          1.4923
8.3136          1.2197
8.8332          0.83945
9.3528          0.69750
9.8724          0.70487
10.392          0.87184
10.912          1.2754
11.431          1.4841
11.951          1.1176
12.470          0.78921
12.990          0.68816
13.510          0.72184
14.029          0.93525
14.549          1.3636
15.068          1.4497
15.588          1.0333
16.108          0.75462
16.627          0.68447
17.147          0.74277
17.666          1.0005
18.186          1.4273
18.706          1.3957
19.225          0.96476
19.745          0.73086
20.264          0.68581
20.784          0.77151
21.304          1.0762
21.823          1.4710
22.343          1.3190
22.862          0.90082
23.382          0.71222
23.902          0.69247
24.421          0.81441
24.941          1.1714
25.460          1.4923
25.980          1.2196
26.500          0.83940
27.019          0.69749
27.539          0.70489
28.059          0.87189
28.578          1.2754
29.098          1.4841
29.617          1.1175
30.137          0.78918
30.657          0.68815
31.176          0.72185
31.696          0.93529
32.215          1.3636
32.735          1.4497
33.255          1.0332
33.774          0.75461
34.294          0.68447
34.813          0.74278
35.333          1.0005
35.853          1.4273
36.372          1.3957
36.892          0.96475
37.411          0.73086
37.931          0.68580
38.451          0.77151
38.970          1.0762
39.490          1.4710
40.009          1.3190
40.529          0.90083
41.049          0.71222
41.568          0.69246
42.088          0.81440
42.607          1.1714
43.127          1.4923
43.647          1.2197
44.166          0.83942
44.686          0.69749
45.205          0.70488
45.725          0.87186
46.245          1.2754
46.764          1.4841
47.284          1.1176
47.803          0.78920
48.323          0.68815
48.843          0.72184
49.362          0.93525
49.882          1.3636
50.401          1.4498
50.921          1.0333
51.441          0.75463
51.960          0.68447
52.480          0.74276
52.999          1.0005
