0.0000          0.88822
0.51960         1.3007
1.0392          1.4773
1.5588          1.0935
2.0784          0.77874
2.5980          0.68668
3.1176          0.72686
3.6372          0.95196
4.1568          1.3824
4.6764          1.4375
5.1960          1.0143
5.7156          0.74766
6.2352          0.68435
6.7548          0.74926
7.2744          1.0187
7.7940          1.4405
8.3136          1.3781
8.8332          0.94798
9.3528          0.72564
9.8724          0.68699
10.392          0.78113
10.912          1.0991
11.431          1.4791
11.951          1.2948
12.470          0.88431
12.990          0.70795
13.510          0.69516
14.029          0.82824
14.549          1.1987
15.068          1.4931
15.588          1.1921
16.108          0.82486
16.627          0.69449
17.147          0.70894
17.666          0.88822
18.186          1.3007
18.706          1.4773
19.225          1.0935
19.745          0.77874
20.264          0.68668
20.784          0.72686
21.304          0.95196
21.823          1.3824
22.343          1.4375
22.862          1.0143
23.382          0.74766
23.902          0.68435
24.421          0.74926
24.941          1.0187
25.460          1.4405
25.980          1.3781
26.500          0.94798
27.019          0.72564
27.539          0.68699
28.059          0.78113
28.578          1.0991
29.098          1.4791
29.617          1.2948
30.137          0.88431
30.657          0.70795
31.176          0.69516
31.696          0.82824
32.215          1.1987
32.735          1.4931
33.255          1.1921
33.774          0.82486
34.294          0.69449
34.813          0.70894
35.333          0.88822
35.853          1.3007
36.372          1.4773
36.892          1.0935
37.411          0.77874
37.931          0.68668
38.451          0.72686
38.970          0.95196
39.490          1.3824
40.009          1.4375
40.529          1.0143
41.049          0.74766
41.568          0.68435
42.088          0.74926
42.607          1.0187
43.127          1.4405
43.647          1.3781
44.166          0.94798
44.686          0.72564
45.205          0.68699
45.725          0.78113
46.245          1.0991
46.764          1.4791
47.284          1.2948
47.803          0.88431
48.323          0.70795
48.843          0.69516
49.362          0.82824
49.882          1.1987
50.401          1.4931
50.921          1.1921
51.441          0.82486
51.960          0.69449
52.480          0.70894
52.999          0.88822
