0.0000          1.2773
0.51960         1.4837
1.0392          1.1158
1.5588          0.78842
2.0784          0.68803
2.5980          0.72217
3.1176          0.93637
3.6372          1.3649
4.1568          1.4490
4.6764          1.0320
5.1960          0.75416
5.7156          0.68444
6.2352          0.74312
6.7548          1.0015
7.2744          1.4281
7.7940          1.3948
8.3136          0.96387
8.8332          0.73058
9.3528          0.68584
9.8724          0.77192
10.392          1.0772
10.912          1.4714
11.431          1.3180
11.951          0.90012
12.470          0.71204
12.990          0.69256
13.510          0.81493
14.029          1.1724
14.549          1.4924
15.068          1.2186
15.588          0.83888
16.108          0.69738
16.627          0.70502
17.147          0.87244
17.666          1.2763
18.186          1.4839
18.706          1.1167
19.225          0.78885
19.745          0.68811
20.264          0.72202
20.784          0.93583
21.304          1.3642
21.823          1.4493
22.343          1.0326
22.862          0.75440
23.382          0.68448
23.902          0.74301
24.421          1.0012
24.941          1.4277
25.460          1.3950
25.980          0.96413
26.500          0.73067
27.019          0.68586
27.539          0.77192
28.059          1.0772
28.578          1.4713
29.098          1.3179
29.617          0.90009
30.137          0.71203
30.657          0.69259
31.176          0.81507
31.696          1.1727
32.215          1.4923
32.735          1.2182
33.255          0.83866
33.774          0.69733
34.294          0.70510
34.813          0.87278
35.333          1.2768
35.853          1.4837
36.372          1.1161
36.892          0.78856
37.411          0.68806
37.931          0.72216
38.451          0.93633
38.970          1.3648
39.490          1.4489
40.009          1.0320
40.529          0.75414
41.049          0.68447
41.568          0.74324
42.088          1.0018
42.607          1.4282
43.127          1.3944
43.647          0.96352
44.166          0.73047
44.686          0.68590
45.205          0.77224
45.725          1.0780
46.245          1.4716
46.764          1.3171
47.284          0.89955
47.803          0.71189
48.323          0.69267
48.843          0.81545
49.362          1.1735
49.882          1.4924
50.401          1.2175
50.921          0.83830
51.441          0.69725
51.960          0.70517
52.480          0.87306
52.999          1.2773
