0.0000          1.4481
0.51960         1.3664
1.0392          0.93768
1.5588          0.72255
2.0784          0.68791
2.5980          0.78758
3.1176          1.1139
3.6372          1.4832
4.1568          1.2792
4.6764          0.87426
5.1960          0.70546
5.7156          0.69702
6.2352          0.83719
6.7548          1.2155
7.2744          1.4926
7.7940          1.1754
8.3136          0.81640
8.8332          0.69284
9.3528          0.71156
9.8724          0.89832
10.392          1.3155
10.912          1.4723
11.431          1.0796
11.951          0.77290
12.470          0.68596
12.990          0.73004
13.510          0.96217
14.029          1.3931
14.549          1.4294
15.068          1.0033
15.588          0.74374
16.108          0.68443
16.627          0.75349
17.147          1.0302
17.666          1.4479
18.186          1.3666
18.706          0.93787
19.225          0.72261
19.745          0.68790
20.264          0.78748
20.784          1.1137
21.304          1.4832
21.823          1.2794
22.343          0.87440
22.862          0.70549
23.382          0.69700
23.902          0.83710
24.421          1.2154
24.941          1.4926
25.460          1.1755
25.980          0.81647
26.500          0.69285
27.019          0.71156
27.539          0.89829
28.059          1.3154
28.578          1.4723
29.098          1.0796
29.617          0.77291
30.137          0.68596
30.657          0.73006
31.176          0.96224
31.696          1.3931
32.215          1.4293
32.735          1.0032
33.255          0.74370
33.774          0.68444
34.294          0.75356
34.813          1.0304
35.333          1.4480
35.853          1.3664
36.372          0.93767
36.892          0.72255
37.411          0.68792
37.931          0.78764
38.451          1.1140
38.970          1.4832
39.490          1.2791
40.009          0.87416
40.529          0.70544
41.049          0.69704
41.568          0.83732
42.088          1.2158
42.607          1.4925
43.127          1.1751
43.647          0.81627
44.166          0.69281
44.686          0.71161
45.205          0.89851
45.725          1.3157
46.245          1.4722
46.764          1.0793
47.284          0.77279
47.803          0.68595
48.323          0.73010
48.843          0.96238
49.362          1.3933
49.882          1.4293
50.401          1.0031
50.921          0.74366
51.441          0.68443
51.960          0.75357
52.480          1.0305
52.999          1.4481
