0.0000          0.74883
0.51960         1.0176
1.0392          1.4397
1.5588          1.3792
2.0784          0.94903
2.5980          0.72596
3.1176          0.68691
3.6372          0.78051
4.1568          1.0976
4.6764          1.4786
5.1960          1.2964
5.7156          0.88532
6.2352          0.70821
6.7548          0.69499
7.2744          0.82737
7.7940          1.1970
8.3136          1.4931
8.8332          1.1938
9.3528          0.82572
9.8724          0.69466
10.392          0.70869
10.912          0.88722
11.431          1.2992
11.951          1.4778
12.470          1.0949
12.990          0.77935
13.510          0.68675
14.029          0.72654
14.549          0.95094
15.068          1.3813
15.588          1.4383
16.108          1.0155
16.627          0.74807
17.147          0.68434
17.666          0.74884
18.186          1.0176
18.706          1.4397
19.225          1.3792
19.745          0.94902
20.264          0.72596
20.784          0.68691
21.304          0.78049
21.823          1.0976
22.343          1.4786
22.862          1.2964
23.382          0.88534
23.902          0.70821
24.421          0.69498
24.941          0.82733
25.460          1.1969
25.980          1.4931
26.500          1.1939
27.019          0.82575
27.539          0.69466
28.059          0.70867
28.578          0.88717
29.098          1.2991
29.617          1.4778
30.137          1.0950
30.657          0.77938
31.176          0.68676
31.696          0.72652
32.215          0.95087
32.735          1.3812
33.255          1.4383
33.774          1.0155
34.294          0.74810
34.813          0.68434
35.333          0.74881
35.853          1.0175
36.372          1.4397
36.892          1.3793
37.411          0.94909
37.931          0.72598
38.451          0.68690
38.970          0.78046
39.490          1.0975
40.009          1.4786
40.529          1.2965
41.049          0.88540
41.568          0.70823
42.088          0.69497
42.607          0.82729
43.127          1.1968
43.647          1.4931
44.166          1.1939
44.686          0.82578
45.205          0.69467
45.725          0.70867
46.245          0.88715
46.764          1.2991
47.284          1.4778
47.803          1.0950
48.323          0.77939
48.843          0.68676
49.362          0.72653
49.882          0.95089
50.401          1.3813
50.921          1.4383
51.441          1.0155
51.960          0.74809
52.480          0.68434
52.999          0.74883
