0.0000          1.3519
0.51960         1.4562
1.0392          1.0447
1.5588          0.75896
2.0784          0.68469
2.5980          0.73926
3.1176          0.99032
3.6372          1.4191
4.1568          1.4051
4.6764          0.97457
5.1960          0.73402
5.7156          0.68528
6.2352          0.76640
6.7548          1.0636
7.2744          1.4656
7.7940          1.3322
8.3136          0.91045
8.8332          0.71481
9.3528          0.69108
9.8724          0.80686
10.392          1.1558
10.912          1.4909
11.431          1.2355
11.951          0.84822
12.470          0.69940
12.990          0.70267
13.510          0.86257
14.029          1.2602
14.549          1.4872
15.068          1.1321
15.588          0.79574
16.108          0.68918
16.627          0.71906
17.147          0.92566
17.666          1.3519
18.186          1.4562
18.706          1.0446
19.225          0.75895
19.745          0.68470
20.264          0.73928
20.784          0.99038
21.304          1.4191
21.823          1.4051
22.343          0.97451
22.862          0.73400
23.382          0.68529
23.902          0.76645
24.421          1.0637
24.941          1.4657
25.460          1.3321
25.980          0.91035
26.500          0.71479
27.019          0.69110
27.539          0.80695
28.059          1.1560
28.578          1.4909
29.098          1.2353
29.617          0.84812
30.137          0.69938
30.657          0.70269
31.176          0.86267
31.696          1.2604
32.215          1.4872
32.735          1.1319
33.255          0.79566
33.774          0.68917
34.294          0.71909
34.813          0.92575
35.333          1.3520
35.853          1.4562
36.372          1.0445
36.892          0.75891
37.411          0.68469
37.931          0.73930
38.451          0.99043
38.970          1.4192
39.490          1.4050
40.009          0.97447
40.529          0.73399
41.049          0.68528
41.568          0.76644
42.088          1.0637
42.607          1.4657
43.127          1.3321
43.647          0.91036
44.166          0.71479
44.686          0.69109
45.205          0.80692
45.725          1.1560
46.245          1.4909
46.764          1.2354
47.284          0.84816
47.803          0.69939
48.323          0.70268
48.843          0.86261
49.362          1.2602
49.882          1.4872
50.401          1.1320
50.921          0.79571
51.441          0.68918
51.960          0.71906
52.480          0.92566
52.999          1.3519
