0.0000          0.90326
0.51960         0.71504
1.0392          0.68167
1.5588          0.74769
2.0784          1.0082
2.5980          1.4544
3.1176          1.4481
3.6372          1.0010
4.1568          0.74518
4.6764          0.68139
5.1960          0.71666
5.7156          0.90921
6.2352          1.3414
6.7548          1.5222
7.2744          1.1213
7.7940          0.79204
8.3136          0.68921
8.8332          0.69685
9.3528          0.82829
9.8724          1.2003
10.392          1.5406
10.912          1.2631
11.431          0.86101
11.951          0.70434
12.470          0.68489
12.990          0.76921
13.510          1.0658
14.029          1.4958
14.549          1.3951
15.068          0.94989
15.588          0.72845
16.108          0.68048
16.627          0.73045
17.147          0.95637
17.666          1.4026
18.186          1.4910
18.706          1.0578
19.225          0.76609
19.745          0.68435
20.264          0.70562
20.784          0.86634
21.304          1.2725
21.823          1.5395
22.343          1.1908
22.862          0.82367
23.382          0.69584
23.902          0.68998
24.421          0.79590
24.941          1.1302
25.460          1.5254
25.980          1.3326
26.500          0.90327
27.019          0.71504
27.539          0.68167
28.059          0.74769
28.578          1.0082
29.098          1.4544
29.617          1.4481
30.137          1.0010
30.657          0.74517
31.176          0.68139
31.696          0.71666
32.215          0.90924
32.735          1.3414
33.255          1.5222
33.774          1.1213
34.294          0.79202
34.813          0.68920
35.333          0.69686
35.853          0.82832
36.372          1.2004
36.892          1.5406
37.411          1.2630
37.931          0.86097
38.451          0.70434
38.970          0.68489
39.490          0.76923
40.009          1.0659
40.529          1.4958
41.049          1.3950
41.568          0.94984
42.088          0.72843
42.607          0.68048
43.127          0.73046
43.647          0.95641
44.166          1.4027
44.686          1.4909
45.205          1.0578
45.725          0.76606
46.245          0.68435
46.764          0.70563
47.284          0.86637
47.803          1.2726
48.323          1.5395
48.843          1.1907
49.362          0.82364
49.882          0.69583
50.401          0.68999
50.921          0.79591
51.441          1.1302
51.960          1.5254
52.480          1.3326
52.999          0.90326
