0.0000          0.88127
0.51960         1.2902
1.0392          1.4804
1.5588          1.1035
2.0784          0.78303
2.5980          0.68726
3.1176          0.72472
3.6372          0.94492
4.1568          1.3747
4.6764          1.4428
5.1960          1.0221
5.7156          0.75050
6.2352          0.68437
6.7548          0.74652
7.2744          1.0111
7.7940          1.4352
8.3136          1.3855
8.8332          0.95484
9.3528          0.72775
9.8724          0.68648
10.392          0.77714
10.912          1.0897
11.431          1.4760
11.951          1.3046
12.470          0.89089
12.990          0.70963
13.510          0.69406
14.029          0.82269
14.549          1.1879
15.068          1.4930
15.588          1.2028
16.108          0.83044
16.627          0.69562
17.147          0.70736
17.666          0.88192
18.186          1.2912
18.706          1.4800
19.225          1.1025
19.745          0.78260
20.264          0.68720
20.784          0.72496
21.304          0.94573
21.823          1.3756
22.343          1.4421
22.862          1.0212
23.382          0.75016
23.902          0.68436
24.421          0.74684
24.941          1.0120
25.460          1.4358
25.980          1.3846
26.500          0.95401
27.019          0.72749
27.539          0.68653
28.059          0.77758
28.578          1.0908
29.098          1.4764
29.617          1.3036
30.137          0.89018
30.657          0.70945
31.176          0.69415
31.696          0.82317
32.215          1.1889
32.735          1.4931
33.255          1.2020
33.774          0.82998
34.294          0.69551
34.813          0.70743
35.333          0.88224
35.853          1.2917
36.372          1.4800
36.892          1.1022
37.411          0.78244
37.931          0.68716
38.451          0.72494
38.970          0.94566
39.490          1.3756
40.009          1.4424
40.529          1.0214
41.049          0.75023
41.568          0.68433
42.088          0.74662
42.607          1.0114
43.127          1.4355
43.647          1.3854
44.166          0.95467
44.686          0.72769
45.205          0.68645
45.725          0.77704
46.245          1.0895
46.764          1.4760
47.284          1.3051
47.803          0.89113
48.323          0.70969
48.843          0.69398
49.362          0.82230
49.882          1.1871
50.401          1.4931
50.921          1.2037
51.441          0.83088
51.960          0.69570
52.480          0.70719
52.999          0.88127
