0.0000          1.1703
0.51960         1.4922
1.0392          1.2207
1.5588          0.83998
2.0784          0.69761
2.5980          0.70473
3.1176          0.87126
3.6372          1.2744
4.1568          1.4843
4.6764          1.1185
5.1960          0.78960
5.7156          0.68822
6.2352          0.72166
6.7548          0.93465
7.2744          1.3628
7.7940          1.4502
8.3136          1.0340
8.8332          0.75489
9.3528          0.68448
9.8724          0.74254
10.392          0.99986
10.912          1.4268
11.431          1.3963
11.951          0.96540
12.470          0.73106
12.990          0.68577
13.510          0.77116
14.029          1.0754
14.549          1.4707
15.068          1.3199
15.588          0.90146
16.108          0.71239
16.627          0.69237
17.147          0.81389
17.666          1.1703
18.186          1.4922
18.706          1.2207
19.225          0.84000
19.745          0.69761
20.264          0.70473
20.784          0.87124
21.304          1.2744
21.823          1.4843
22.343          1.1185
22.862          0.78962
23.382          0.68822
23.902          0.72165
24.421          0.93461
24.941          1.3628
25.460          1.4502
25.980          1.0340
26.500          0.75491
27.019          0.68448
27.539          0.74252
28.059          0.99980
28.578          1.4267
29.098          1.3963
29.617          0.96545
30.137          0.73108
30.657          0.68576
31.176          0.77113
31.696          1.0753
32.215          1.4706
32.735          1.3200
33.255          0.90151
33.774          0.71241
34.294          0.69236
34.813          0.81385
35.333          1.1702
35.853          1.4922
36.372          1.2208
36.892          0.84004
37.411          0.69762
37.931          0.70472
38.451          0.87120
38.970          1.2743
39.490          1.4843
40.009          1.1186
40.529          0.78964
41.049          0.68822
41.568          0.72165
42.088          0.93460
42.607          1.3628
43.127          1.4502
43.647          1.0340
44.166          0.75491
44.686          0.68448
45.205          0.74253
45.725          0.99982
46.245          1.4267
46.764          1.3963
47.284          0.96542
47.803          0.73107
48.323          0.68577
48.843          0.77116
49.362          1.0753
49.882          1.4707
50.401          1.3199
50.921          0.90146
51.441          0.71239
51.960          0.69237
52.480          0.81390
52.999          1.1703
