0.0000          1.1021
0.51960         1.4800
1.0392          1.2917
1.5588          0.88227
2.0784          0.70744
2.5980          0.69553
3.1176          0.83003
3.6372          1.2021
4.1568          1.4931
4.6764          1.1887
5.1960          0.82311
5.7156          0.69414
6.2352          0.70947
6.7548          0.89027
7.2744          1.3038
7.7940          1.4763
8.3136          1.0906
8.8332          0.77753
9.3528          0.68652
9.8724          0.72749
10.392          0.95403
10.912          1.3846
11.431          1.4359
11.951          1.0121
12.470          0.74685
12.990          0.68435
13.510          0.75009
14.029          1.0210
14.549          1.4421
15.068          1.3758
15.588          0.94593
16.108          0.72502
16.627          0.68716
17.147          0.78238
17.666          1.1020
18.186          1.4799
18.706          1.2918
19.225          0.88230
19.745          0.70745
20.264          0.69552
20.784          0.83000
21.304          1.2020
21.823          1.4931
22.343          1.1888
22.862          0.82314
23.382          0.69414
23.902          0.70946
24.421          0.89024
24.941          1.3037
25.460          1.4763
25.980          1.0907
26.500          0.77754
27.019          0.68652
27.539          0.72749
28.059          0.95401
28.578          1.3846
29.098          1.4359
29.617          1.0121
30.137          0.74685
30.657          0.68435
31.176          0.75010
31.696          1.0210
32.215          1.4421
32.735          1.3758
33.255          0.94592
33.774          0.72502
34.294          0.68717
34.813          0.78239
35.333          1.1020
35.853          1.4800
36.372          1.2917
36.892          0.88228
37.411          0.70744
37.931          0.69553
38.451          0.83002
38.970          1.2021
39.490          1.4931
40.009          1.1887
40.529          0.82311
41.049          0.69414
41.568          0.70947
42.088          0.89027
42.607          1.3038
43.127          1.4763
43.647          1.0906
44.166          0.77752
44.686          0.68652
45.205          0.72750
45.725          0.95404
46.245          1.3846
46.764          1.4359
47.284          1.0120
47.803          0.74684
48.323          0.68435
48.843          0.75010
49.362          1.0211
49.882          1.4421
50.401          1.3758
50.921          0.94590
51.441          0.72501
51.960          0.68717
52.480          0.78240
52.999          1.1021
