0.0000          1.1986
0.51960         1.4931
1.0392          1.1922
1.5588          0.82487
2.0784          0.69449
2.5980          0.70893
3.1176          0.88819
3.6372          1.3007
4.1568          1.4773
4.6764          1.0936
5.1960          0.77875
5.7156          0.68668
6.2352          0.72686
6.7548          0.95195
7.2744          1.3824
7.7940          1.4375
8.3136          1.0143
8.8332          0.74765
9.3528          0.68435
9.8724          0.74929
10.392          1.0188
10.912          1.4406
11.431          1.3780
11.951          0.94787
12.470          0.72561
12.990          0.68701
13.510          0.78125
14.029          1.0994
14.549          1.4791
15.068          1.2945
15.588          0.88410
16.108          0.70790
16.627          0.69522
17.147          0.82848
17.666          1.1991
18.186          1.4931
18.706          1.1916
19.225          0.82460
19.745          0.69444
20.264          0.70904
20.784          0.88859
21.304          1.3013
21.823          1.4771
22.343          1.0930
22.862          0.77851
23.382          0.68665
23.902          0.72700
24.421          0.95242
24.941          1.3829
25.460          1.4371
25.980          1.0138
26.500          0.74747
27.019          0.68435
27.539          0.74947
28.059          1.0193
28.578          1.4409
29.098          1.3775
29.617          0.94742
30.137          0.72547
30.657          0.68704
31.176          0.78147
31.696          1.0999
32.215          1.4793
32.735          1.2940
33.255          0.88374
33.774          0.70781
34.294          0.69526
34.813          0.82871
35.333          1.1996
35.853          1.4931
36.372          1.1912
36.892          0.82440
37.411          0.69439
37.931          0.70907
38.451          0.88871
38.970          1.3014
39.490          1.4771
40.009          1.0929
40.529          0.77847
41.049          0.68664
41.568          0.72697
42.088          0.95232
42.607          1.3828
43.127          1.4373
43.647          1.0140
44.166          0.74753
44.686          0.68433
45.205          0.74933
45.725          1.0190
46.245          1.4407
46.764          1.3779
47.284          0.94783
47.803          0.72559
48.323          0.68699
48.843          0.78117
49.362          1.0992
49.882          1.4791
50.401          1.2948
50.921          0.88427
51.441          0.70794
51.960          0.69516
52.480          0.82823
52.999          1.1986
