0.0000          1.0334
0.51960         1.4499
1.0392          1.3637
1.5588          0.93531
2.0784          0.72185
2.5980          0.68810
3.1176          0.78895
3.6372          1.1170
4.1568          1.4841
4.6764          1.2761
5.1960          0.87229
5.7156          0.70498
6.2352          0.69738
6.7548          0.83890
7.2744          1.2187
7.7940          1.4924
8.3136          1.1723
8.8332          0.81489
9.3528          0.69256
9.8724          0.71208
10.392          0.90024
10.912          1.3181
11.431          1.4712
11.951          1.0770
12.470          0.77183
12.990          0.68586
13.510          0.73075
14.029          0.96439
14.549          1.3952
15.068          1.4274
15.588          1.0008
16.108          0.74288
16.627          0.68450
17.147          0.75466
17.666          1.0333
18.186          1.4497
18.706          1.3633
19.225          0.93508
19.745          0.72180
20.264          0.68822
20.784          0.78953
21.304          1.1183
21.823          1.4842
22.343          1.2744
22.862          0.87129
23.382          0.70475
23.902          0.69766
24.421          0.84017
24.941          1.2210
25.460          1.4921
25.980          1.1699
26.500          0.81368
27.019          0.69234
27.539          0.71253
28.059          0.90196
28.578          1.3205
29.098          1.4703
29.617          1.0746
30.137          0.77085
30.657          0.68575
31.176          0.73134
31.696          0.96624
32.215          1.3971
32.735          1.4259
33.255          0.99889
33.774          0.74221
34.294          0.68452
34.813          0.75537
35.333          1.0352
35.853          1.4509
36.372          1.3615
36.892          0.93356
37.411          0.72135
37.931          0.68833
38.451          0.79032
38.970          1.1201
39.490          1.4847
40.009          1.2728
40.529          0.87024
41.049          0.70449
41.568          0.69779
42.088          0.84082
42.607          1.2222
43.127          1.4922
43.647          1.1690
44.166          0.81321
44.686          0.69223
45.205          0.71255
45.725          0.90206
46.245          1.3208
46.764          1.4705
47.284          1.0747
47.803          0.77088
48.323          0.68571
48.843          0.73108
49.362          0.96549
49.882          1.3965
50.401          1.4269
50.921          0.99992
51.441          0.74255
51.960          0.68444
52.480          0.75465
52.999          1.0334
