0.0000          0.78692
0.51960         1.1124
1.0392          1.4828
1.5588          1.2808
2.0784          0.87525
2.5980          0.70570
3.1176          0.69683
3.6372          0.83631
4.1568          1.2139
4.6764          1.4926
5.1960          1.1770
5.7156          0.81719
6.2352          0.69299
6.7548          0.71132
7.2744          0.89739
7.7940          1.3141
8.3136          1.4728
8.8332          1.0808
9.3528          0.77342
9.8724          0.68602
10.392          0.72976
10.912          0.96129
11.431          1.3922
11.951          1.4301
12.470          1.0042
12.990          0.74406
13.510          0.68442
14.029          0.75314
14.549          1.0293
15.068          1.4473
15.588          1.3675
16.108          0.93866
16.627          0.72285
17.147          0.68783
17.666          0.78699
18.186          1.1126
18.706          1.4829
19.225          1.2806
19.745          0.87514
20.264          0.70568
20.784          0.69686
21.304          0.83643
21.823          1.2141
22.343          1.4926
22.862          1.1768
23.382          0.81709
23.902          0.69297
24.421          0.71135
24.941          0.89752
25.460          1.3143
25.980          1.4727
26.500          1.0806
27.019          0.77334
27.539          0.68601
28.059          0.72980
28.578          0.96141
29.098          1.3923
29.617          1.4300
30.137          1.0041
30.657          0.74402
31.176          0.68442
31.696          0.75318
32.215          1.0294
32.735          1.4474
33.255          1.3675
33.774          0.93858
34.294          0.72282
34.813          0.68783
35.333          0.78702
35.853          1.1126
36.372          1.4829
36.892          1.2806
37.411          0.87510
37.931          0.70567
38.451          0.69686
38.970          0.83644
39.490          1.2141
40.009          1.4926
40.529          1.1768
41.049          0.81709
41.568          0.69297
42.088          0.71134
42.607          0.89750
43.127          1.3143
43.647          1.4728
44.166          1.0807
44.686          0.77336
45.205          0.68601
45.725          0.72977
46.245          0.96133
46.764          1.3922
47.284          1.4301
47.803          1.0042
48.323          0.74405
48.843          0.68441
49.362          0.75312
49.882          1.0293
50.401          1.4473
50.921          1.3676
51.441          0.93872
51.960          0.72286
52.480          0.68781
52.999          0.78692
