0.0000          0.84217
0.51960         1.2247
1.0392          1.4919
1.5588          1.1664
2.0784          0.81196
2.5980          0.69201
3.1176          0.71306
3.6372          0.90397
4.1568          1.3235
4.6764          1.4693
5.1960          1.0719
5.7156          0.76976
6.2352          0.68560
6.7548          0.73184
7.2744          0.96797
7.7940          1.3991
8.3136          1.4247
8.8332          0.99697
9.3528          0.74152
9.8724          0.68448
10.392          0.75589
10.912          1.0370
11.431          1.4525
11.951          1.3598
12.470          0.93182
12.990          0.72081
13.510          0.68841
14.029          0.79122
14.549          1.1225
15.068          1.4857
15.588          1.2701
16.108          0.86845
16.627          0.70403
17.147          0.69809
17.666          0.84239
18.186          1.2253
18.706          1.4921
19.225          1.1658
19.745          0.81164
20.264          0.69193
20.784          0.71309
21.304          0.90411
21.823          1.3237
22.343          1.4694
22.862          1.0719
23.382          0.76973
23.902          0.68559
24.421          0.73184
24.941          0.96784
25.460          1.3988
25.980          1.4249
26.500          0.99738
27.019          0.74167
27.539          0.68450
28.059          0.75579
28.578          1.0364
29.098          1.4517
29.617          1.3605
30.137          0.93261
30.657          0.72105
31.176          0.68838
31.696          0.79080
32.215          1.1212
32.735          1.4852
33.255          1.2716
33.774          0.86933
34.294          0.70423
34.813          0.69791
35.333          0.84153
35.853          1.2237
36.372          1.4925
36.892          1.1674
37.411          0.81214
37.931          0.69198
38.451          0.71282
38.970          0.90322
39.490          1.3226
40.009          1.4702
40.529          1.0727
41.049          0.76986
41.568          0.68557
42.088          0.73165
42.607          0.96734
43.127          1.3984
43.647          1.4254
44.166          0.99758
44.686          0.74168
45.205          0.68449
45.725          0.75580
46.245          1.0364
46.764          1.4517
47.284          1.3603
47.803          0.93248
48.323          0.72102
48.843          0.68844
49.362          0.79110
49.882          1.1218
50.401          1.4851
50.921          1.2708
51.441          0.86903
51.960          0.70420
52.480          0.69808
52.999          0.84217
