0.0000          0.85832
0.51960         1.2530
1.0392          1.4885
1.5588          1.1390
2.0784          0.79891
2.5980          0.68971
3.1176          0.71778
3.6372          0.92113
4.1568          1.3462
4.6764          1.4592
5.1960          1.0502
5.7156          0.76111
6.2352          0.68484
6.7548          0.73764
7.2744          0.98551
7.7940          1.4150
8.3136          1.4095
8.8332          0.97932
9.3528          0.73558
9.8724          0.68507
10.392          0.76403
10.912          1.0576
11.431          1.4629
11.951          1.3385
12.470          0.91515
12.990          0.71611
13.510          0.69045
14.029          0.80329
14.549          1.1483
15.068          1.4899
15.588          1.2433
16.108          0.85268
16.627          0.70040
17.147          0.70161
17.666          0.85798
18.186          1.2524
18.706          1.4886
19.225          1.1395
19.745          0.79918
20.264          0.68975
20.784          0.71769
21.304          0.92081
21.823          1.3458
22.343          1.4593
22.862          1.0506
23.382          0.76126
23.902          0.68486
24.421          0.73758
24.941          0.98532
25.460          1.4148
25.980          1.4096
26.500          0.97948
27.019          0.73564
27.539          0.68508
28.059          0.76402
28.578          1.0576
29.098          1.4628
29.617          1.3384
30.137          0.91513
30.657          0.71611
31.176          0.69047
31.696          0.80337
32.215          1.1485
32.735          1.4899
33.255          1.2431
33.774          0.85254
34.294          0.70037
34.813          0.70165
35.333          0.85819
35.853          1.2528
36.372          1.4885
36.892          1.1391
37.411          0.79899
37.931          0.68972
38.451          0.71778
38.970          0.92112
39.490          1.3462
40.009          1.4591
40.529          1.0502
41.049          0.76110
41.568          0.68485
42.088          0.73770
42.607          0.98569
43.127          1.4151
43.647          1.4093
44.166          0.97912
44.686          0.73552
45.205          0.68509
45.725          0.76419
46.245          1.0580
46.764          1.4630
47.284          1.3380
47.803          0.91483
48.323          0.71602
48.843          0.69050
49.362          0.80356
49.882          1.1489
50.401          1.4900
50.921          1.2427
51.441          0.85234
51.960          0.70032
52.480          0.70169
52.999          0.85832
