0.0000          1.1775
0.51960         1.4927
1.0392          1.2134
1.5588          0.83604
2.0784          0.69677
2.5980          0.70578
3.1176          0.87556
3.6372          1.2813
4.1568          1.4827
4.6764          1.1120
5.1960          0.78672
5.7156          0.68778
6.2352          0.72296
6.7548          0.93906
7.2744          1.3680
7.7940          1.4471
8.3136          1.0289
8.8332          0.75298
9.3528          0.68441
9.8724          0.74420
10.392          1.0046
10.912          1.4304
11.431          1.3918
11.951          0.96094
12.470          0.72965
12.990          0.68604
13.510          0.77359
14.029          1.0813
14.549          1.4730
15.068          1.3137
15.588          0.89708
16.108          0.71124
16.627          0.69304
17.147          0.81743
17.666          1.1775
18.186          1.4927
18.706          1.2134
19.225          0.83606
19.745          0.69678
20.264          0.70577
20.784          0.87552
21.304          1.2812
21.823          1.4827
22.343          1.1120
22.862          0.78674
23.382          0.68779
23.902          0.72295
24.421          0.93901
24.941          1.3680
25.460          1.4471
25.980          1.0289
26.500          0.75300
27.019          0.68441
27.539          0.74417
28.059          1.0045
28.578          1.4304
29.098          1.3919
29.617          0.96100
30.137          0.72967
30.657          0.68604
31.176          0.77356
31.696          1.0812
32.215          1.4729
32.735          1.3138
33.255          0.89714
33.774          0.71125
34.294          0.69303
34.813          0.81739
35.333          1.1774
35.853          1.4927
36.372          1.2135
36.892          0.83610
37.411          0.69679
37.931          0.70576
38.451          0.87549
38.970          1.2812
39.490          1.4827
40.009          1.1121
40.529          0.78676
41.049          0.68779
41.568          0.72295
42.088          0.93900
42.607          1.3679
43.127          1.4471
43.647          1.0289
44.166          0.75300
44.686          0.68442
45.205          0.74418
45.725          1.0046
46.245          1.4304
46.764          1.3918
47.284          0.96097
47.803          0.72966
48.323          0.68604
48.843          0.77359
49.362          1.0812
49.882          1.4730
50.401          1.3137
50.921          0.89708
51.441          0.71124
51.960          0.69304
52.480          0.81745
52.999          1.1775
