0.0000          1.0072
0.51960         1.3883
1.0392          1.3146
1.5588          0.92258
2.0784          0.72632
2.5980          0.71654
3.1176          0.88407
3.6372          1.2661
4.1568          1.4144
4.6764          1.0575
5.1960          0.77303
5.7156          0.70315
6.2352          0.79465
6.7548          1.1075
7.2744          1.4295
7.7940          1.2165
8.3136          0.85162
8.8332          0.70992
9.3528          0.73824
9.8724          0.96230
10.392          1.3544
10.912          1.3556
11.431          0.96374
11.951          0.73870
12.470          0.70973
12.990          0.85057
13.510          1.2148
14.029          1.4299
14.549          1.1092
15.068          0.79545
15.588          0.70318
16.108          0.77234
16.627          1.0558
17.147          1.4137
17.666          1.2677
18.186          0.88524
18.706          0.71681
19.225          0.72596
19.745          0.92128
20.264          1.3132
20.784          1.3893
21.304          1.0088
21.823          0.75419
22.343          0.70531
22.862          0.82073
23.382          1.1611
23.902          1.4350
24.421          1.1629
24.941          0.82166
25.460          0.70542
25.980          0.75362
26.500          1.0072
27.019          1.3883
27.539          1.3146
28.059          0.92258
28.578          0.72632
29.098          0.71654
29.617          0.88407
30.137          1.2661
30.657          1.4144
31.176          1.0575
31.696          0.77303
32.215          0.70315
32.735          0.79465
33.255          1.1075
33.774          1.4295
34.294          1.2165
34.813          0.85162
35.333          0.70992
35.853          0.73824
36.372          0.96230
36.892          1.3544
37.411          1.3556
37.931          0.96374
38.451          0.73870
38.970          0.70973
39.490          0.85057
40.009          1.2148
40.529          1.4299
41.049          1.1092
41.568          0.79545
42.088          0.70318
42.607          0.77234
43.127          1.0558
43.647          1.4137
44.166          1.2677
44.686          0.88524
45.205          0.71681
45.725          0.72596
46.245          0.92128
46.764          1.3132
47.284          1.3893
47.803          1.0088
48.323          0.75419
48.843          0.70531
49.362          0.82073
49.882          1.1611
50.401          1.4350
50.921          1.1629
51.441          0.82166
51.960          0.70542
52.480          0.75362
52.999          1.0072
