0.0000          1.0139
0.51960         1.3925
1.0392          1.3083
1.5588          0.91704
2.0784          0.72480
2.5980          0.71771
3.1176          0.88912
3.6372          1.2731
4.1568          1.4114
4.6764          1.0503
5.1960          0.77014
5.7156          0.70332
6.2352          0.79813
6.7548          1.1150
7.2744          1.4309
7.7940          1.2090
8.3136          0.84713
8.8332          0.70914
9.3528          0.74026
9.8724          0.96851
10.392          1.3597
10.912          1.3501
11.431          0.95758
11.951          0.73674
12.470          0.71057
12.990          0.85520
13.510          1.2224
14.029          1.4282
14.549          1.1015
15.068          0.79197
15.588          0.70305
16.108          0.77539
16.627          1.0632
17.147          1.4166
17.666          1.2604
18.186          0.88007
18.706          0.71565
19.225          0.72761
19.745          0.92713
20.264          1.3197
20.784          1.3847
21.304          1.0018
21.823          0.75168
22.343          0.70583
22.862          0.82497
23.382          1.1692
23.902          1.4349
24.421          1.1548
24.941          0.81748
25.460          0.70495
25.980          0.75623
26.500          1.0143
27.019          1.3927
27.539          1.3079
28.059          0.91670
28.578          0.72471
29.098          0.71779
29.617          0.88945
30.137          1.2735
30.657          1.4112
31.176          1.0499
31.696          0.76995
32.215          0.70333
32.735          0.79833
33.255          1.1155
33.774          1.4310
34.294          1.2085
34.813          0.84687
35.333          0.70908
35.853          0.74034
36.372          0.96878
36.892          1.3599
37.411          1.3499
37.931          0.95734
38.451          0.73665
38.970          0.71057
39.490          0.85530
40.009          1.2226
40.529          1.4283
41.049          1.1014
41.568          0.79190
42.088          0.70303
42.607          0.77538
43.127          1.0632
43.647          1.4167
44.166          1.2605
44.686          0.88010
45.205          0.71564
45.725          0.72755
46.245          0.92697
46.764          1.3196
47.284          1.3849
47.803          1.0020
48.323          0.75175
48.843          0.70579
49.362          0.82477
49.882          1.1688
50.401          1.4350
50.921          1.1552
51.441          0.81768
51.960          0.70496
52.480          0.75607
52.999          1.0139
