0.0000          1.0181
0.51960         1.3949
1.0392          1.3042
1.5588          0.91358
2.0784          0.72388
2.5980          0.71850
3.1176          0.89241
3.6372          1.2775
4.1568          1.4093
4.6764          1.0458
5.1960          0.76832
5.7156          0.70346
6.2352          0.80041
6.7548          1.1199
7.2744          1.4317
7.7940          1.2041
8.3136          0.84427
8.8332          0.70865
9.3528          0.74156
9.8724          0.97248
10.392          1.3630
10.912          1.3466
11.431          0.95375
11.951          0.73553
12.470          0.71109
12.990          0.85806
13.510          1.2270
14.029          1.4272
14.549          1.0969
15.068          0.78989
15.588          0.70297
16.108          0.77718
16.627          1.0675
17.147          1.4183
17.666          1.2562
18.186          0.87713
18.706          0.71498
19.225          0.72851
19.745          0.93036
20.264          1.3232
20.784          1.3823
21.304          0.99810
21.823          0.75034
22.343          0.70610
22.862          0.82719
23.382          1.1734
23.902          1.4348
24.421          1.1506
24.941          0.81536
25.460          0.70470
25.980          0.75754
26.500          1.0179
27.019          1.3948
27.539          1.3046
28.059          0.91384
28.578          0.72393
29.098          0.71841
29.617          0.89207
30.137          1.2771
30.657          1.4096
31.176          1.0463
31.696          0.76851
32.215          0.70343
32.735          0.80013
33.255          1.1193
33.774          1.4317
34.294          1.2047
34.813          0.84462
35.333          0.70871
35.853          0.74139
36.372          0.97198
36.892          1.3626
37.411          1.3470
37.931          0.95422
38.451          0.73568
38.970          0.71104
39.490          0.85775
40.009          1.2265
40.529          1.4273
41.049          1.0974
41.568          0.79011
42.088          0.70300
42.607          0.77705
43.127          1.0672
43.647          1.4181
44.166          1.2565
44.686          0.87734
45.205          0.71504
45.725          0.72850
46.245          0.93027
46.764          1.3231
47.284          1.3823
47.803          0.99816
48.323          0.75038
48.843          0.70613
49.362          0.82725
49.882          1.1735
50.401          1.4347
50.921          1.1505
51.441          0.81530
51.960          0.70472
52.480          0.75766
52.999          1.0181
