0.0000          1.0127
0.51960         1.3917
1.0392          1.3094
1.5588          0.91802
2.0784          0.72507
2.5980          0.71750
3.1176          0.88823
3.6372          1.2719
4.1568          1.4119
4.6764          1.0516
5.1960          0.77064
5.7156          0.70328
6.2352          0.79749
6.7548          1.1136
7.2744          1.4307
7.7940          1.2103
8.3136          0.84794
8.8332          0.70927
9.3528          0.73986
9.8724          0.96731
10.392          1.3587
10.912          1.3512
11.431          0.95877
11.951          0.73711
12.470          0.71038
12.990          0.85423
13.510          1.2208
14.029          1.4286
14.549          1.1032
15.068          0.79269
15.588          0.70306
16.108          0.77469
16.627          1.0615
17.147          1.4160
17.666          1.2621
18.186          0.88124
18.706          0.71589
19.225          0.72719
19.745          0.92570
20.264          1.3181
20.784          1.3859
21.304          1.0035
21.823          0.75228
22.343          0.70568
22.862          0.82387
23.382          1.1671
23.902          1.4350
24.421          1.1569
24.941          0.81855
25.460          0.70505
25.980          0.75553
26.500          1.0124
27.019          1.3916
27.539          1.3097
28.059          0.91825
28.578          0.72513
29.098          0.71745
29.617          0.88801
30.137          1.2716
30.657          1.4121
31.176          1.0519
31.696          0.77077
32.215          0.70328
32.735          0.79736
33.255          1.1134
33.774          1.4306
34.294          1.2106
34.813          0.84811
35.333          0.70930
35.853          0.73981
36.372          0.96714
36.892          1.3585
37.411          1.3513
37.931          0.95893
38.451          0.73717
38.970          0.71038
39.490          0.85417
40.009          1.2207
40.529          1.4286
41.049          1.1032
41.568          0.79273
42.088          0.70308
42.607          0.77471
43.127          1.0615
43.647          1.4160
44.166          1.2621
44.686          0.88121
45.205          0.71590
45.725          0.72723
46.245          0.92581
46.764          1.3182
47.284          1.3858
47.803          1.0034
48.323          0.75224
48.843          0.70571
49.362          0.82401
49.882          1.1674
50.401          1.4349
50.921          1.1566
51.441          0.81841
51.960          0.70505
52.480          0.75563
52.999          1.0127
