0.0000          1.0052
0.51960         1.3869
1.0392          1.3164
1.5588          0.92422
2.0784          0.72681
2.5980          0.71627
3.1176          0.88277
3.6372          1.2642
4.1568          1.4150
4.6764          1.0593
5.1960          0.77379
5.7156          0.70314
6.2352          0.79387
6.7548          1.1057
7.2744          1.4291
7.7940          1.2182
8.3136          0.85264
8.8332          0.71011
9.3528          0.73784
9.8724          0.96102
10.392          1.3532
10.912          1.3567
11.431          0.96500
11.951          0.73911
12.470          0.70957
12.990          0.84964
13.510          1.2132
14.029          1.4302
14.549          1.1108
15.068          0.79616
15.588          0.70320
16.108          0.77171
16.627          1.0542
17.147          1.4131
17.666          1.2693
18.186          0.88635
18.706          0.71705
19.225          0.72557
19.745          0.91993
20.264          1.3117
20.784          1.3904
21.304          1.0104
21.823          0.75478
22.343          0.70515
22.862          0.81961
23.382          1.1590
23.902          1.4351
24.421          1.1651
24.941          0.82279
25.460          0.70552
25.980          0.75283
26.500          1.0051
27.019          1.3870
27.539          1.3168
28.059          0.92440
28.578          0.72681
29.098          0.71610
29.617          0.88226
30.137          1.2636
30.657          1.4155
31.176          1.0601
31.696          0.77409
32.215          0.70306
32.735          0.79329
33.255          1.1045
33.774          1.4290
34.294          1.2195
34.813          0.85342
35.333          0.71022
35.853          0.73743
36.372          0.95979
36.892          1.3522
37.411          1.3578
37.931          0.96628
38.451          0.73952
38.970          0.70940
39.490          0.84869
40.009          1.2116
40.529          1.4305
41.049          1.1123
41.568          0.79690
42.088          0.70326
42.607          0.77118
43.127          1.0529
43.647          1.4124
44.166          1.2705
44.686          0.88728
45.205          0.71730
45.725          0.72540
46.245          0.91918
46.764          1.3107
47.284          1.3907
47.803          1.0112
48.323          0.75512
48.843          0.70518
49.362          0.81938
49.882          1.1584
50.401          1.4349
50.921          1.1654
51.441          0.82302
51.960          0.70562
52.480          0.75291
52.999          1.0052
