0.0000          0.98835
0.51960         1.3753
1.0392          1.3322
1.5588          0.93896
2.0784          0.73104
2.5980          0.71347
3.1176          0.86996
3.6372          1.2456
4.1568          1.4219
4.6764          1.0782
5.1960          0.78173
5.7156          0.70291
6.2352          0.78515
6.7548          1.0861
7.2744          1.4243
7.7940          1.2377
8.3136          0.86483
8.8332          0.71242
9.3528          0.73292
9.8724          0.94524
10.392          1.3385
10.912          1.3701
11.431          0.98147
11.951          0.74458
12.470          0.70768
12.990          0.83810
13.510          1.1933
14.029          1.4332
14.549          1.1307
15.068          0.80555
15.588          0.70382
16.108          0.76440
16.627          1.0358
17.147          1.4046
17.666          1.2872
18.186          0.89980
18.706          0.72031
19.225          0.72184
19.745          0.90586
20.264          1.2949
20.784          1.4005
21.304          1.0279
21.823          0.76135
22.343          0.70417
22.862          0.80976
23.382          1.1394
23.902          1.4341
24.421          1.1846
24.941          0.83328
25.460          0.70694
25.980          0.74702
26.500          0.98861
27.019          1.3756
27.539          1.3320
28.059          0.93874
28.578          0.73096
29.098          0.71347
29.617          0.87004
30.137          1.2457
30.657          1.4219
31.176          1.0781
31.696          0.78168
32.215          0.70288
32.735          0.78511
33.255          1.0861
33.774          1.4243
34.294          1.2378
34.813          0.86488
35.333          0.71242
35.853          0.73285
36.372          0.94506
36.892          1.3383
37.411          1.3704
37.931          0.98170
38.451          0.74465
38.970          0.70763
39.490          0.83787
40.009          1.1929
40.529          1.4333
41.049          1.1311
41.568          0.80575
42.088          0.70383
42.607          0.76422
43.127          1.0354
43.647          1.4044
44.166          1.2877
44.686          0.90014
45.205          0.72039
45.725          0.72175
46.245          0.90551
46.764          1.2944
47.284          1.4007
47.803          1.0284
48.323          0.76152
48.843          0.70415
49.362          0.80955
49.882          1.1389
50.401          1.4340
50.921          1.1850
51.441          0.83352
51.960          0.70699
52.480          0.74694
52.999          0.98835
