0.0000          0.99138
0.51960         1.3776
1.0392          1.3295
1.5588          0.93628
2.0784          0.73023
2.5980          0.71389
3.1176          0.87207
3.6372          1.2488
4.1568          1.4209
4.6764          1.0751
5.1960          0.78037
5.7156          0.70289
6.2352          0.78646
6.7548          1.0892
7.2744          1.4252
7.7940          1.2348
8.3136          0.86292
8.8332          0.71203
9.3528          0.73360
9.8724          0.94751
10.392          1.3407
10.912          1.3683
11.431          0.97906
11.951          0.74375
12.470          0.70791
12.990          0.83968
13.510          1.1961
14.029          1.4329
14.549          1.1279
15.068          0.80421
15.588          0.70372
16.108          0.76539
16.627          1.0384
17.147          1.4058
17.666          1.2848
18.186          0.89790
18.706          0.71984
19.225          0.72237
19.745          0.90785
20.264          1.2973
20.784          1.3990
21.304          1.0254
21.823          0.76037
22.343          0.70432
22.862          0.81125
23.382          1.1423
23.902          1.4343
24.421          1.1816
24.941          0.83163
25.460          0.70673
25.980          0.74797
26.500          0.99130
27.019          1.3774
27.539          1.3294
28.059          0.93630
28.578          0.73026
29.098          0.71395
29.617          0.87221
30.137          1.2489
30.657          1.4207
31.176          1.0748
31.696          0.78027
32.215          0.70293
32.735          0.78667
33.255          1.0896
33.774          1.4252
34.294          1.2342
34.813          0.86261
35.333          0.71198
35.853          0.73377
36.372          0.94802
36.892          1.3412
37.411          1.3678
37.931          0.97849
38.451          0.74357
38.970          0.70799
39.490          0.84011
40.009          1.1968
40.529          1.4328
41.049          1.1272
41.568          0.80385
42.088          0.70369
42.607          0.76565
43.127          1.0390
43.647          1.4062
44.166          1.2841
44.686          0.89741
45.205          0.71971
45.725          0.72246
46.245          0.90827
46.764          1.2979
47.284          1.3988
47.803          1.0249
48.323          0.76017
48.843          0.70431
49.362          0.81142
49.882          1.1427
50.401          1.4344
50.921          1.1813
51.441          0.83145
51.960          0.70668
52.480          0.74797
52.999          0.99138
