0.0000          1.0100
0.51960         1.3900
1.0392          1.3118
1.5588          0.92015
2.0784          0.72568
2.5980          0.71712
3.1176          0.88645
3.6372          1.2694
4.1568          1.4129
4.6764          1.0540
5.1960          0.77165
5.7156          0.70325
6.2352          0.79639
6.7548          1.1112
7.2744          1.4302
7.7940          1.2127
8.3136          0.84935
8.8332          0.70952
9.3528          0.73926
9.8724          0.96545
10.392          1.3571
10.912          1.3528
11.431          0.96059
11.951          0.73769
12.470          0.71013
12.990          0.85286
13.510          1.2186
14.029          1.4291
14.549          1.1054
15.068          0.79371
15.588          0.70308
16.108          0.77375
16.627          1.0593
17.147          1.4152
17.666          1.2644
18.186          0.88283
18.706          0.71623
19.225          0.72663
19.745          0.92376
20.264          1.3161
20.784          1.3875
21.304          1.0059
21.823          0.75311
22.343          0.70546
22.862          0.82230
23.382          1.1642
23.902          1.4351
24.421          1.1599
24.941          0.82009
25.460          0.70519
25.980          0.75445
26.500          1.0096
27.019          1.3899
27.539          1.3126
28.059          0.92067
28.578          0.72577
29.098          0.71687
29.617          0.88561
30.137          1.2683
30.657          1.4136
31.176          1.0553
31.696          0.77213
32.215          0.70316
32.735          0.79560
33.255          1.1096
33.774          1.4300
34.294          1.2145
34.813          0.85038
35.333          0.70969
35.853          0.73876
36.372          0.96393
36.892          1.3558
37.411          1.3542
37.931          0.96211
38.451          0.73818
38.970          0.70995
39.490          0.85180
40.009          1.2168
40.529          1.4294
41.049          1.1071
41.568          0.79451
42.088          0.70316
42.607          0.77322
43.127          1.0579
43.647          1.4145
44.166          1.2656
44.686          0.88373
45.205          0.71649
45.725          0.72650
46.245          0.92314
46.764          1.3152
47.284          1.3877
47.803          1.0065
48.323          0.75338
48.843          0.70553
49.362          0.82226
49.882          1.1640
50.401          1.4349
50.921          1.1599
51.441          0.82012
51.960          0.70528
52.480          0.75469
52.999          1.0100
