0.0000          1.0862
0.51960         1.4243
1.0392          1.2377
1.5588          0.86482
2.0784          0.71242
2.5980          0.73291
3.1176          0.94522
3.6372          1.3385
4.1568          1.3702
4.6764          0.98150
5.1960          0.74459
5.7156          0.70767
6.2352          0.83807
6.7548          1.1932
7.2744          1.4332
7.7940          1.1307
8.3136          0.80558
8.8332          0.70382
9.3528          0.76439
9.8724          1.0358
10.392          1.4045
10.912          1.2872
11.431          0.89983
11.951          0.72032
12.470          0.72185
12.990          0.90586
13.510          1.2949
14.029          1.4004
14.549          1.0279
15.068          0.76135
15.588          0.70418
16.108          0.80980
16.627          1.1394
17.147          1.4341
17.666          1.1845
18.186          0.83324
18.706          0.70695
19.225          0.74707
19.745          0.98874
20.264          1.3756
20.784          1.3319
21.304          0.93862
21.823          0.73093
22.343          0.71351
22.862          0.87019
23.382          1.2459
23.902          1.4218
24.421          1.0779
24.941          0.78158
25.460          0.70289
25.980          0.78525
26.500          1.0864
27.019          1.4244
27.539          1.2375
28.059          0.86469
28.578          0.71238
29.098          0.73294
29.617          0.94533
30.137          1.3386
30.657          1.3701
31.176          0.98140
31.696          0.74454
32.215          0.70766
32.735          0.83808
33.255          1.1933
33.774          1.4332
34.294          1.1307
34.813          0.80557
35.333          0.70381
35.853          0.76435
36.372          1.0357
36.892          1.4045
37.411          1.2874
37.931          0.89989
38.451          0.72032
38.970          0.72181
39.490          0.90574
40.009          1.2947
40.529          1.4006
41.049          1.0281
41.568          0.76141
42.088          0.70416
42.607          0.80968
43.127          1.1392
43.647          1.4341
44.166          1.1848
44.686          0.83338
45.205          0.70696
45.725          0.74698
46.245          0.98850
46.764          1.3755
47.284          1.3321
47.803          0.93883
48.323          0.73099
48.843          0.71347
49.362          0.87002
49.882          1.2457
50.401          1.4219
50.921          1.0782
51.441          0.78169
51.960          0.70290
52.480          0.78515
52.999          1.0862
