0.0000          0.99367
0.51960         1.3792
1.0392          1.3274
1.5588          0.93424
2.0784          0.72964
2.5980          0.71427
3.1176          0.87382
3.6372          1.2514
4.1568          1.4200
4.6764          1.0724
5.1960          0.77925
5.7156          0.70293
6.2352          0.78769
6.7548          1.0920
7.2744          1.4259
7.7940          1.2319
8.3136          0.86115
8.8332          0.71170
9.3528          0.73434
9.8724          0.94987
10.392          1.3429
10.912          1.3662
11.431          0.97651
11.951          0.74291
12.470          0.70822
12.990          0.84153
13.510          1.1993
14.029          1.4324
14.549          1.1246
15.068          0.80266
15.588          0.70363
16.108          0.76663
16.627          1.0415
17.147          1.4073
17.666          1.2816
18.186          0.89554
18.706          0.71927
19.225          0.72304
19.745          0.91039
20.264          1.3004
20.784          1.3972
21.304          1.0221
21.823          0.75916
22.343          0.70451
22.862          0.81309
23.382          1.1460
23.902          1.4345
24.421          1.1779
24.941          0.82962
25.460          0.70645
25.980          0.74907
26.500          0.99444
27.019          1.3797
27.539          1.3265
28.059          0.93352
28.578          0.72944
29.098          0.71443
29.617          0.87453
30.137          1.2524
30.657          1.4196
31.176          1.0713
31.696          0.77880
32.215          0.70294
32.735          0.78817
33.255          1.0931
33.774          1.4262
34.294          1.2309
34.813          0.86046
35.333          0.71155
35.853          0.73456
36.372          0.95063
36.892          1.3437
37.411          1.3657
37.931          0.97576
38.451          0.74264
38.970          0.70825
39.490          0.84190
40.009          1.2000
40.529          1.4324
41.049          1.1241
41.568          0.80236
42.088          0.70356
42.607          0.76671
43.127          1.0418
43.647          1.4075
44.166          1.2816
44.686          0.89540
45.205          0.71920
45.725          0.72297
46.245          0.91025
46.764          1.3003
47.284          1.3975
47.803          1.0224
48.323          0.75922
48.843          0.70443
49.362          0.81277
49.882          1.1455
50.401          1.4346
50.921          1.1786
51.441          0.82997
51.960          0.70647
52.480          0.74877
52.999          0.99367
