0.0000          1.0368
0.51960         1.4053
1.0392          1.2865
1.5588          0.89913
2.0784          0.72009
2.5980          0.72189
3.1176          0.90622
3.6372          1.2954
4.1568          1.4004
4.6764          1.0276
5.1960          0.76117
5.7156          0.70413
6.2352          0.80981
6.7548          1.1395
7.2744          1.4342
7.7940          1.1846
8.3136          0.83321
8.8332          0.70692
9.3528          0.74701
9.8724          0.98861
10.392          1.3756
10.912          1.3320
11.431          0.93873
11.951          0.73096
12.470          0.71349
12.990          0.87012
13.510          1.2458
14.029          1.4218
14.549          1.0780
15.068          0.78162
15.588          0.70293
16.108          0.78532
16.627          1.0865
17.147          1.4243
17.666          1.2372
18.186          0.86456
18.706          0.71240
19.225          0.73312
19.745          0.94582
20.264          1.3389
20.784          1.3695
21.304          0.98077
21.823          0.74437
22.343          0.70783
22.862          0.83881
23.382          1.1944
23.902          1.4328
24.421          1.1293
24.941          0.80495
25.460          0.70384
25.980          0.76505
26.500          1.0374
27.019          1.4052
27.539          1.2855
28.059          0.89854
28.578          0.72004
29.098          0.72230
29.617          0.90747
30.137          1.2968
30.657          1.3992
31.176          1.0258
31.696          0.76056
32.215          0.70434
32.735          0.81112
33.255          1.1421
33.774          1.4342
34.294          1.1818
34.813          0.83176
35.333          0.70675
35.853          0.74790
36.372          0.99113
36.892          1.3774
37.411          1.3296
37.931          0.93645
38.451          0.73029
38.970          0.71387
39.490          0.87197
40.009          1.2486
40.529          1.4210
41.049          1.0752
41.568          0.78041
42.088          0.70287
42.607          0.78633
43.127          1.0889
43.647          1.4252
44.166          1.2351
44.686          0.86309
45.205          0.71203
45.725          0.73343
46.245          0.94705
46.764          1.3404
47.284          1.3689
47.803          0.97964
48.323          0.74391
48.843          0.70776
49.362          0.83903
49.882          1.1951
50.401          1.4332
50.921          1.1292
51.441          0.80476
51.960          0.70368
52.480          0.76475
52.999          1.0368
