0.0000          1.0158
0.51960         1.3936
1.0392          1.3065
1.5588          0.91550
2.0784          0.72437
2.5980          0.71803
3.1176          0.89050
3.6372          1.2750
4.1568          1.4106
4.6764          1.0484
5.1960          0.76937
5.7156          0.70337
6.2352          0.79906
6.7548          1.1170
7.2744          1.4313
7.7940          1.2070
8.3136          0.84595
8.8332          0.70894
9.3528          0.74080
9.8724          0.97016
10.392          1.3611
10.912          1.3486
11.431          0.95596
11.951          0.73624
12.470          0.71082
12.990          0.85648
13.510          1.2244
14.029          1.4277
14.549          1.0994
15.068          0.79103
15.588          0.70304
16.108          0.77627
16.627          1.0653
17.147          1.4174
17.666          1.2583
18.186          0.87861
18.706          0.71534
19.225          0.72812
19.745          0.92888
20.264          1.3216
20.784          1.3833
21.304          0.99974
21.823          0.75095
22.343          0.70602
22.862          0.82632
23.382          1.1717
23.902          1.4348
24.421          1.1522
24.941          0.81619
25.460          0.70482
25.980          0.75710
26.500          1.0166
27.019          1.3940
27.539          1.3056
28.059          0.91478
28.578          0.72420
29.098          0.71824
29.617          0.89129
30.137          1.2760
30.657          1.4100
31.176          1.0473
31.696          0.76893
32.215          0.70341
32.735          0.79962
33.255          1.1182
33.774          1.4315
34.294          1.2058
34.813          0.84525
35.333          0.70881
35.853          0.74107
36.372          0.97103
36.892          1.3618
37.411          1.3480
37.931          0.95516
38.451          0.73596
38.970          0.71087
39.490          0.85692
40.009          1.2252
40.529          1.4277
41.049          1.0988
41.568          0.79071
42.088          0.70297
42.607          0.77638
43.127          1.0656
43.647          1.4176
44.166          1.2581
44.686          0.87844
45.205          0.71525
45.725          0.72805
46.245          0.92878
46.764          1.3216
47.284          1.3836
47.803          0.99996
48.323          0.75099
48.843          0.70593
49.362          0.82598
49.882          1.1712
50.401          1.4349
50.921          1.1529
51.441          0.81651
51.960          0.70481
52.480          0.75677
52.999          1.0158
