0.0000          1.0452
0.51960         1.4092
1.0392          1.2782
1.5588          0.89288
2.0784          0.71859
2.5980          0.72367
3.1176          0.91288
3.6372          1.3035
4.1568          1.3956
4.6764          1.0191
5.1960          0.75798
5.7156          0.70463
6.2352          0.81470
6.7548          1.1493
7.2744          1.4347
7.7940          1.1747
8.3136          0.82789
8.8332          0.70621
9.3528          0.75001
9.8724          0.99713
10.392          1.3815
10.912          1.3240
11.431          0.93116
11.951          0.72877
12.470          0.71490
12.990          0.87664
13.510          1.2554
14.029          1.4184
14.549          1.0682
15.068          0.77749
15.588          0.70302
16.108          0.78977
16.627          1.0966
17.147          1.4269
17.666          1.2272
18.186          0.85823
18.706          0.71117
19.225          0.73560
19.745          0.95386
20.264          1.3466
20.784          1.3627
21.304          0.97228
21.823          0.74152
22.343          0.70875
22.862          0.84462
23.382          1.2046
23.902          1.4315
24.421          1.1192
24.941          0.80013
25.460          0.70347
25.980          0.76864
26.500          1.0466
27.019          1.4096
27.539          1.2767
28.059          0.89181
28.578          0.71836
29.098          0.72406
29.617          0.91427
30.137          1.3051
30.657          1.3944
31.176          1.0173
31.696          0.75732
32.215          0.70475
32.735          0.81576
33.255          1.1514
33.774          1.4348
34.294          1.1726
34.813          0.82674
35.333          0.70604
35.853          0.75060
36.372          0.99883
36.892          1.3828
37.411          1.3226
37.931          0.92972
38.451          0.72832
38.970          0.71508
39.490          0.87763
40.009          1.2570
40.529          1.4181
41.049          1.0668
41.568          0.77687
42.088          0.70294
42.607          0.79011
43.127          1.0975
43.647          1.4274
44.166          1.2266
44.686          0.85775
45.205          0.71100
45.725          0.73555
46.245          0.95390
46.764          1.3469
47.284          1.3631
47.803          0.97240
48.323          0.74150
48.843          0.70859
49.362          0.84412
49.882          1.2039
50.401          1.4319
50.921          1.1203
51.441          0.80054
51.960          0.70342
52.480          0.76806
52.999          1.0452
