0.0000          0.97427
0.51960         1.3645
1.0392          1.3451
1.5588          0.95204
2.0784          0.73500
2.5980          0.71134
3.1176          0.85936
3.6372          1.2291
4.1568          1.4267
4.6764          1.0948
5.1960          0.78895
5.7156          0.70295
6.2352          0.77806
6.7548          1.0696
7.2744          1.4190
7.7940          1.2541
8.3136          0.87572
8.8332          0.71468
9.3528          0.72901
9.8724          0.93207
10.392          1.3250
10.912          1.3809
11.431          0.99612
11.951          0.74965
12.470          0.70629
12.990          0.82850
13.510          1.1758
14.029          1.4346
14.549          1.1481
15.068          0.81413
15.588          0.70459
16.108          0.75842
16.627          1.0202
17.147          1.3961
17.666          1.3023
18.186          0.91196
18.706          0.72344
19.225          0.71888
19.745          0.89396
20.264          1.2796
20.784          1.4083
21.304          1.0437
21.823          0.76748
22.343          0.70354
22.862          0.80152
23.382          1.1222
23.902          1.4321
24.421          1.2017
24.941          0.84292
25.460          0.70844
25.980          0.74223
26.500          0.97447
27.019          1.3646
27.539          1.3448
28.059          0.95182
28.578          0.73494
29.098          0.71140
29.617          0.85962
30.137          1.2295
30.657          1.4265
31.176          1.0944
31.696          0.78877
32.215          0.70296
32.735          0.77827
33.255          1.0701
33.774          1.4192
34.294          1.2536
34.813          0.87538
35.333          0.71461
35.853          0.72913
36.372          0.93247
36.892          1.3255
37.411          1.3806
37.931          0.99566
38.451          0.74948
38.970          0.70632
39.490          0.82876
40.009          1.1763
40.529          1.4347
41.049          1.1477
41.568          0.81389
42.088          0.70455
42.607          0.75852
43.127          1.0205
43.647          1.3964
44.166          1.3021
44.686          0.91173
45.205          0.72337
45.725          0.71889
46.245          0.89406
46.764          1.2798
47.284          1.4084
47.803          1.0436
48.323          0.76742
48.843          0.70351
49.362          0.80148
49.882          1.1222
50.401          1.4321
50.921          1.2018
51.441          0.84296
51.960          0.70843
52.480          0.74214
52.999          0.97427
