0.0000          1.0235
0.51960         1.3979
1.0392          1.2990
1.5588          0.90929
2.0784          0.72277
2.5980          0.71956
3.1176          0.89668
3.6372          1.2831
4.1568          1.4065
4.6764          1.0399
5.1960          0.76603
5.7156          0.70369
6.2352          0.80348
6.7548          1.1263
7.2744          1.4326
7.7940          1.1976
8.3136          0.84055
8.8332          0.70806
9.3528          0.74336
9.8724          0.97788
10.392          1.3674
10.912          1.3418
11.431          0.94861
11.951          0.73394
12.470          0.71186
12.990          0.86205
13.510          1.2334
14.029          1.4256
14.549          1.0906
15.068          0.78706
15.588          0.70289
16.108          0.77974
16.627          1.0736
17.147          1.4205
17.666          1.2503
18.186          0.87306
18.706          0.71408
19.225          0.72982
19.745          0.93495
20.264          1.3282
20.784          1.3788
21.304          0.99293
21.823          0.74849
22.343          0.70649
22.862          0.83031
23.382          1.1793
23.902          1.4346
24.421          1.1449
24.941          0.81245
25.460          0.70437
25.980          0.75935
26.500          1.0228
27.019          1.3977
27.539          1.3000
28.059          0.90998
28.578          0.72288
29.098          0.71923
29.617          0.89557
30.137          1.2818
30.657          1.4075
31.176          1.0416
31.696          0.76662
32.215          0.70356
32.735          0.80245
33.255          1.1243
33.774          1.4325
34.294          1.1998
34.813          0.84179
35.333          0.70824
35.853          0.74272
36.372          0.97598
36.892          1.3658
37.411          1.3435
37.931          0.95041
38.451          0.73450
38.970          0.71162
39.490          0.86074
40.009          1.2313
40.529          1.4260
41.049          1.0926
41.568          0.78798
42.088          0.70297
42.607          0.77909
43.127          1.0720
43.647          1.4197
44.166          1.2516
44.686          0.87407
45.205          0.71436
45.725          0.72968
46.245          0.93425
46.764          1.3272
47.284          1.3790
47.803          0.99355
48.323          0.74878
48.843          0.70658
49.362          0.83033
49.882          1.1791
50.401          1.4343
50.921          1.1447
51.441          0.81244
51.960          0.70447
52.480          0.75968
52.999          1.0235
