0.0000          1.0153
0.51960         1.3934
1.0392          1.3072
1.5588          0.91598
2.0784          0.72448
2.5980          0.71786
3.1176          0.88989
3.6372          1.2742
4.1568          1.4111
4.6764          1.0493
5.1960          0.76971
5.7156          0.70330
6.2352          0.79848
6.7548          1.1158
7.2744          1.4312
7.7940          1.2083
8.3136          0.84668
8.8332          0.70904
9.3528          0.74038
9.8724          0.96894
10.392          1.3601
10.912          1.3498
11.431          0.95720
11.951          0.73661
12.470          0.71060
12.990          0.85541
13.510          1.2227
14.029          1.4282
14.549          1.1012
15.068          0.79182
15.588          0.70305
16.108          0.77552
16.627          1.0635
17.147          1.4167
17.666          1.2601
18.186          0.87986
18.706          0.71561
19.225          0.72771
19.745          0.92746
20.264          1.3200
20.784          1.3844
21.304          1.0014
21.823          0.75155
22.343          0.70591
22.862          0.82534
23.382          1.1698
23.902          1.4348
24.421          1.1540
24.941          0.81712
25.460          0.70494
25.980          0.75658
26.500          1.0152
27.019          1.3931
27.539          1.3069
28.059          0.91592
28.578          0.72453
29.098          0.71805
29.617          0.89039
30.137          1.2747
30.657          1.4105
31.176          1.0485
31.696          0.76943
32.215          0.70342
32.735          0.79916
33.255          1.1172
33.774          1.4312
34.294          1.2067
34.813          0.84584
35.333          0.70894
35.853          0.74089
36.372          0.97042
36.892          1.3612
37.411          1.3484
37.931          0.95571
38.451          0.73616
38.970          0.71084
39.490          0.85662
40.009          1.2247
40.529          1.4277
41.049          1.0992
41.568          0.79093
42.088          0.70300
42.607          0.77625
43.127          1.0653
43.647          1.4175
44.166          1.2585
44.686          0.87867
45.205          0.71531
45.725          0.72798
46.245          0.92852
46.764          1.3213
47.284          1.3838
47.803          1.0003
48.323          0.75110
48.843          0.70589
49.362          0.82575
49.882          1.1707
50.401          1.4350
50.921          1.1534
51.441          0.81674
51.960          0.70482
52.480          0.75655
52.999          1.0153
