0.0000          0.96902
0.51960         1.3603
1.0392          1.3497
1.5588          0.95698
2.0784          0.73652
2.5980          0.71058
3.1176          0.85546
3.6372          1.2230
4.1568          1.4284
4.6764          1.1011
5.1960          0.79170
5.7156          0.70295
6.2352          0.77533
6.7548          1.0632
7.2744          1.4169
7.7940          1.2607
8.3136          0.88014
8.8332          0.71557
9.3528          0.72733
9.8724          0.92643
10.392          1.3192
10.912          1.3857
11.431          1.0028
11.951          0.75196
12.470          0.70557
12.990          0.82385
13.510          1.1673
14.029          1.4354
14.549          1.1571
15.068          0.81856
15.588          0.70494
16.108          0.75516
16.627          1.0116
17.147          1.3914
17.666          1.3109
18.186          0.91906
18.706          0.72527
19.225          0.71707
19.745          0.88673
20.264          1.2700
20.784          1.4132
21.304          1.0538
21.823          0.77147
22.343          0.70313
22.862          0.79615
23.382          1.1109
23.902          1.4304
24.421          1.2133
24.941          0.84958
25.460          0.70951
25.980          0.73902
26.500          0.96483
27.019          1.3567
27.539          1.3535
28.059          0.96113
28.578          0.73785
29.098          0.71007
29.617          0.85249
30.137          1.2180
30.657          1.4292
31.176          1.1059
31.696          0.79392
32.215          0.70316
32.735          0.77381
33.255          1.0593
33.774          1.4149
34.294          1.2641
34.813          0.88268
35.333          0.71629
35.853          0.72696
36.372          0.92463
36.892          1.3167
37.411          1.3863
37.931          1.0046
38.451          0.75274
38.970          0.70578
39.490          0.82372
40.009          1.1666
40.529          1.4346
41.049          1.1569
41.568          0.81869
42.088          0.70519
42.607          0.75581
43.127          1.0130
43.647          1.3916
44.166          1.3088
44.686          0.91762
45.205          0.72503
45.725          0.71777
46.245          0.88908
46.764          1.2729
47.284          1.4111
47.803          1.0502
48.323          0.77013
48.843          0.70338
49.362          0.79834
49.882          1.1155
50.401          1.4310
50.921          1.2083
51.441          0.84676
51.960          0.70907
52.480          0.74040
52.999          0.96902
