0.0000          1.0035
0.51960         1.3860
1.0392          1.3182
1.5588          0.92570
2.0784          0.72718
2.5980          0.71585
3.1176          0.88111
3.6372          1.2620
4.1568          1.4162
4.6764          1.0618
5.1960          0.77477
5.7156          0.70302
6.2352          0.79248
6.7548          1.1027
7.2744          1.4286
7.7940          1.2213
8.3136          0.85451
8.8332          0.71041
9.3528          0.73691
9.8724          0.95821
10.392          1.3508
10.912          1.3593
11.431          0.96793
11.951          0.74004
12.470          0.70915
12.990          0.84738
13.510          1.2094
14.029          1.4310
14.549          1.1146
15.068          0.79794
15.588          0.70329
16.108          0.77022
16.627          1.0506
17.147          1.4115
17.666          1.2729
18.186          0.88898
18.706          0.71768
19.225          0.72483
19.745          0.91716
20.264          1.3084
20.784          1.3923
21.304          1.0137
21.823          0.75602
22.343          0.70499
22.862          0.81782
23.382          1.1554
23.902          1.4349
24.421          1.1685
24.941          0.82462
25.460          0.70580
25.980          0.75193
26.500          1.0025
27.019          1.3851
27.539          1.3190
28.059          0.92654
28.578          0.72745
29.098          0.71580
29.617          0.88070
30.137          1.2613
30.657          1.4162
31.176          1.0622
31.696          0.77502
32.215          0.70310
32.735          0.79251
33.255          1.1027
33.774          1.4284
34.294          1.2211
34.813          0.85447
35.333          0.71046
35.853          0.73712
36.372          0.95871
36.892          1.3511
37.411          1.3586
37.931          0.96731
38.451          0.73988
38.970          0.70933
39.490          0.84810
40.009          1.2106
40.529          1.4306
41.049          1.1133
41.568          0.79737
42.088          0.70330
42.607          0.77083
43.127          1.0520
43.647          1.4121
44.166          1.2714
44.686          0.88791
45.205          0.71743
45.725          0.72517
46.245          0.91839
46.764          1.3099
47.284          1.3914
47.803          1.0122
48.323          0.75546
48.843          0.70506
49.362          0.81863
49.882          1.1571
50.401          1.4350
50.921          1.1670
51.441          0.82378
51.960          0.70566
52.480          0.75228
52.999          1.0035
