0.0000          1.0558
0.51960         1.4140
1.0392          1.2682
1.5588          0.88539
2.0784          0.71674
2.5980          0.72563
3.1176          0.92040
3.6372          1.3125
4.1568          1.3904
4.6764          1.0101
5.1960          0.75457
5.7156          0.70503
6.2352          0.81944
6.7548          1.1588
7.2744          1.4354
7.7940          1.1656
8.3136          0.82297
8.8332          0.70546
9.3528          0.75247
9.8724          1.0042
10.392          1.3867
10.912          1.3178
11.431          0.92522
11.951          0.72700
12.470          0.71584
12.990          0.88126
13.510          1.2623
14.029          1.4162
14.549          1.0616
15.068          0.77468
15.588          0.70301
16.108          0.79254
16.627          1.1029
17.147          1.4286
17.666          1.2211
18.186          0.85441
18.706          0.71042
19.225          0.73708
19.745          0.95862
20.264          1.3510
20.784          1.3587
21.304          0.96739
21.823          0.73992
22.343          0.70936
22.862          0.84816
23.382          1.2106
23.902          1.4304
24.421          1.1131
24.941          0.79732
25.460          0.70339
25.980          0.77116
26.500          1.0527
27.019          1.4120
27.539          1.2704
28.059          0.88731
28.578          0.71739
29.098          0.72563
29.617          0.91973
30.137          1.3111
30.657          1.3899
31.176          1.0104
31.696          0.75487
32.215          0.70539
32.735          0.82030
33.255          1.1600
33.774          1.4346
34.294          1.1635
34.813          0.82209
35.333          0.70559
35.853          0.75373
36.372          1.0073
36.892          1.3881
37.411          1.3142
37.931          0.92235
38.451          0.72632
38.970          0.71675
39.490          0.88472
40.009          1.2669
40.529          1.4138
41.049          1.0564
41.568          0.77264
42.088          0.70322
42.607          0.79527
43.127          1.1088
43.647          1.4298
44.166          1.2151
44.686          0.85080
45.205          0.70976
45.725          0.73856
46.245          0.96335
46.764          1.3554
47.284          1.3548
47.803          0.96275
48.323          0.73835
48.843          0.70975
49.362          0.85102
49.882          1.2157
50.401          1.4300
50.921          1.1086
51.441          0.79511
51.960          0.70305
52.480          0.77227
52.999          1.0558
