0.0000          1.1727
0.51960         1.4351
1.0392          1.1516
1.5588          0.81581
2.0784          0.70471
2.5980          0.75714
3.1176          1.0168
3.6372          1.3942
4.1568          1.3056
4.6764          0.91469
5.1960          0.72417
5.7156          0.71827
6.2352          0.89140
6.7548          1.2761
7.2744          1.4098
7.7940          1.0471
8.3136          0.76888
8.8332          0.70351
9.3528          0.80001
9.8724          1.1189
10.392          1.4313
10.912          1.2047
11.431          0.84476
11.951          0.70885
12.470          0.74168
12.990          0.97258
13.510          1.3627
14.029          1.3460
14.549          0.95341
15.068          0.73553
15.588          0.71143
16.108          0.85908
16.627          1.2284
17.147          1.4262
17.666          1.0950
18.186          0.78915
18.706          0.70316
19.225          0.77852
19.745          1.0704
20.264          1.4188
20.784          1.2527
21.304          0.87497
21.823          0.71464
22.343          0.72962
22.862          0.93380
23.382          1.3266
23.902          1.3790
24.421          0.99392
24.941          0.74895
25.460          0.70664
25.980          0.83033
26.500          1.1791
27.019          1.4342
27.539          1.1446
28.059          0.81243
28.578          0.70447
29.098          0.75968
29.617          1.0235
30.137          1.3980
30.657          1.2991
31.176          0.90931
31.696          0.72273
32.215          0.71944
32.735          0.89636
33.255          1.2829
33.774          1.4070
34.294          1.0405
34.813          0.76619
35.333          0.70353
35.853          0.80280
36.372          1.1251
36.892          1.4328
37.411          1.1992
37.931          0.84137
38.451          0.70807
38.970          0.74258
39.490          0.97583
40.009          1.3661
40.529          1.3442
41.049          0.95078
41.568          0.73451
42.088          0.71126
42.607          0.85964
43.127          1.2299
43.647          1.4271
44.166          1.0947
44.686          0.78876
45.205          0.70276
45.725          0.77763
46.245          1.0688
46.764          1.4192
47.284          1.2555
47.803          0.87642
48.323          0.71472
48.843          0.72844
49.362          0.93041
49.882          1.3236
50.401          1.3827
50.921          0.99825
51.441          0.75032
51.960          0.70595
52.480          0.82672
52.999          1.1727
