0.0000          0.75697
0.51960         1.0395
1.0392          1.4534
1.5588          1.3573
2.0784          0.93002
2.5980          0.72032
3.1176          0.68870
3.6372          0.79271
4.1568          1.1254
4.6764          1.4859
5.1960          1.2672
5.7156          0.86680
6.2352          0.70367
6.7548          0.69852
7.2744          0.84419
7.7940          1.2283
8.3136          1.4916
8.8332          1.1629
9.3528          0.81026
9.8724          0.69170
10.392          0.71364
10.912          0.90611
11.431          1.3263
11.951          1.4681
12.470          1.0692
12.990          0.76866
13.510          0.68551
14.029          0.73262
14.549          0.97024
15.068          1.4010
15.588          1.4227
16.108          0.99475
16.627          0.74078
17.147          0.68459
17.666          0.75708
18.186          1.0397
18.706          1.4535
19.225          1.3569
19.745          0.92973
20.264          0.72023
20.784          0.68874
21.304          0.79296
21.823          1.1259
22.343          1.4860
22.862          1.2666
23.382          0.86642
23.902          0.70358
24.421          0.69860
24.941          0.84456
25.460          1.2290
25.980          1.4915
26.500          1.1622
27.019          0.80994
27.539          0.69164
28.059          0.71374
28.578          0.90648
29.098          1.3268
29.617          1.4679
30.137          1.0687
30.657          0.76847
31.176          0.68548
31.696          0.73270
32.215          0.97050
32.735          1.4013
33.255          1.4225
33.774          0.99453
34.294          0.74070
34.813          0.68459
35.333          0.75711
35.853          1.0398
36.372          1.4536
36.892          1.3569
37.411          0.92969
37.931          0.72022
38.451          0.68873
38.970          0.79291
39.490          1.1258
40.009          1.4860
40.529          1.2667
41.049          0.86652
41.568          0.70360
42.088          0.69856
42.607          0.84439
43.127          1.2287
43.647          1.4916
44.166          1.1625
44.686          0.81009
45.205          0.69166
45.725          0.71367
46.245          0.90622
46.764          1.3265
47.284          1.4681
47.803          1.0691
48.323          0.76861
48.843          0.68549
49.362          0.73259
49.882          0.97018
50.401          1.4010
50.921          1.4228
51.441          0.99487
51.960          0.74082
52.480          0.68458
52.999          0.75697
