0.0000          1.4928
0.51960         1.2088
1.0392          0.83356
1.5588          0.69626
2.0784          0.70646
2.5980          0.87831
3.1176          1.2856
3.6372          1.4816
4.1568          1.1079
4.6764          0.78493
5.1960          0.68752
5.7156          0.72379
6.2352          0.94185
6.7548          1.3712
7.2744          1.4451
7.7940          1.0257
8.3136          0.75180
8.8332          0.68438
9.3528          0.74524
9.8724          1.0076
10.392          1.4326
10.912          1.3890
11.431          0.95818
11.951          0.72879
12.470          0.68622
12.990          0.77512
13.510          1.0849
14.029          1.4743
14.549          1.3098
15.068          0.89441
15.588          0.71054
16.108          0.69345
16.627          0.81961
17.147          1.1818
17.666          1.4929
18.186          1.2091
18.706          0.83371
19.225          0.69629
19.745          0.70640
20.264          0.87810
20.784          1.2853
21.304          1.4817
21.823          1.1082
22.343          0.78506
22.862          0.68754
23.382          0.72372
23.902          0.94162
24.421          1.3710
24.941          1.4452
25.460          1.0259
25.980          0.75189
26.500          0.68438
27.019          0.74516
27.539          1.0073
28.059          1.4324
28.578          1.3892
29.098          0.95839
29.617          0.72885
30.137          0.68621
30.657          0.77503
31.176          1.0847
31.696          1.4742
32.215          1.3100
32.735          0.89457
33.255          0.71058
33.774          0.69344
34.294          0.81953
34.813          1.1816
35.333          1.4928
35.853          1.2092
36.372          0.83379
36.892          0.69631
37.411          0.70640
37.931          0.87807
38.451          1.2852
38.970          1.4817
39.490          1.1082
40.009          0.78508
40.529          0.68755
41.049          0.72374
41.568          0.94168
42.088          1.3710
42.607          1.4451
43.127          1.0258
43.647          0.75186
44.166          0.68439
44.686          0.74523
45.205          1.0075
45.725          1.4326
46.245          1.3890
46.764          0.95819
47.284          0.72879
47.803          0.68623
48.323          0.77517
48.843          1.0850
49.362          1.4743
49.882          1.3097
50.401          0.89431
50.921          0.71051
51.441          0.69348
51.960          0.81975
52.480          1.1821
52.999          1.4928
