0.0000          0.69474
0.51960         0.82614
1.0392          1.1946
1.5588          1.4932
2.0784          1.1962
2.5980          0.82696
3.1176          0.69490
3.6372          0.70828
4.1568          0.88564
4.6764          1.2969
5.1960          1.4786
5.7156          1.0973
6.2352          0.78035
6.7548          0.68687
7.2744          0.72595
7.7940          0.94900
8.3136          1.3793
8.8332          1.4399
9.3528          1.0177
9.8724          0.74888
10.392          0.68431
10.912          0.74788
11.431          1.0150
11.951          1.4380
12.470          1.3820
12.990          0.95150
13.510          0.72671
14.029          0.68668
14.549          0.77885
15.068          1.0938
15.588          1.4775
16.108          1.3006
16.627          0.88810
17.147          0.70891
17.666          0.69448
18.186          0.82485
18.706          1.1921
19.225          1.4931
19.745          1.1987
20.264          0.82826
20.784          0.69517
21.304          0.70794
21.823          0.88426
22.343          1.2947
22.862          1.4791
23.382          1.0992
23.902          0.78116
24.421          0.68700
24.941          0.72566
25.460          0.94801
25.980          1.3781
26.500          1.4404
27.019          1.0187
27.539          0.74923
28.059          0.68436
28.578          0.74778
29.098          1.0146
29.617          1.4376
30.137          1.3820
30.657          0.95162
31.176          0.72676
31.696          0.68673
32.215          0.77908
32.735          1.0943
33.255          1.4775
33.774          1.2998
34.294          0.88762
34.813          0.70879
35.333          0.69463
35.853          0.82553
36.372          1.1934
36.892          1.4930
37.411          1.1973
37.931          0.82752
38.451          0.69503
38.970          0.70821
39.490          0.88530
40.009          1.2963
40.529          1.4785
41.049          1.0976
41.568          0.78049
42.088          0.68692
42.607          0.72603
43.127          0.94923
43.647          1.3794
44.166          1.4395
44.686          1.0173
45.205          0.74873
45.725          0.68436
46.245          0.74825
46.764          1.0160
47.284          1.4386
47.803          1.3808
48.323          0.95045
48.843          0.72640
49.362          0.68680
49.882          0.77968
50.401          1.0957
50.921          1.4780
51.441          1.2984
51.960          0.88668
52.480          0.70855
52.999          0.69474
