0.0000          1.4357
0.51960         1.1469
1.0392          0.81320
1.5588          0.70413
2.0784          0.75785
2.5980          1.0194
3.1176          1.3967
3.6372          1.3046
4.1568          0.91317
4.6764          0.72349
5.1960          0.71782
5.7156          0.89077
6.2352          1.2761
6.7548          1.4117
7.2744          1.0487
7.7940          0.76923
8.3136          0.70292
8.8332          0.79775
9.3528          1.1147
9.8724          1.4318
10.392          1.2103
10.912          0.84762
11.431          0.70899
11.951          0.73935
12.470          0.96622
12.990          1.3582
13.510          1.3529
14.029          0.96015
14.549          0.73745
15.068          0.70998
15.588          0.85263
16.108          1.2183
16.627          1.4294
17.147          1.1059
17.666          0.79389
18.186          0.70313
18.706          0.77374
19.225          1.0591
19.745          1.4148
20.264          1.2642
20.784          0.88281
21.304          0.71637
21.823          0.72710
22.343          0.92491
22.862          1.3168
23.382          1.3856
23.902          1.0040
24.421          0.75265
24.941          0.70607
25.460          0.82472
25.980          1.1682
26.500          1.4338
27.019          1.1546
27.539          0.81770
28.059          0.70533
28.578          0.75723
29.098          1.0163
29.617          1.3928
30.137          1.3045
30.657          0.91451
31.176          0.72440
31.696          0.71906
32.215          0.89352
32.735          1.2782
33.255          1.4073
33.774          1.0436
34.294          0.76771
34.813          0.70398
35.333          0.80273
35.853          1.1243
36.372          1.4314
36.892          1.1986
37.411          0.84144
37.931          0.70842
38.451          0.74359
38.970          0.97811
39.490          1.3671
40.009          1.3408
40.529          0.94808
41.049          0.73387
41.568          0.71216
42.088          0.86309
42.607          1.2349
43.127          1.4249
43.647          1.0888
44.166          0.78632
44.686          0.70287
45.205          0.78044
45.725          1.0754
46.245          1.4213
46.764          1.2488
47.284          0.87197
47.803          0.71375
48.323          0.72988
48.843          0.93549
49.362          1.3292
49.882          1.3791
50.401          0.99264
50.921          0.74825
51.441          0.70615
51.960          0.82952
52.480          1.1783
52.999          1.4357
