0.0000          1.0983
0.51960         0.78037
1.0392          0.68676
1.5588          0.72556
2.0784          0.94804
2.5980          1.3792
3.1176          1.4415
3.6372          1.0176
4.1568          0.74853
4.6764          0.68414
5.1960          0.74757
5.7156          1.0144
6.2352          1.4385
6.7548          1.3831
7.2744          0.95126
7.7940          0.72647
8.3136          0.68654
8.8332          0.77859
9.3528          1.0933
9.8724          1.4779
10.392          1.3011
10.912          0.88800
11.431          0.70881
11.951          0.69441
12.470          0.82470
12.990          1.1919
13.510          1.4933
14.029          1.1989
14.549          0.82821
15.068          0.69514
15.588          0.70793
16.108          0.88427
16.627          1.2948
17.147          1.4791
17.666          1.0991
18.186          0.78112
18.706          0.68697
19.225          0.72559
19.745          0.94794
20.264          1.3783
20.784          1.4407
21.304          1.0187
21.823          0.74921
22.343          0.68422
22.862          0.74724
23.382          1.0138
23.902          1.4385
24.421          1.3831
24.941          0.95180
25.460          0.72670
25.980          0.68633
26.500          0.77767
27.019          1.0929
27.539          1.4795
28.059          1.3010
28.578          0.88774
29.098          0.70865
29.617          0.69399
30.137          0.82371
30.657          1.1925
31.176          1.4953
31.696          1.1984
32.215          0.82770
32.735          0.69490
33.255          0.70761
33.774          0.88373
34.294          1.2955
34.813          1.4801
35.333          1.0987
35.853          0.78079
36.372          0.68686
36.892          0.72557
37.411          0.94799
37.931          1.3785
38.451          1.4406
38.970          1.0184
39.490          0.74909
40.009          0.68431
40.529          0.74773
41.049          1.0146
41.568          1.4377
42.088          1.3822
42.607          0.95176
43.127          0.72679
43.647          0.68667
44.166          0.77880
44.686          1.0937
45.205          1.4774
45.725          1.3006
46.245          0.88809
46.764          0.70889
47.284          0.69445
47.803          0.82482
48.323          1.1923
48.843          1.4936
49.362          1.1985
49.882          0.82786
50.401          0.69502
50.921          0.70788
51.441          0.88424
51.960          1.2953
52.480          1.4801
52.999          1.0983
