0.0000          1.0980
0.51960         1.4278
1.0392          1.2257
1.5588          0.85719
2.0784          0.71088
2.5980          0.73562
3.1176          0.95459
3.6372          1.3484
4.1568          1.3622
4.6764          0.97093
5.1960          0.74097
5.7156          0.70863
6.2352          0.84491
6.7548          1.2060
7.2744          1.4321
7.7940          1.1181
8.3136          0.79946
8.8332          0.70326
9.3528          0.76861
9.8724          1.0469
10.392          1.4105
10.912          1.2767
11.431          0.89150
11.951          0.71818
12.470          0.72383
12.990          0.91380
13.510          1.3049
14.029          1.3953
14.549          1.0180
15.068          0.75749
15.588          0.70451
16.108          0.81479
16.627          1.1497
17.147          1.4353
17.666          1.1748
18.186          0.82779
18.706          0.70604
19.225          0.74957
19.745          0.99621
20.264          1.3814
20.784          1.3256
21.304          0.93222
21.823          0.72895
22.343          0.71438
22.862          0.87486
23.382          1.2532
23.902          1.4200
24.421          1.0710
24.941          0.77855
25.460          0.70278
25.980          0.78790
26.500          1.0927
27.019          1.4266
27.539          1.2316
28.059          0.86061
28.578          0.71148
29.098          0.73424
29.617          0.94984
30.137          1.3434
30.657          1.3668
31.176          0.97627
31.696          0.74269
32.215          0.70808
32.735          0.84126
33.255          1.1990
33.774          1.4330
34.294          1.1249
34.813          0.80248
35.333          0.70352
35.853          0.76652
36.372          1.0413
36.892          1.4075
37.411          1.2818
37.931          0.89523
38.451          0.71915
38.970          0.72315
39.490          0.91076
40.009          1.3008
40.529          1.3968
41.049          1.0213
41.568          0.75883
42.088          0.70467
42.607          0.81393
43.127          1.1475
43.647          1.4342
44.166          1.1759
44.686          0.82865
45.205          0.70643
45.725          0.74999
46.245          0.99683
46.764          1.3810
47.284          1.3238
47.803          0.93119
48.323          0.72884
48.843          0.71505
49.362          0.87710
49.882          1.2562
50.401          1.4180
50.921          1.0671
51.441          0.77706
51.960          0.70299
52.480          0.79012
52.999          1.0980
