0.0000          0.74126
0.51960         0.68102
1.0392          0.71936
1.5588          0.91898
2.0784          1.3553
2.5980          1.5166
3.1176          1.1071
3.6372          0.78600
4.1568          0.68801
4.6764          0.69857
5.1960          0.83601
5.7156          1.2158
6.2352          1.5418
6.7548          1.2476
7.2744          0.85254
7.7940          0.70235
8.3136          0.68583
8.8332          0.77448
9.3528          1.0791
9.8724          1.5032
10.392          1.3824
10.912          0.93952
11.431          0.72531
11.951          0.68056
12.470          0.73383
12.990          0.96707
13.510          1.4146
14.029          1.4827
14.549          1.0451
15.068          0.76120
15.588          0.68355
16.108          0.70779
16.627          0.87515
17.147          1.2878
17.666          1.5371
18.186          1.1755
18.706          0.81639
19.225          0.69427
19.745          0.69131
20.264          0.80235
20.784          1.1448
21.304          1.5299
21.823          1.3182
22.343          0.89385
22.862          0.71255
23.382          0.68219
23.902          0.75191
24.421          1.0200
24.941          1.4642
25.460          1.4376
25.980          0.98964
26.500          0.74127
27.019          0.68102
27.539          0.71936
28.059          0.91896
28.578          1.3553
29.098          1.5166
29.617          1.1071
30.137          0.78601
30.657          0.68801
31.176          0.69856
31.696          0.83600
32.215          1.2158
32.735          1.5418
33.255          1.2476
33.774          0.85254
34.294          0.70235
34.813          0.68583
35.333          0.77448
35.853          1.0791
36.372          1.5032
36.892          1.3824
37.411          0.93951
37.931          0.72531
38.451          0.68056
38.970          0.73384
39.490          0.96708
40.009          1.4146
40.529          1.4827
41.049          1.0451
41.568          0.76119
42.088          0.68355
42.607          0.70779
43.127          0.87517
43.647          1.2878
44.166          1.5371
44.686          1.1755
45.205          0.81638
45.725          0.69426
46.245          0.69131
46.764          0.80236
47.284          1.1449
47.803          1.5299
48.323          1.3182
48.843          0.89382
49.362          0.71254
49.882          0.68219
50.401          0.75192
50.921          1.0201
51.441          1.4642
51.960          1.4376
52.480          0.98961
52.999          0.74126
