0.0000          0.70884
0.51960         0.69455
1.0392          0.82521
1.5588          1.1928
2.0784          1.4931
2.5980          1.1979
3.1176          0.82786
3.6372          0.69509
4.1568          0.70807
4.6764          0.88477
5.1960          1.2955
5.7156          1.4788
6.2352          1.0984
6.7548          0.78084
7.2744          0.68696
7.7940          0.72581
8.3136          0.94851
8.8332          1.3787
9.3528          1.4401
9.8724          1.0181
10.392          0.74903
10.912          0.68435
11.431          0.74791
11.951          1.0150
12.470          1.4379
12.990          1.3817
13.510          0.95132
14.029          0.72666
14.549          0.68673
15.068          0.77916
15.588          1.0945
16.108          1.4776
16.627          1.2997
17.147          0.88752
17.666          0.70877
18.186          0.69461
18.706          0.82548
19.225          1.1933
19.745          1.4931
20.264          1.1974
20.784          0.82759
21.304          0.69503
21.823          0.70814
22.343          0.88505
22.862          1.2960
23.382          1.4787
23.902          1.0980
24.421          0.78066
24.941          0.68693
25.460          0.72587
25.980          0.94873
26.500          1.3789
27.019          1.4400
27.539          1.0179
28.059          0.74895
28.578          0.68434
29.098          0.74794
29.617          1.0151
30.137          1.4380
30.657          1.3817
31.176          0.95128
31.696          0.72665
32.215          0.68672
32.735          0.77912
33.255          1.0944
33.774          1.4776
34.294          1.2998
34.813          0.88761
35.333          0.70879
35.853          0.69458
36.372          0.82535
36.892          1.1931
37.411          1.4931
37.931          1.1977
38.451          0.82775
38.970          0.69506
39.490          0.70808
40.009          0.88484
40.529          1.2956
41.049          1.4789
41.568          1.0984
42.088          0.78081
42.607          0.68695
43.127          0.72579
43.647          0.94846
44.166          1.3786
44.686          1.4402
45.205          1.0182
45.725          0.74906
46.245          0.68434
46.764          0.74783
47.284          1.0148
47.803          1.4378
48.323          1.3820
48.843          0.95153
49.362          0.72673
49.882          0.68671
50.401          0.77898
50.921          1.0941
51.441          1.4775
51.960          1.3001
52.480          0.88781
52.999          0.70884
