0.0000          0.80591
0.51960         0.69091
1.0392          0.71517
1.5588          0.91175
2.0784          1.3340
2.5980          1.4649
3.1176          1.0619
3.6372          0.76573
4.1568          0.68522
4.6764          0.73448
5.1960          0.97598
5.7156          1.4064
6.2352          1.4178
6.7548          0.98887
7.2744          0.73877
7.7940          0.68474
8.3136          0.75963
8.8332          1.0464
9.3528          1.4572
9.8724          1.3501
10.392          0.92421
10.912          0.71865
11.431          0.68935
11.951          0.79675
12.470          1.1343
12.990          1.4876
13.510          1.2579
14.029          0.86120
14.549          0.70235
15.068          0.69969
15.588          0.84954
16.108          1.2378
16.627          1.4906
17.147          1.1536
17.666          0.80580
18.186          0.69089
18.706          0.71519
19.225          0.91180
19.745          1.3341
20.264          1.4649
20.784          1.0619
21.304          0.76571
21.823          0.68521
22.343          0.73444
22.862          0.97587
23.382          1.4063
23.902          1.4180
24.421          0.98902
24.941          0.73882
25.460          0.68472
25.980          0.75951
26.500          1.0461
27.019          1.4570
27.539          1.3505
28.059          0.92450
28.578          0.71873
29.098          0.68931
29.617          0.79651
30.137          1.1337
30.657          1.4876
31.176          1.2585
31.696          0.86153
32.215          0.70243
32.735          0.69962
33.255          0.84920
33.774          1.2372
34.294          1.4907
34.813          1.1542
35.333          0.80607
35.853          0.69094
36.372          0.71510
36.892          0.91150
37.411          1.3336
37.931          1.4650
38.451          1.0622
38.970          0.76586
39.490          0.68523
40.009          0.73439
40.529          0.97570
41.049          1.4061
41.568          1.4181
42.088          0.98916
42.607          0.73887
43.127          0.68473
43.647          0.75951
44.166          1.0461
44.686          1.4570
45.205          1.3504
45.725          0.92447
46.245          0.71873
46.764          0.68933
47.284          0.79660
47.803          1.1339
48.323          1.4876
48.843          1.2582
49.362          0.86139
49.882          0.70240
50.401          0.69966
50.921          0.84939
51.441          1.2376
51.960          1.4906
52.480          1.1538
52.999          0.80591
