0.0000          0.89622
0.51960         1.2831
1.0392          1.4079
1.5588          1.0411
2.0784          0.76627
2.5980          0.70321
3.1176          0.80170
3.6372          1.1232
4.1568          1.4333
4.6764          1.2020
5.1960          0.84272
5.7156          0.70809
6.2352          0.74133
6.7548          0.97251
7.2744          1.3639
7.7940          1.3480
8.3136          0.95430
8.8332          0.73547
9.3528          0.71043
9.8724          0.85605
10.392          1.2244
10.912          1.4291
11.431          1.1008
11.951          0.79137
12.470          0.70268
12.990          0.77481
13.510          1.0623
14.029          1.4170
14.549          1.2623
15.068          0.88105
15.588          0.71570
16.108          0.72683
16.627          0.92485
17.147          1.3175
17.666          1.3870
18.186          1.0048
18.706          0.75267
19.225          0.70550
19.745          0.82288
20.264          1.1653
20.784          1.4350
21.304          1.1587
21.823          0.81953
22.343          0.70525
22.862          0.75518
23.382          1.0113
23.902          1.3904
24.421          1.3102
24.941          0.91900
25.460          0.72548
25.980          0.71770
26.500          0.88838
27.019          1.2716
27.539          1.4109
28.059          1.0509
28.578          0.77057
29.098          0.70370
29.617          0.79891
30.137          1.1161
30.657          1.4301
31.176          1.2067
31.696          0.84614
32.215          0.70928
32.735          0.74167
33.255          0.97207
33.774          1.3618
34.294          1.3456
34.813          0.95354
35.333          0.73572
35.853          0.71175
36.372          0.85991
36.892          1.2293
37.411          1.4252
37.931          1.0933
38.451          0.78855
38.970          0.70330
39.490          0.77958
40.009          1.0727
40.529          1.4193
41.049          1.2501
41.568          0.87333
42.088          0.71433
42.607          0.73029
43.127          0.93602
43.647          1.3289
44.166          1.3772
44.686          0.99143
45.205          0.74807
45.725          0.70680
46.245          0.83175
46.764          1.1818
47.284          1.4343
47.803          1.1422
48.323          0.81116
48.843          0.70422
49.362          0.76013
49.882          1.0249
50.401          1.3992
50.921          1.2983
51.441          0.90841
51.960          0.72237
52.480          0.71926
52.999          0.89622
