0.0000          1.0109
0.51960         1.3909
1.0392          1.3115
1.5588          0.91965
2.0784          0.72545
2.5980          0.71699
3.1176          0.88629
3.6372          1.2693
4.1568          1.4133
4.6764          1.0544
5.1960          0.77176
5.7156          0.70317
6.2352          0.79599
6.7548          1.1104
7.2744          1.4301
7.7940          1.2136
8.3136          0.84988
8.8332          0.70962
9.3528          0.73904
9.8724          0.96475
10.392          1.3564
10.912          1.3533
11.431          0.96125
11.951          0.73794
12.470          0.71016
12.990          0.85268
13.510          1.2181
14.029          1.4289
14.549          1.1056
15.068          0.79386
15.588          0.70323
16.108          0.77408
16.627          1.0598
17.147          1.4150
17.666          1.2633
18.186          0.88227
18.706          0.71623
19.225          0.72717
19.745          0.92530
20.264          1.3174
20.784          1.3857
21.304          1.0037
21.823          0.75246
22.343          0.70587
22.862          0.82428
23.382          1.1677
23.902          1.4345
24.421          1.1559
24.941          0.81815
25.460          0.70513
25.980          0.75615
26.500          1.0139
27.019          1.3922
27.539          1.3079
28.059          0.91689
28.578          0.72482
29.098          0.71791
29.617          0.88971
30.137          1.2738
30.657          1.4108
31.176          1.0494
31.696          0.76981
32.215          0.70340
32.735          0.79870
33.255          1.1162
33.774          1.4311
34.294          1.2077
34.813          0.84642
35.333          0.70900
35.853          0.74053
36.372          0.96940
36.892          1.3605
37.411          1.3495
37.931          0.95679
38.451          0.73645
38.970          0.71057
39.490          0.85550
40.009          1.2230
40.529          1.4284
41.049          1.1012
41.568          0.79176
42.088          0.70292
42.607          0.77518
43.127          1.0629
43.647          1.4168
44.166          1.2612
44.686          0.88044
45.205          0.71562
45.725          0.72718
46.245          0.92595
46.764          1.3187
47.284          1.3862
47.803          1.0034
48.323          0.75217
48.843          0.70551
49.362          0.82342
49.882          1.1665
50.401          1.4354
50.921          1.1580
51.441          0.81900
51.960          0.70499
52.480          0.75490
52.999          1.0109
