0.0000          0.68188
0.51960         0.74941
1.0392          1.0130
1.5588          1.4585
2.0784          1.4438
2.5980          0.99631
3.1176          0.74355
3.6372          0.68123
4.1568          0.71775
4.6764          0.91319
5.1960          1.3471
5.7156          1.5200
6.2352          1.1155
6.7548          0.78954
7.2744          0.68871
7.7940          0.69754
8.3136          0.83141
8.8332          1.2066
9.3528          1.5412
9.8724          1.2568
10.392          0.85753
10.912          0.70352
11.431          0.68526
11.951          0.77132
12.470          1.0712
12.990          1.4989
13.510          1.3900
14.029          0.94564
14.549          0.72715
15.068          0.68050
15.588          0.73181
16.108          0.96070
16.627          1.4076
17.147          1.4877
17.666          1.0526
18.186          0.76407
18.706          0.68401
19.225          0.70649
19.745          0.86991
20.264          1.2788
20.784          1.5386
21.304          1.1845
21.823          0.82066
22.343          0.69518
22.862          0.69052
23.382          0.79851
23.902          1.1362
24.421          1.5273
24.941          1.3268
25.460          0.89938
25.980          0.71400
26.500          0.68187
27.019          0.74940
27.539          1.0130
28.059          1.4585
28.578          1.4438
29.098          0.99629
29.617          0.74354
30.137          0.68123
30.657          0.71776
31.176          0.91324
31.696          1.3472
32.215          1.5200
32.735          1.1154
33.255          0.78950
33.774          0.68870
34.294          0.69755
34.813          0.83148
35.333          1.2068
35.853          1.5412
36.372          1.2566
36.892          0.85744
37.411          0.70350
37.931          0.68527
38.451          0.77138
38.970          1.0714
39.490          1.4990
40.009          1.3898
40.529          0.94552
41.049          0.72711
41.568          0.68050
42.088          0.73185
42.607          0.96082
43.127          1.4077
43.647          1.4876
44.166          1.0525
44.686          0.76401
45.205          0.68401
45.725          0.70651
46.245          0.86999
46.764          1.2789
47.284          1.5386
47.803          1.1844
48.323          0.82060
48.843          0.69517
49.362          0.69053
49.882          0.79854
50.401          1.1362
50.921          1.5273
51.441          1.3267
51.960          0.89934
52.480          0.71400
52.999          0.68188
