0.0000          0.84511
0.51960         1.2335
1.0392          1.5422
1.5588          1.2298
2.0784          0.84318
2.5980          0.70019
3.1176          0.68701
3.6372          0.78078
4.1568          1.0946
4.6764          1.5110
5.1960          1.3675
5.7156          0.92795
6.2352          0.72192
6.7548          0.68077
7.2744          0.73789
7.7940          0.97954
8.3136          1.4277
8.8332          1.4726
9.3528          1.0310
9.8724          0.75591
10.392          0.68275
10.912          0.71038
11.431          0.88548
11.951          1.3049
12.470          1.5335
12.990          1.1583
13.510          0.80841
14.029          0.69257
14.549          0.69292
15.068          0.81005
15.588          1.1618
16.108          1.5343
16.627          1.3014
17.147          0.88331
17.666          0.70983
18.186          0.68290
18.706          0.75698
19.225          1.0339
19.745          1.4748
20.264          1.4250
20.784          0.97692
21.304          0.73703
21.823          0.68071
22.343          0.72261
22.862          0.93033
23.382          1.3706
23.902          1.5095
24.421          1.0913
24.941          0.77944
25.460          0.68675
25.980          0.70063
26.500          0.84510
27.019          1.2335
27.539          1.5422
28.059          1.2299
28.578          0.84319
29.098          0.70019
29.617          0.68701
30.137          0.78078
30.657          1.0946
31.176          1.5110
31.696          1.3675
32.215          0.92796
32.735          0.72192
33.255          0.68077
33.774          0.73789
34.294          0.97953
34.813          1.4276
35.333          1.4726
35.853          1.0310
36.372          0.75591
36.892          0.68275
37.411          0.71038
37.931          0.88547
38.451          1.3049
38.970          1.5335
39.490          1.1583
40.009          0.80842
40.529          0.69257
41.049          0.69291
41.568          0.81004
42.088          1.1618
42.607          1.5343
43.127          1.3014
43.647          0.88331
44.166          0.70983
44.686          0.68290
45.205          0.75698
45.725          1.0339
46.245          1.4748
46.764          1.4250
47.284          0.97692
47.803          0.73703
48.323          0.68071
48.843          0.72261
49.362          0.93034
49.882          1.3706
50.401          1.5094
50.921          1.0913
51.441          0.77944
51.960          0.68675
52.480          0.70063
52.999          0.84511
