0.0000          0.69708
0.51960         0.83751
1.0392          1.2161
1.5588          1.4925
2.0784          1.1748
2.5980          0.81608
3.1176          0.69278
3.6372          0.71167
4.1568          0.89874
4.6764          1.3161
5.1960          1.4721
5.7156          1.0790
6.2352          0.77265
6.7548          0.68593
7.2744          0.73017
7.7940          0.96261
8.3136          1.3935
8.8332          1.4291
9.3528          1.0028
9.8724          0.74357
10.392          0.68443
10.912          0.75365
11.431          1.0307
11.951          1.4482
12.470          1.3662
12.990          0.93752
13.510          0.72250
14.029          0.68792
14.549          0.78766
15.068          1.1141
15.588          1.4833
16.108          1.2791
16.627          0.87416
17.147          0.70543
17.666          0.69703
18.186          0.83726
18.706          1.2157
19.225          1.4926
19.745          1.1753
20.264          0.81635
20.784          0.69283
21.304          0.71157
21.823          0.89835
22.343          1.3155
22.862          1.4724
23.382          1.0796
23.902          0.77289
24.421          0.68595
24.941          0.73002
25.460          0.96213
25.980          1.3931
26.500          1.4295
27.019          1.0033
27.539          0.74375
28.059          0.68442
28.578          0.75344
29.098          1.0301
29.617          1.4479
30.137          1.3668
30.657          0.93795
31.176          0.72263
31.696          0.68788
32.215          0.78741
32.735          1.1136
33.255          1.4831
33.774          1.2796
34.294          0.87448
34.813          0.70551
35.333          0.69698
35.853          0.83703
36.372          1.2153
36.892          1.4926
37.411          1.1757
37.931          0.81652
38.451          0.69286
38.970          0.71155
39.490          0.89826
40.009          1.3153
40.529          1.4723
41.049          1.0796
41.568          0.77292
42.088          0.68597
42.607          0.73008
43.127          0.96228
43.647          1.3932
44.166          1.4293
44.686          1.0031
45.205          0.74368
45.725          0.68444
46.245          0.75362
46.764          1.0306
47.284          1.4481
47.803          1.3662
48.323          0.93754
48.843          0.72251
49.362          0.68794
49.882          0.78775
50.401          1.1143
50.921          1.4833
51.441          1.2788
51.960          0.87397
52.480          0.70539
52.999          0.69708
