0.0000          0.78869
0.51960         1.1164
1.0392          1.4838
1.5588          1.2766
2.0784          0.87259
2.5980          0.70506
3.1176          0.69735
3.6372          0.83878
4.1568          1.2185
4.6764          1.4924
5.1960          1.1725
5.7156          0.81495
6.2352          0.69256
6.7548          0.71205
7.2744          0.90016
7.7940          1.3181
8.3136          1.4714
8.8332          1.0771
9.3528          0.77185
9.8724          0.68584
10.392          0.73064
10.912          0.96409
11.431          1.3950
11.951          1.4279
12.470          1.0012
12.990          0.74300
13.510          0.68445
14.029          0.75431
14.549          1.0324
15.068          1.4493
15.588          1.3644
16.108          0.93594
16.627          0.72204
17.147          0.68807
17.666          0.78870
18.186          1.1165
18.706          1.4839
19.225          1.2765
19.745          0.87256
20.264          0.70504
20.784          0.69734
21.304          0.83873
21.823          1.2184
22.343          1.4924
22.862          1.1726
23.382          0.81500
23.902          0.69257
24.421          0.71201
24.941          0.90002
25.460          1.3179
25.980          1.4715
26.500          1.0773
27.019          0.77196
27.539          0.68585
28.059          0.73056
28.578          0.96383
29.098          1.3948
29.617          1.4281
30.137          1.0015
30.657          0.74312
31.176          0.68444
31.696          0.75416
32.215          1.0320
32.735          1.4491
33.255          1.3649
33.774          0.93631
34.294          0.72214
34.813          0.68803
35.333          0.78844
35.853          1.1159
36.372          1.4838
36.892          1.2771
37.411          0.87289
37.931          0.70511
38.451          0.69726
38.970          0.83842
39.490          1.2179
40.009          1.4925
40.529          1.1731
41.049          0.81521
41.568          0.69260
42.088          0.71194
42.607          0.89978
43.127          1.3176
43.647          1.4716
44.166          1.0775
44.686          0.77204
45.205          0.68586
45.725          0.73055
46.245          0.96379
46.764          1.3947
47.284          1.4281
47.803          1.0015
48.323          0.74311
48.843          0.68446
49.362          0.75425
49.882          1.0323
50.401          1.4491
50.921          1.3645
51.441          0.93609
51.960          0.72209
52.480          0.68808
52.999          0.78869
