0.0000          1.2153
0.51960         1.4304
1.0392          1.1093
1.5588          0.79538
2.0784          0.70304
2.5980          0.77198
3.1176          1.0550
3.6372          1.4136
4.1568          1.2687
4.6764          0.88585
5.1960          0.71694
5.7156          0.72578
6.2352          0.92058
6.7548          1.3123
7.2744          1.3896
7.7940          1.0095
8.3136          0.75452
8.8332          0.70542
9.3528          0.82074
9.8724          1.1609
10.392          1.4344
10.912          1.1625
11.431          0.82164
11.951          0.70563
12.470          0.75432
12.990          1.0087
13.510          1.3885
14.029          1.3123
14.549          0.92098
15.068          0.72608
15.588          0.71744
16.108          0.88700
16.627          1.2696
17.147          1.4115
17.666          1.0527
18.186          0.77134
18.706          0.70366
19.225          0.79801
19.745          1.1142
20.264          1.4298
20.784          1.2086
21.304          0.84727
21.823          0.70941
22.343          0.74096
22.862          0.97007
23.382          1.3603
23.902          1.3477
24.421          0.95565
24.941          0.73629
25.460          0.71121
25.980          0.85767
26.500          1.2260
27.019          1.4267
27.539          1.0973
28.059          0.79017
28.578          0.70313
29.098          0.77742
29.617          1.0679
30.137          1.4182
30.657          1.2556
31.176          0.87679
31.696          0.71492
32.215          0.72865
32.735          0.93084
33.255          1.3238
33.774          1.3821
34.294          0.99765
34.813          0.75013
35.333          0.70598
35.853          0.82704
36.372          1.1734
36.892          1.4354
37.411          1.1512
37.931          0.81551
38.451          0.70451
38.970          0.75678
39.490          1.0162
40.009          1.3945
40.529          1.3071
41.049          0.91551
41.568          0.72419
42.088          0.71748
42.607          0.88908
43.127          1.2736
43.647          1.4125
44.166          1.0509
44.686          0.77017
45.205          0.70290
45.725          0.79675
46.245          1.1126
46.764          1.4314
47.284          1.2125
47.803          0.84891
48.323          0.70919
48.843          0.73868
49.362          0.96425
49.882          1.3567
50.401          1.3549
50.921          0.96222
51.441          0.73806
51.960          0.70956
52.480          0.85069
52.999          1.2153
