0.0000          1.4889
0.51960         1.2503
1.0392          0.85670
1.5588          0.70131
2.0784          0.70068
2.5980          0.85393
3.1176          1.2455
3.6372          1.4897
4.1568          1.1461
4.6764          0.80224
5.1960          0.69027
5.7156          0.71650
6.2352          0.91657
6.7548          1.3404
7.2744          1.4620
7.7940          1.0558
8.3136          0.76329
8.8332          0.68500
9.3528          0.73610
9.8724          0.98090
10.392          1.4109
10.912          1.4136
11.431          0.98388
11.951          0.73709
12.470          0.68490
12.990          0.76190
13.510          1.0522
14.029          1.4602
14.549          1.3441
15.068          0.91945
15.588          0.71731
16.108          0.68992
16.627          0.80017
17.147          1.1417
17.666          1.4889
18.186          1.2502
18.706          0.85665
19.225          0.70130
19.745          0.70070
20.264          0.85402
20.784          1.2457
21.304          1.4896
21.823          1.1460
22.343          0.80220
22.862          0.69027
23.382          0.71653
23.902          0.91667
24.421          1.3405
24.941          1.4619
25.460          1.0557
25.980          0.76326
26.500          0.68500
27.019          0.73613
27.539          0.98099
28.059          1.4110
28.578          1.4135
29.098          0.98379
29.617          0.73706
30.137          0.68490
30.657          0.76193
31.176          1.0523
31.696          1.4603
32.215          1.3440
32.735          0.91936
33.255          0.71728
33.774          0.68992
34.294          0.80020
34.813          1.1418
35.333          1.4890
35.853          1.2501
36.372          0.85657
36.892          0.70128
37.411          0.70071
37.931          0.85406
38.451          1.2458
38.970          1.4896
39.490          1.1459
40.009          0.80216
40.529          0.69026
41.049          0.71653
41.568          0.91668
42.088          1.3405
42.607          1.4620
43.127          1.0557
43.647          0.76326
44.166          0.68500
44.686          0.73612
45.205          0.98095
45.725          1.4110
46.245          1.4135
46.764          0.98386
47.284          0.73709
47.803          0.68489
48.323          0.76189
48.843          1.0522
49.362          1.4602
49.882          1.3441
50.401          0.91948
50.921          0.71731
51.441          0.68990
51.960          0.80010
52.480          1.1415
52.999          1.4889
