0.0000          0.95226
0.51960         1.2928
1.0392          1.2928
1.5588          0.95228
2.0784          0.75485
2.5980          0.75484
3.1176          0.95226
3.6372          1.2928
4.1568          1.2928
4.6764          0.95228
5.1960          0.75485
5.7156          0.75484
6.2352          0.95226
6.7548          1.2928
7.2744          1.2928
7.7940          0.95228
8.3136          0.75485
8.8332          0.75484
9.3528          0.95226
9.8724          1.2928
10.392          1.2928
10.912          0.95228
11.431          0.75485
11.951          0.75484
12.470          0.95226
12.990          1.2928
13.510          1.2928
14.029          0.95228
14.549          0.75485
15.068          0.75484
15.588          0.95226
16.108          1.2928
16.627          1.2928
17.147          0.95228
17.666          0.75485
18.186          0.75484
18.706          0.95226
19.225          1.2928
19.745          1.2928
20.264          0.95228
20.784          0.75485
21.304          0.75484
21.823          0.95226
22.343          1.2928
22.862          1.2928
23.382          0.95228
23.902          0.75485
24.421          0.75484
24.941          0.95226
25.460          1.2928
25.980          1.2928
26.500          0.95228
27.019          0.75485
27.539          0.75484
28.059          0.95226
28.578          1.2928
29.098          1.2928
29.617          0.95228
30.137          0.75485
30.657          0.75484
31.176          0.95226
31.696          1.2928
32.215          1.2928
32.735          0.95228
33.255          0.75485
33.774          0.75484
34.294          0.95226
34.813          1.2928
35.333          1.2928
35.853          0.95228
36.372          0.75485
36.892          0.75484
37.411          0.95226
37.931          1.2928
38.451          1.2928
38.970          0.95228
39.490          0.75485
40.009          0.75484
40.529          0.95226
41.049          1.2928
41.568          1.2928
42.088          0.95228
42.607          0.75485
43.127          0.75484
43.647          0.95226
44.166          1.2928
44.686          1.2928
45.205          0.95228
45.725          0.75485
46.245          0.75484
46.764          0.95226
47.284          1.2928
47.803          1.2928
48.323          0.95228
48.843          0.75485
49.362          0.75484
49.882          0.95226
50.401          1.2928
50.921          1.2928
51.441          0.95228
51.960          0.75485
52.480          0.75484
52.999          0.95226
