0.0000          0.95263
0.51960         1.2931
1.0392          1.2925
1.5588          0.95189
2.0784          0.75472
2.5980          0.75492
3.1176          0.95258
3.6372          1.2932
4.1568          1.2927
4.6764          0.95197
5.1960          0.75470
5.7156          0.75481
6.2352          0.95236
6.7548          1.2931
7.2744          1.2930
7.7940          0.95222
8.3136          0.75477
8.8332          0.75473
9.3528          0.95208
9.8724          1.2928
10.392          1.2931
10.912          0.95249
11.431          0.75487
11.951          0.75471
12.470          0.95192
12.990          1.2926
13.510          1.2932
14.029          0.95262
14.549          0.75495
15.068          0.75476
15.588          0.95195
16.108          1.2925
16.627          1.2930
17.147          0.95257
17.666          0.75497
18.186          0.75484
18.706          0.95211
19.225          1.2926
19.745          1.2928
20.264          0.95240
20.784          0.75493
21.304          0.75490
21.823          0.95231
22.343          1.2928
22.862          1.2927
23.382          0.95221
23.902          0.75487
24.421          0.75494
24.941          0.95247
25.460          1.2929
25.980          1.2926
26.500          0.95206
27.019          0.75480
27.539          0.75493
28.059          0.95253
28.578          1.2931
29.098          1.2926
29.617          0.95201
30.137          0.75476
30.657          0.75489
31.176          0.95247
31.696          1.2931
32.215          1.2927
32.735          0.95209
33.255          0.75476
33.774          0.75483
34.294          0.95233
34.813          1.2930
35.333          1.2929
35.853          0.95223
36.372          0.75481
36.892          0.75481
37.411          0.95222
37.931          1.2928
38.451          1.2929
38.970          0.95233
39.490          0.75485
40.009          0.75482
40.529          0.95219
41.049          1.2928
41.568          1.2929
42.088          0.95235
42.607          0.75488
43.127          0.75485
43.647          0.95224
44.166          1.2928
44.686          1.2928
45.205          0.95229
45.725          0.75488
46.245          0.75490
46.764          0.95237
47.284          1.2928
47.803          1.2927
48.323          0.95215
48.843          0.75484
49.362          0.75495
49.882          0.95252
50.401          1.2930
50.921          1.2925
51.441          0.95199
51.960          0.75478
52.480          0.75497
52.999          0.95263
