0.0000          0.95264
0.51960         1.2931
1.0392          1.2925
1.5588          0.95192
2.0784          0.75474
2.5980          0.75492
3.1176          0.95258
3.6372          1.2931
4.1568          1.2926
4.6764          0.95199
5.1960          0.75474
5.7156          0.75486
6.2352          0.95243
6.7548          1.2930
7.2744          1.2928
7.7940          0.95214
8.3136          0.75477
8.8332          0.75481
9.3528          0.95227
9.8724          1.2929
10.392          1.2929
10.912          0.95229
11.431          0.75483
11.951          0.75480
12.470          0.95217
12.990          1.2928
13.510          1.2929
14.029          0.95238
14.549          0.75488
15.068          0.75482
15.588          0.95217
16.108          1.2927
16.627          1.2929
17.147          0.95236
17.666          0.75490
18.186          0.75487
18.706          0.95227
19.225          1.2928
19.745          1.2927
20.264          0.95225
20.784          0.75487
21.304          0.75492
21.823          0.95242
22.343          1.2929
22.862          1.2926
23.382          0.95211
23.902          0.75482
24.421          0.75494
24.941          0.95252
25.460          1.2930
25.980          1.2926
26.500          0.95202
27.019          0.75478
27.539          0.75492
28.059          0.95253
28.578          1.2931
29.098          1.2926
29.617          0.95203
30.137          0.75476
30.657          0.75488
31.176          0.95244
31.696          1.2930
32.215          1.2928
32.735          0.95212
33.255          0.75477
33.774          0.75483
34.294          0.95231
34.813          1.2929
35.333          1.2929
35.853          0.95225
36.372          0.75482
36.892          0.75481
37.411          0.95221
37.931          1.2928
38.451          1.2929
38.970          0.95234
39.490          0.75486
40.009          0.75483
40.529          0.95220
41.049          1.2927
41.568          1.2929
42.088          0.95234
42.607          0.75489
43.127          0.75488
43.647          0.95228
44.166          1.2928
44.686          1.2927
45.205          0.95224
45.725          0.75487
46.245          0.75493
46.764          0.95244
47.284          1.2929
47.803          1.2926
48.323          0.95209
48.843          0.75483
49.362          0.75497
49.882          0.95258
50.401          1.2930
50.921          1.2925
51.441          0.95196
51.960          0.75477
52.480          0.75497
52.999          0.95264
