0.0000          0.95185
0.51960         1.2926
1.0392          1.2933
1.5588          0.95264
2.0784          0.75493
2.5980          0.75469
3.1176          0.95182
3.6372          1.2925
4.1568          1.2932
4.6764          0.95266
5.1960          0.75496
5.7156          0.75474
6.2352          0.95190
6.7548          1.2925
7.2744          1.2931
7.7940          0.95258
8.3136          0.75495
8.8332          0.75480
9.3528          0.95204
9.8724          1.2926
10.392          1.2930
10.912          0.95246
11.431          0.75493
11.951          0.75484
12.470          0.95217
12.990          1.2927
13.510          1.2929
14.029          0.95235
14.549          0.75489
15.068          0.75486
15.588          0.95226
16.108          1.2928
16.627          1.2928
17.147          0.95228
17.666          0.75486
18.186          0.75487
18.706          0.95231
19.225          1.2928
19.745          1.2928
20.264          0.95224
20.784          0.75484
21.304          0.75486
21.823          0.95231
22.343          1.2929
22.862          1.2928
23.382          0.95223
23.902          0.75483
24.421          0.75485
24.941          0.95229
25.460          1.2929
25.980          1.2928
26.500          0.95224
27.019          0.75483
27.539          0.75484
28.059          0.95227
28.578          1.2929
29.098          1.2928
29.617          0.95226
30.137          0.75484
30.657          0.75484
31.176          0.95227
31.696          1.2929
32.215          1.2928
32.735          0.95226
33.255          0.75484
33.774          0.75485
34.294          0.95228
34.813          1.2928
35.333          1.2928
35.853          0.95225
36.372          0.75484
36.892          0.75485
37.411          0.95228
37.931          1.2929
38.451          1.2928
38.970          0.95225
39.490          0.75483
40.009          0.75483
40.529          0.95227
41.049          1.2929
41.568          1.2929
42.088          0.95227
42.607          0.75483
43.127          0.75480
43.647          0.95220
44.166          1.2929
44.686          1.2930
45.205          0.95233
45.725          0.75483
46.245          0.75476
46.764          0.95210
47.284          1.2928
47.803          1.2931
48.323          0.95243
48.843          0.75485
49.362          0.75471
49.882          0.95196
50.401          1.2927
50.921          1.2932
51.441          0.95255
51.960          0.75488
52.480          0.75468
52.999          0.95185
