0.0000          0.95289
0.51960         1.2937
1.0392          1.2928
1.5588          0.95179
2.0784          0.75456
2.5980          0.75469
3.1176          0.95222
3.6372          1.2931
4.1568          1.2932
4.6764          0.95239
5.1960          0.75479
5.7156          0.75465
6.2352          0.95185
6.7548          1.2926
7.2744          1.2933
7.7940          0.95271
8.3136          0.75496
8.8332          0.75470
9.3528          0.95179
9.8724          1.2924
10.392          1.2932
10.912          0.95273
11.431          0.75501
11.951          0.75480
12.470          0.95197
12.990          1.2925
13.510          1.2929
14.029          0.95254
14.549          0.75498
15.068          0.75489
15.588          0.95222
16.108          1.2927
16.627          1.2927
17.147          0.95228
17.666          0.75490
18.186          0.75495
18.706          0.95245
19.225          1.2929
19.745          1.2926
20.264          0.95207
20.784          0.75481
21.304          0.75495
21.823          0.95256
22.343          1.2931
22.862          1.2926
23.382          0.95199
23.902          0.75475
24.421          0.75490
24.941          0.95250
25.460          1.2931
25.980          1.2927
26.500          0.95207
27.019          0.75474
27.539          0.75479
28.059          0.95228
28.578          1.2930
29.098          1.2930
29.617          0.95232
30.137          0.75479
30.657          0.75469
31.176          0.95196
31.696          1.2927
32.215          1.2933
32.735          0.95264
33.255          0.75491
33.774          0.75466
34.294          0.95174
34.813          1.2924
35.333          1.2933
35.853          0.95282
36.372          0.75505
36.892          0.75479
37.411          0.95187
37.931          1.2923
38.451          1.2929
38.970          0.95262
39.490          0.75511
40.009          0.75510
40.529          0.95251
41.049          1.2925
41.568          1.2920
42.088          0.95193
42.607          0.75497
43.127          0.75543
43.647          0.95343
44.166          1.2932
44.686          1.2913
45.205          0.95113
45.725          0.75467
46.245          0.75548
46.764          0.95393
47.284          1.2939
47.803          1.2914
48.323          0.95080
48.843          0.75441
49.362          0.75521
49.882          0.95362
50.401          1.2941
50.921          1.2920
51.441          0.95112
51.960          0.75439
52.480          0.75489
52.999          0.95289
