0.0000          0.95224
0.51960         1.2924
1.0392          1.2924
1.5588          0.95219
2.0784          0.75498
2.5980          0.75518
3.1176          0.95293
3.6372          1.2931
4.1568          1.2919
4.6764          0.95153
5.1960          0.75471
5.7156          0.75519
6.2352          0.95326
6.7548          1.2936
7.2744          1.2920
7.7940          0.95128
8.3136          0.75451
8.8332          0.75500
9.3528          0.95303
9.8724          1.2937
10.392          1.2925
10.912          0.95159
11.431          0.75450
11.951          0.75471
12.470          0.95235
12.990          1.2933
13.510          1.2933
14.029          0.95231
14.549          0.75468
15.068          0.75447
15.588          0.95157
16.108          1.2926
16.627          1.2938
17.147          0.95307
17.666          0.75497
18.186          0.75442
18.706          0.95111
19.225          1.2919
19.745          1.2939
20.264          0.95347
20.784          0.75522
21.304          0.75459
21.823          0.95122
22.343          1.2917
22.862          1.2934
23.382          0.95326
23.902          0.75529
24.421          0.75490
24.941          0.95189
25.460          1.2921
25.980          1.2926
26.500          0.95252
27.019          0.75512
27.539          0.75520
28.059          0.95278
28.578          1.2928
29.098          1.2919
29.617          0.95164
30.137          0.75481
30.657          0.75532
31.176          0.95343
31.696          1.2936
32.215          1.2916
32.735          0.95106
33.255          0.75452
33.774          0.75521
34.294          0.95352
34.813          1.2940
35.333          1.2920
35.853          0.95107
36.372          0.75439
36.892          0.75494
37.411          0.95302
37.931          1.2938
38.451          1.2927
38.970          0.95163
39.490          0.75448
40.009          0.75465
40.529          0.95223
41.049          1.2932
41.568          1.2934
42.088          0.95243
42.607          0.75474
43.127          0.75449
43.647          0.95154
44.166          1.2925
44.686          1.2938
45.205          0.95307
45.725          0.75502
46.245          0.75452
46.764          0.95129
47.284          1.2920
47.803          1.2936
48.323          0.95325
48.843          0.75519
49.362          0.75473
49.882          0.95157
50.401          1.2920
50.921          1.2931
51.441          0.95289
51.960          0.75518
52.480          0.75499
52.999          0.95224
