0.0000          0.95241
0.51960         1.2927
1.0392          1.2924
1.5588          0.95207
2.0784          0.75488
2.5980          0.75508
3.1176          0.95279
3.6372          1.2931
4.1568          1.2922
4.6764          0.95174
5.1960          0.75472
5.7156          0.75504
6.2352          0.95288
6.7548          1.2934
7.2744          1.2924
7.7940          0.95171
8.3136          0.75464
8.8332          0.75491
9.3528          0.95266
9.8724          1.2933
10.392          1.2927
10.912          0.95195
11.431          0.75467
11.951          0.75474
12.470          0.95224
12.990          1.2930
13.510          1.2932
14.029          0.95238
14.549          0.75478
15.068          0.75463
15.588          0.95182
16.108          1.2926
16.627          1.2934
17.147          0.95278
17.666          0.75495
18.186          0.75463
18.706          0.95162
19.225          1.2923
19.745          1.2934
20.264          0.95292
20.784          0.75507
21.304          0.75475
21.823          0.95178
22.343          1.2922
22.862          1.2930
23.382          0.95271
23.902          0.75507
24.421          0.75494
24.941          0.95222
25.460          1.2925
25.980          1.2925
26.500          0.95226
27.019          0.75496
27.539          0.75508
28.059          0.95270
28.578          1.2930
29.098          1.2922
29.617          0.95179
30.137          0.75478
30.657          0.75512
31.176          0.95299
31.696          1.2934
32.215          1.2921
32.735          0.95155
33.255          0.75464
33.774          0.75503
34.294          0.95295
34.813          1.2935
35.333          1.2924
35.853          0.95164
36.372          0.75459
36.892          0.75485
37.411          0.95259
37.931          1.2933
38.451          1.2929
38.970          0.95204
39.490          0.75467
40.009          0.75468
40.529          0.95208
41.049          1.2929
41.568          1.2933
42.088          0.95254
42.607          0.75484
43.127          0.75461
43.647          0.95170
44.166          1.2925
44.686          1.2934
45.205          0.95287
45.725          0.75501
46.245          0.75467
46.764          0.95165
47.284          1.2922
47.803          1.2933
48.323          0.95287
48.843          0.75508
49.362          0.75482
49.882          0.95194
50.401          1.2923
50.921          1.2928
51.441          0.95254
51.960          0.75503
52.480          0.75499
52.999          0.95241
