0.0000          0.95162
0.51960         1.2921
1.0392          1.2932
1.5588          0.95288
2.0784          0.75511
2.5980          0.75486
3.1176          0.95201
3.6372          1.2924
4.1568          1.2927
4.6764          0.95246
5.1960          0.75501
5.7156          0.75502
6.2352          0.95250
6.7548          1.2928
7.2744          1.2923
7.7940          0.95197
8.3136          0.75484
8.8332          0.75509
9.3528          0.95285
9.8724          1.2932
10.392          1.2922
10.912          0.95166
11.431          0.75468
11.951          0.75503
12.470          0.95290
12.990          1.2934
13.510          1.2924
14.029          0.95167
14.549          0.75462
15.068          0.75489
15.588          0.95264
16.108          1.2933
16.627          1.2928
17.147          0.95196
17.666          0.75467
18.186          0.75476
18.706          0.95226
19.225          1.2930
19.745          1.2931
20.264          0.95234
20.784          0.75480
21.304          0.75470
21.823          0.95197
22.343          1.2927
22.862          1.2932
23.382          0.95259
23.902          0.75493
24.421          0.75474
24.941          0.95192
25.460          1.2925
25.980          1.2931
26.500          0.95261
27.019          0.75499
27.539          0.75485
28.059          0.95212
28.578          1.2926
29.098          1.2928
29.617          0.95238
30.137          0.75495
30.657          0.75497
31.176          0.95244
31.696          1.2928
32.215          1.2925
32.735          0.95205
33.255          0.75484
33.774          0.75503
34.294          0.95271
34.813          1.2931
35.333          1.2924
35.853          0.95181
36.372          0.75472
36.892          0.75499
37.411          0.95277
37.931          1.2933
38.451          1.2925
38.970          0.95179
39.490          0.75466
40.009          0.75488
40.529          0.95258
41.049          1.2933
41.568          1.2928
42.088          0.95200
42.607          0.75468
43.127          0.75474
43.647          0.95221
44.166          1.2930
44.686          1.2932
45.205          0.95240
45.725          0.75479
46.245          0.75462
46.764          0.95179
47.284          1.2926
47.803          1.2935
48.323          0.95280
48.843          0.75495
49.362          0.75459
49.882          0.95155
50.401          1.2923
50.921          1.2935
51.441          0.95301
51.960          0.75508
52.480          0.75469
52.999          0.95162
