0.0000          1.3311
0.51960         1.3710
1.0392          0.98573
1.5588          0.74683
2.0784          0.70928
2.5980          0.84070
3.1176          1.1950
3.6372          1.4271
4.1568          1.1232
4.6764          0.80343
5.1960          0.70575
5.7156          0.77256
6.2352          1.0526
6.7548          1.4064
7.2744          1.2630
7.7940          0.88490
8.3136          0.71849
8.8332          0.73119
9.3528          0.93404
9.8724          1.3221
10.392          1.3710
10.912          0.99016
11.431          0.74906
11.951          0.71003
12.470          0.84092
12.990          1.1948
13.510          1.4262
14.029          1.1226
14.549          0.80317
15.068          0.70537
15.588          0.77157
16.108          1.0514
16.627          1.4083
17.147          1.2675
17.666          0.88685
18.186          0.71791
18.706          0.72739
19.225          0.92438
19.745          1.3155
20.264          1.3851
20.784          1.0043
21.304          0.75277
21.823          0.70574
22.343          0.82366
22.862          1.1671
23.382          1.4360
23.902          1.1580
24.421          0.81880
24.941          0.70442
25.460          0.75319
25.980          1.0076
26.500          1.3912
27.019          1.3183
27.539          0.92386
28.059          0.72584
28.578          0.71378
29.098          0.87631
29.617          1.2579
30.137          1.4242
30.657          1.0717
31.176          0.77776
31.696          0.70081
32.215          0.78229
32.735          1.0826
33.255          1.4288
33.774          1.2481
34.294          0.86933
34.813          0.71184
35.333          0.72670
35.853          0.92849
36.372          1.3254
36.892          1.3910
37.411          1.0037
37.931          0.75111
38.451          0.70304
38.970          0.81649
39.490          1.1558
40.009          1.4406
40.529          1.1743
41.049          0.82617
41.568          0.70457
42.088          0.74656
42.607          0.98993
43.127          1.3797
43.647          1.3357
44.166          0.93959
44.686          0.73051
45.205          0.71165
45.725          0.86474
46.245          1.2388
46.764          1.4265
47.284          1.0874
47.803          0.78534
48.323          0.70261
48.843          0.78056
49.362          1.0755
49.882          1.4206
50.401          1.2478
50.921          0.87170
51.441          0.71424
51.960          0.73180
52.480          0.93996
52.999          1.3311
