0.0000          0.95269
0.51960         1.2936
1.0392          1.2929
1.5588          0.95196
2.0784          0.75458
2.5980          0.75457
3.1176          0.95192
3.6372          1.2929
4.1568          1.2936
4.6764          0.95274
5.1960          0.75484
5.7156          0.75444
6.2352          0.95132
6.7548          1.2922
7.2744          1.2939
7.7940          0.95324
8.3136          0.75509
8.8332          0.75453
9.3528          0.95125
9.8724          1.2920
10.392          1.2936
10.912          0.95313
11.431          0.75515
11.951          0.75475
12.470          0.95169
12.990          1.2922
13.510          1.2930
14.029          0.95266
14.549          0.75502
15.068          0.75491
15.588          0.95223
16.108          1.2926
16.627          1.2927
17.147          0.95226
17.666          0.75488
18.186          0.75494
18.706          0.95253
19.225          1.2931
19.745          1.2925
20.264          0.95188
20.784          0.75476
21.304          0.75499
21.823          0.95278
22.343          1.2934
22.862          1.2923
23.382          0.95150
23.902          0.75460
24.421          0.75502
24.941          0.95299
25.460          1.2937
25.980          1.2923
26.500          0.95143
27.019          0.75450
27.539          0.75489
28.059          0.95278
28.578          1.2936
29.098          1.2928
29.617          0.95182
30.137          0.75456
30.657          0.75466
31.176          0.95216
31.696          1.2931
32.215          1.2934
32.735          0.95249
33.255          0.75477
33.774          0.75451
34.294          0.95155
34.813          1.2924
35.333          1.2937
35.853          0.95306
36.372          0.75504
36.892          0.75457
37.411          0.95138
37.931          1.2920
38.451          1.2935
38.970          0.95314
39.490          0.75518
40.009          0.75480
40.529          0.95175
41.049          1.2921
41.568          1.2929
42.088          0.95269
42.607          0.75512
43.127          0.75506
43.647          0.95246
44.166          1.2926
44.686          1.2922
45.205          0.95197
45.725          0.75489
46.245          0.75519
46.764          0.95306
47.284          1.2933
47.803          1.2919
48.323          0.95143
48.843          0.75462
49.362          0.75511
49.882          0.95316
50.401          1.2937
50.921          1.2923
51.441          0.95142
51.960          0.75449
52.480          0.75485
52.999          0.95269
