0.0000          0.95228
0.51960         1.3830
1.0392          1.4378
1.5588          1.0143
2.0784          0.74765
2.5980          0.68425
3.1176          0.74880
3.6372          1.0175
4.1568          1.4399
4.6764          1.3798
5.1960          0.94940
5.7156          0.72606
6.2352          0.68678
6.7548          0.77984
7.2744          1.0961
7.7940          1.4782
8.3136          1.2984
8.8332          0.88668
9.3528          0.70855
9.8724          0.69471
10.392          0.82597
10.912          1.1942
11.431          1.4930
11.951          1.1968
12.470          0.82732
12.990          0.69499
13.510          0.70826
14.029          0.88547
14.549          1.2964
15.068          1.4783
15.588          1.0975
16.108          0.78050
16.627          0.68695
17.147          0.72614
17.666          0.94953
18.186          1.3796
18.706          1.4390
19.225          1.0169
19.745          0.74861
20.264          0.68442
20.784          0.74867
21.304          1.0170
21.823          1.4391
22.343          1.3793
22.862          0.94927
23.382          0.72606
23.902          0.68700
24.421          0.78082
24.941          1.0983
25.460          1.4785
25.980          1.2952
26.500          0.88464
27.019          0.70805
27.539          0.69523
28.059          0.82845
28.578          1.1990
29.098          1.4928
29.617          1.1914
30.137          0.82454
30.657          0.69445
31.176          0.70920
31.696          0.88913
32.215          1.3019
32.735          1.4765
33.255          1.0920
33.774          0.77814
34.294          0.68664
34.813          0.72739
35.333          0.95361
35.853          1.3840
36.372          1.4359
36.892          1.0124
37.411          0.74699
37.931          0.68441
38.451          0.75020
38.970          1.0212
39.490          1.4420
40.009          1.3754
40.529          0.94575
41.049          0.72499
41.568          0.68722
42.088          0.78262
42.607          1.1025
43.127          1.4799
43.647          1.2913
44.166          0.88212
44.686          0.70741
45.205          0.69554
45.725          0.83006
46.245          1.2021
46.764          1.4931
47.284          1.1890
47.803          0.82327
48.323          0.69416
48.843          0.70930
49.362          0.88965
49.882          1.3029
50.401          1.4770
50.921          1.0919
51.441          0.77804
51.960          0.68654
52.480          0.72694
52.999          0.95228
