0.0000          0.95354
0.51960         1.2942
1.0392          1.2922
1.5588          0.95119
2.0784          0.75435
2.5980          0.75474
3.1176          0.95259
3.6372          1.2936
4.1568          1.2932
4.6764          0.95212
5.1960          0.75459
5.7156          0.75446
6.2352          0.95163
6.7548          1.2927
7.2744          1.2939
7.7940          0.95303
8.3136          0.75495
8.8332          0.75442
9.3528          0.95111
9.8724          1.2919
10.392          1.2939
10.912          0.95348
11.431          0.75524
11.951          0.75463
12.470          0.95128
12.990          1.2917
13.510          1.2933
14.029          0.95319
14.549          0.75531
15.068          0.75502
15.588          0.95211
16.108          1.2921
16.627          1.2923
17.147          0.95227
17.666          0.75510
18.186          0.75537
18.706          0.95318
19.225          1.2930
19.745          1.2915
20.264          0.95128
20.784          0.75473
21.304          0.75545
21.823          0.95384
22.343          1.2939
22.862          1.2914
23.382          0.95079
23.902          0.75441
24.421          0.75523
24.941          0.95368
25.460          1.2942
25.980          1.2920
26.500          0.95101
27.019          0.75433
27.539          0.75485
28.059          0.95289
28.578          1.2938
29.098          1.2929
29.617          0.95182
30.137          0.75449
30.657          0.75450
31.176          0.95187
31.696          1.2930
32.215          1.2938
32.735          0.95283
33.255          0.75483
33.774          0.75433
34.294          0.95106
34.813          1.2921
35.333          1.2942
35.853          0.95359
36.372          0.75519
36.892          0.75442
37.411          0.95084
37.931          1.2915
38.451          1.2939
38.970          0.95371
39.490          0.75539
40.009          0.75474
40.529          0.95136
41.049          1.2916
41.568          1.2930
42.088          0.95306
42.607          0.75533
43.127          0.75515
43.647          0.95241
44.166          1.2923
44.686          1.2919
45.205          0.95196
45.725          0.75501
46.245          0.75545
46.764          0.95348
47.284          1.2933
47.803          1.2913
48.323          0.95101
48.843          0.75460
49.362          0.75544
49.882          0.95394
50.401          1.2941
50.921          1.2914
51.441          0.95073
51.960          0.75434
52.480          0.75513
52.999          0.95354
