0.0000          0.90358
0.51960         1.3228
1.0392          1.4695
1.5588          1.0725
2.0784          0.77000
2.5980          0.68564
3.1176          0.73178
3.6372          0.96765
4.1568          1.3985
4.6764          1.4249
5.1960          0.99747
5.7156          0.74172
6.2352          0.68453
6.7548          0.75588
7.2744          1.0366
7.7940          1.4517
8.3136          1.3602
8.8332          0.93242
9.3528          0.72101
9.8724          0.68843
10.392          0.79104
10.912          1.1217
11.431          1.4851
11.951          1.2711
12.470          0.86919
12.990          0.70423
13.510          0.69800
14.029          0.84183
14.549          1.2241
15.068          1.4920
15.588          1.1671
16.108          0.81230
16.627          0.69207
17.147          0.71288
17.666          0.90331
18.186          1.3225
18.706          1.4698
19.225          1.0730
19.745          0.77018
20.264          0.68565
20.784          0.73158
21.304          0.96702
21.823          1.3979
22.343          1.4256
22.862          0.99823
23.382          0.74197
23.902          0.68449
24.421          0.75547
24.941          1.0355
25.460          1.4511
25.980          1.3614
26.500          0.93338
27.019          0.72129
27.539          0.68833
28.059          0.79037
28.578          1.1202
29.098          1.4848
29.617          1.2727
30.137          0.87016
30.657          0.70447
31.176          0.69782
31.696          0.84098
32.215          1.2225
32.735          1.4921
33.255          1.1686
33.774          0.81302
34.294          0.69221
34.813          0.71270
35.333          0.90261
35.853          1.3215
36.372          1.4700
36.892          1.0738
37.411          0.77052
37.931          0.68571
38.451          0.73150
38.970          0.96676
39.490          1.3976
40.009          1.4255
40.529          0.99835
41.049          0.74202
41.568          0.68453
42.088          0.75561
42.607          1.0359
43.127          1.4512
43.647          1.3608
44.166          0.93296
44.686          0.72118
45.205          0.68841
45.725          0.79084
46.245          1.1212
46.764          1.4849
47.284          1.2714
47.803          0.86942
48.323          0.70430
48.843          0.69801
49.362          0.84181
49.882          1.2240
50.401          1.4919
50.921          1.1670
51.441          0.81228
51.960          0.69207
52.480          0.71296
52.999          0.90358
