0.0000          0.70602
0.51960         0.74890
1.0392          0.99462
1.5588          1.3809
2.0784          1.3280
2.5980          0.93398
3.1176          0.72923
3.6372          0.71339
4.1568          0.87161
4.6764          1.2492
5.1960          1.4232
5.7156          1.0768
6.2352          0.78066
6.7548          0.70207
7.2744          0.78350
7.7940          1.0836
8.3136          1.4258
8.8332          1.2430
9.3528          0.86733
9.8724          0.71231
10.392          0.73011
10.912          0.93762
11.431          1.3326
11.951          1.3794
12.470          0.99119
12.990          0.74742
13.510          0.70561
14.029          0.82859
14.549          1.1772
15.068          1.4370
15.588          1.1492
16.108          0.81408
16.627          0.70397
17.147          0.75649
17.666          1.0161
18.186          1.3951
18.706          1.3082
19.225          0.91601
19.745          0.72421
20.264          0.71715
20.784          0.88799
21.304          1.2721
21.823          1.4131
22.343          1.0524
22.862          0.77082
23.382          0.70309
23.902          0.79669
24.421          1.1120
24.941          1.4303
25.460          1.2119
25.980          0.84896
26.500          0.70960
27.019          0.73995
27.539          0.96710
28.059          1.3577
28.578          1.3500
29.098          0.95840
29.617          0.73732
30.137          0.71129
30.657          0.85684
31.176          1.2240
31.696          1.4254
32.215          1.0977
32.735          0.79077
33.255          0.70386
33.774          0.77915
34.294          1.0708
34.813          1.4171
35.333          1.2500
35.853          0.87393
36.372          0.71497
36.892          0.73162
37.411          0.93896
37.931          1.3303
38.451          1.3722
38.970          0.98693
39.490          0.74700
40.009          0.70836
40.529          0.83778
41.049          1.1914
41.568          1.4308
42.088          1.1300
42.607          0.80579
43.127          0.70452
43.647          0.76637
44.166          1.0398
44.686          1.4051
45.205          1.2814
45.725          0.89611
46.245          0.71968
46.764          0.72363
47.284          0.91172
47.803          1.3015
48.323          1.3956
48.843          1.0201
49.362          0.75848
49.882          0.70465
50.401          0.81427
50.921          1.1485
51.441          1.4351
51.960          1.1759
52.480          0.82837
52.999          0.70602
