0.0000          0.99003
0.51960         1.4380
1.0392          1.4639
1.5588          1.0196
2.0784          0.75176
2.5980          0.68217
3.1176          0.71263
3.6372          0.89418
4.1568          1.3187
4.6764          1.5298
5.1960          1.1443
5.7156          0.80211
6.2352          0.69126
6.7548          0.69432
7.2744          0.81665
7.7940          1.1760
8.3136          1.5372
8.8332          1.2872
9.3528          0.87484
9.8724          0.70771
10.392          0.68358
10.912          0.76137
11.431          1.0456
11.951          1.4830
12.470          1.4142
12.990          0.96668
13.510          0.73371
14.029          0.68055
14.549          0.72542
15.068          0.93988
15.588          1.3829
16.108          1.5030
16.627          1.0786
17.147          0.77429
17.666          0.68580
18.186          0.70241
18.706          0.85283
19.225          1.2481
19.745          1.5417
20.264          1.2153
20.784          0.83573
21.304          0.69850
21.823          0.68805
22.343          0.78621
22.862          1.1076
23.382          1.5168
23.902          1.3548
24.421          0.91864
24.941          0.71927
25.460          0.68103
25.980          0.74140
26.500          0.99000
27.019          1.4379
27.539          1.4639
28.059          1.0196
28.578          0.75177
29.098          0.68217
29.617          0.71262
30.137          0.89415
30.657          1.3187
31.176          1.5298
31.696          1.1443
32.215          0.80214
32.735          0.69126
33.255          0.69431
33.774          0.81662
34.294          1.1760
34.813          1.5372
35.333          1.2873
35.853          0.87487
36.372          0.70771
36.892          0.68358
37.411          0.76136
37.931          1.0455
38.451          1.4830
38.970          1.4142
39.490          0.96671
40.009          0.73372
40.529          0.68055
41.049          0.72541
41.568          0.93987
42.088          1.3828
42.607          1.5030
43.127          1.0786
43.647          0.77429
44.166          0.68580
44.686          0.70241
45.205          0.85283
45.725          1.2481
46.245          1.5417
46.764          1.2153
47.284          0.83573
47.803          0.69850
48.323          0.68805
48.843          0.78621
49.362          1.1076
49.882          1.5168
50.401          1.3548
50.921          0.91862
51.441          0.71926
51.960          0.68103
52.480          0.74140
52.999          0.99003
