0.0000          0.84415
0.51960         0.70803
1.0392          0.73976
1.5588          0.96840
2.0784          1.3612
2.5980          1.3528
3.1176          0.95878
3.6372          0.73669
4.1568          0.70936
4.6764          0.85145
5.1960          1.2173
5.7156          1.4315
6.2352          1.1086
6.7548          0.79476
7.2744          0.70264
7.7940          0.77129
8.3136          1.0539
8.8332          1.4140
9.3528          1.2708
9.8724          0.88689
10.392          0.71698
10.912          0.72494
11.431          0.91815
11.951          1.3100
12.470          1.3921
12.990          1.0125
13.510          0.75550
14.029          0.70507
14.549          0.81857
15.068          1.1568
15.588          1.4346
16.108          1.1666
16.627          0.82368
17.147          0.70591
17.666          0.75325
18.186          1.0056
18.706          1.3863
19.225          1.3146
19.745          0.92321
20.264          0.72681
20.784          0.71737
21.304          0.88601
21.823          1.2677
22.343          1.4112
22.862          1.0536
23.382          0.77186
23.902          0.70405
24.421          0.79873
24.941          1.1152
25.460          1.4289
25.980          1.2064
26.500          0.84633
27.019          0.70959
27.539          0.74242
28.059          0.97373
28.578          1.3624
29.098          1.3430
29.617          0.95148
30.137          0.73524
30.657          0.71244
31.176          0.86257
31.696          1.2334
32.215          1.4236
32.735          1.0887
33.255          0.78658
33.774          0.70338
34.294          0.78180
34.813          1.0780
35.333          1.4211
35.853          1.2447
36.372          0.86964
36.892          0.71354
37.411          0.73151
37.931          0.94034
38.451          1.3337
38.970          1.3739
39.490          0.98645
40.009          0.74625
40.529          0.70705
41.049          0.83448
41.568          1.1872
42.088          1.4346
42.607          1.1373
43.127          0.80856
43.647          0.70374
44.166          0.76115
44.686          1.0281
45.205          1.4018
45.725          1.2962
46.245          0.90619
46.764          0.72156
47.284          0.71915
47.803          0.89675
48.323          1.2845
48.843          1.4088
49.362          1.0409
49.882          0.76596
50.401          0.70276
50.921          0.80055
51.441          1.1213
51.960          1.4341
52.480          1.2051
52.999          0.84415
