0.0000          0.90656
0.51960         1.2949
1.0392          1.3984
1.5588          1.0263
2.0784          0.76100
2.5980          0.70478
3.1176          0.81210
3.6372          1.1435
4.1568          1.4333
4.6764          1.1793
5.1960          0.83069
5.7156          0.70685
6.2352          0.74925
6.7548          0.99451
7.2744          1.3792
7.7940          1.3257
8.3136          0.93315
8.8332          0.72945
9.3528          0.71475
9.8724          0.87554
10.392          1.2537
10.912          1.4188
11.431          1.0697
11.951          0.77816
12.470          0.70295
12.990          0.78886
13.510          1.0947
14.029          1.4268
14.549          1.2295
15.068          0.85954
15.588          0.71125
16.108          0.73454
16.627          0.95094
17.147          1.3445
17.666          1.3663
18.186          0.97583
18.706          0.74250
19.225          0.70781
19.745          0.84067
20.264          1.1984
20.784          1.4338
21.304          1.1268
21.823          0.80340
22.343          0.70325
22.862          0.76470
23.382          1.0373
23.902          1.4064
24.421          1.2873
24.941          0.89924
25.460          0.71987
25.980          0.72113
26.500          0.90422
27.019          1.2937
27.539          1.4031
28.059          1.0308
28.578          0.76217
29.098          0.70353
29.617          0.80688
30.137          1.1340
30.657          1.4346
31.176          1.1912
31.696          0.83659
32.215          0.70718
32.735          0.74455
33.255          0.98190
33.774          1.3710
34.294          1.3390
34.813          0.94522
35.333          0.73279
35.853          0.71215
36.372          0.86409
36.892          1.2367
37.411          1.4249
37.931          1.0875
38.451          0.78566
38.970          0.70289
39.490          0.78117
40.009          1.0769
40.529          1.4213
41.049          1.2467
41.568          0.87076
42.088          0.71373
42.607          0.73110
43.127          0.93880
43.647          1.3316
44.166          1.3746
44.686          0.98814
45.205          0.74702
45.725          0.70744
46.245          0.83482
46.764          1.1868
47.284          1.4327
47.803          1.1360
48.323          0.80839
48.843          0.70445
49.362          0.76360
49.882          1.0331
50.401          1.4020
50.921          1.2883
51.441          0.90135
51.960          0.72101
52.480          0.72233
52.999          0.90656
