0.0000          1.4249
0.51960         0.99735
1.0392          0.74167
1.5588          0.68450
2.0784          0.75580
2.5980          1.0364
3.1176          1.4517
3.6372          1.3605
4.1568          0.93266
4.6764          0.72108
5.1960          0.68839
5.7156          0.79079
6.2352          1.1211
6.7548          1.4850
7.2744          1.2717
7.7940          0.86958
8.3136          0.70433
8.8332          0.69792
9.3528          0.84145
9.8724          1.2234
10.392          1.4920
10.912          1.1678
11.431          0.81264
11.951          0.69213
12.470          0.71281
12.990          0.90301
13.510          1.3220
14.029          1.4698
14.549          1.0733
15.068          0.77033
15.588          0.68568
16.108          0.73158
16.627          0.96702
17.147          1.3979
17.666          1.4254
18.186          0.99812
18.706          0.74194
19.225          0.68453
19.745          0.75567
20.264          1.0360
20.784          1.4513
21.304          1.3607
21.823          0.93285
22.343          0.72114
22.862          0.68842
23.382          0.79090
23.902          1.1214
24.421          1.4849
24.941          1.2713
25.460          0.86934
25.980          0.70428
26.500          0.69803
27.019          0.84190
27.539          1.2241
28.059          1.4919
28.578          1.1668
29.098          0.81219
29.617          0.69206
30.137          0.71301
30.657          0.90377
31.176          1.3231
31.696          1.4693
32.215          1.0722
32.735          0.76988
33.255          0.68564
33.774          0.73191
34.294          0.96803
34.813          1.3988
35.333          1.4245
35.853          0.99702
36.372          0.74157
36.892          0.68455
37.411          0.75616
37.931          1.0373
38.451          1.4521
38.970          1.3594
39.490          0.93178
40.009          0.72083
40.529          0.68852
41.049          0.79157
41.568          1.1229
42.088          1.4853
42.607          1.2698
43.127          0.86842
43.647          0.70405
44.166          0.69818
44.686          0.84262
45.205          1.2255
45.725          1.4919
46.245          1.1657
46.764          0.81163
47.284          0.69194
47.803          0.71312
48.323          0.90419
48.843          1.3237
49.362          1.4693
49.882          1.0718
50.401          0.76972
50.921          0.68560
51.441          0.73185
51.960          0.96787
52.480          1.3988
52.999          1.4249
