0.0000          1.1805
0.51960         1.4928
1.0392          1.2104
1.5588          0.83444
2.0784          0.69644
2.5980          0.70622
3.1176          0.87735
3.6372          1.2841
4.1568          1.4820
4.6764          1.1093
5.1960          0.78554
5.7156          0.68762
6.2352          0.72353
6.7548          0.94096
7.2744          1.3702
7.7940          1.4457
8.3136          1.0266
8.8332          0.75216
9.3528          0.68440
9.8724          0.74497
10.392          1.0068
10.912          1.4320
11.431          1.3897
11.951          0.95887
12.470          0.72900
12.990          0.68619
13.510          0.77480
14.029          1.0841
14.549          1.4740
15.068          1.3106
15.588          0.89495
16.108          0.71068
16.627          0.69339
17.147          0.81924
17.666          1.1811
18.186          1.4928
18.706          1.2098
19.225          0.83411
19.745          0.69637
20.264          0.70631
20.784          0.87771
21.304          1.2846
21.823          1.4818
22.343          1.1088
22.862          0.78532
23.382          0.68758
23.902          0.72362
24.421          0.94125
24.941          1.3705
25.460          1.4455
25.980          1.0264
26.500          0.75205
27.019          0.68439
27.539          0.74502
28.059          1.0069
28.578          1.4322
29.098          1.3896
29.617          0.95878
30.137          0.72897
30.657          0.68618
31.176          0.77478
31.696          1.0841
32.215          1.4740
32.735          1.3107
33.255          0.89500
33.774          0.71069
34.294          0.69336
34.813          0.81912
35.333          1.1808
35.853          1.4928
36.372          1.2101
36.892          0.83425
37.411          0.69640
37.931          0.70625
38.451          0.87749
38.970          1.2843
39.490          1.4820
40.009          1.1091
40.529          0.78546
41.049          0.68760
41.568          0.72353
42.088          0.94096
42.607          1.3702
43.127          1.4457
43.647          1.0267
44.166          0.75217
44.686          0.68439
45.205          0.74490
45.725          1.0066
46.245          1.4319
46.764          1.3899
47.284          0.95909
47.803          0.72907
48.323          0.68616
48.843          0.77462
49.362          1.0837
49.882          1.4739
50.401          1.3111
50.921          0.89528
51.441          0.71077
51.960          0.69333
52.480          0.81893
52.999          1.1805
