0.0000          0.75392
0.51960         1.0314
1.0392          1.4486
1.5588          1.3655
2.0784          0.93692
2.5980          0.72233
3.1176          0.68798
3.6372          0.78806
4.1568          1.1150
4.6764          1.4834
5.1960          1.2781
5.7156          0.87364
6.2352          0.70532
6.7548          0.69716
7.2744          0.83782
7.7940          1.2166
8.3136          1.4923
8.8332          1.1744
9.3528          0.81602
9.8724          0.69279
10.392          0.71176
10.912          0.89901
11.431          1.3162
11.951          1.4717
12.470          1.0788
12.990          0.77270
13.510          0.68597
14.029          0.73029
14.549          0.96292
15.068          1.3936
15.588          1.4286
16.108          1.0026
16.627          0.74354
17.147          0.68448
17.666          0.75388
18.186          1.0312
18.706          1.4484
19.225          1.3655
19.745          0.93700
20.264          0.72237
20.784          0.68801
21.304          0.78815
21.823          1.1152
22.343          1.4835
22.862          1.2778
23.382          0.87341
23.902          0.70526
24.421          0.69721
24.941          0.83808
25.460          1.2172
25.980          1.4924
26.500          1.1737
27.019          0.81559
27.539          0.69270
28.059          0.71188
28.578          0.89949
29.098          1.3170
29.617          1.4716
30.137          1.0780
30.657          0.77225
31.176          0.68592
31.696          0.73056
32.215          0.96368
32.735          1.3943
33.255          1.4280
33.774          1.0017
34.294          0.74322
34.813          0.68452
35.333          0.75437
35.853          1.0323
36.372          1.4487
36.892          1.3645
37.411          0.93629
37.931          0.72218
38.451          0.68814
38.970          0.78879
39.490          1.1163
40.009          1.4834
40.529          1.2769
41.049          0.87292
41.568          0.70516
42.088          0.69734
42.607          0.83860
43.127          1.2179
43.647          1.4922
44.166          1.1732
44.686          0.81534
45.205          0.69265
45.725          0.71193
46.245          0.89967
46.764          1.3173
47.284          1.4716
47.803          1.0779
48.323          0.77221
48.843          0.68588
49.362          0.73041
49.882          0.96335
50.401          1.3943
50.921          1.4285
51.441          1.0021
51.960          0.74331
52.480          0.68443
52.999          0.75392
