0.0000          0.70593
0.51960         0.82527
1.0392          1.1699
1.5588          1.4351
2.0784          1.1541
2.5980          0.81707
3.1176          0.70478
3.6372          0.75609
4.1568          1.0143
4.6764          1.3933
5.1960          1.3087
5.7156          0.91692
6.2352          0.72458
6.7548          0.71719
7.2744          0.88784
7.7940          1.2720
8.3136          1.4134
8.8332          1.0527
9.3528          0.77081
9.8724          0.70275
10.392          0.79561
10.912          1.1103
11.431          1.4314
11.951          1.2152
12.470          0.85038
12.990          0.70930
13.510          0.73757
14.029          0.96119
14.549          1.3545
15.068          1.3584
15.588          0.96564
16.108          0.73901
16.627          0.70874
17.147          0.84713
17.666          1.2098
18.186          1.4324
18.706          1.1158
19.225          0.79814
19.745          0.70289
20.264          0.76875
20.784          1.0475
21.304          1.4111
21.823          1.2771
22.343          0.89154
22.862          0.71807
23.382          0.72353
23.902          0.91298
24.421          1.3040
24.941          1.3961
25.460          1.0191
25.980          0.75790
26.500          0.70450
27.019          0.81431
27.539          1.1486
28.059          1.4348
28.578          1.1753
29.098          0.82818
29.617          0.70631
30.137          0.75006
30.657          0.99710
31.176          1.3813
31.696          1.3235
32.215          0.93079
32.735          0.72879
33.255          0.71537
33.774          0.87802
34.294          1.2570
34.813          1.4167
35.333          1.0655
35.853          0.77657
36.372          0.70346
36.892          0.79210
37.411          1.1012
37.931          1.4269
38.451          1.2213
38.970          0.85496
39.490          0.71089
40.009          0.73797
40.529          0.96053
41.049          1.3517
41.568          1.3554
42.088          0.96476
42.607          0.73934
43.127          0.71032
43.647          0.85180
44.166          1.2161
44.686          1.4281
45.205          1.1064
45.725          0.79447
46.245          0.70355
46.764          0.77448
47.284          1.0605
47.803          1.4148
48.323          1.2619
48.843          0.88148
49.362          0.71614
49.882          0.72765
50.401          0.92682
50.921          1.3192
51.441          1.3844
51.960          1.0017
52.480          0.75171
52.999          0.70593
