0.0000          1.4681
0.51960         1.3264
1.0392          0.90618
1.5588          0.71366
2.0784          0.69167
2.5980          0.81014
3.1176          1.1626
3.6372          1.4916
4.1568          1.2286
4.6764          0.84432
5.1960          0.69854
5.7156          0.70362
6.2352          0.86662
6.7548          1.2669
7.2744          1.4860
7.7940          1.1257
8.3136          0.79283
8.8332          0.68871
9.3528          0.72026
9.8724          0.92984
10.392          1.3571
10.912          1.4535
11.431          1.0396
11.951          0.75703
12.470          0.68458
12.990          0.74077
13.510          0.99474
14.029          1.4227
14.549          1.4011
15.068          0.97028
15.588          0.73263
16.108          0.68550
16.627          0.76859
17.147          1.0690
17.666          1.4680
18.186          1.3265
18.706          0.90624
19.225          0.71367
19.745          0.69167
20.264          0.81013
20.784          1.1626
21.304          1.4916
21.823          1.2286
22.343          0.84433
22.862          0.69855
23.382          0.70363
23.902          0.86665
24.421          1.2669
24.941          1.4859
25.460          1.1256
25.980          0.79280
26.500          0.68871
27.019          0.72029
27.539          0.92992
28.059          1.3572
28.578          1.4534
29.098          1.0395
29.617          0.75699
30.137          0.68458
30.657          0.74082
31.176          0.99488
31.696          1.4228
32.215          1.4009
32.735          0.97013
33.255          0.73258
33.774          0.68550
34.294          0.76867
34.813          1.0693
35.333          1.4682
35.853          1.3263
36.372          0.90606
36.892          0.71362
37.411          0.69169
37.931          0.81025
38.451          1.1629
38.970          1.4916
39.490          1.2283
40.009          0.84415
40.529          0.69851
41.049          0.70366
41.568          0.86680
42.088          1.2672
42.607          1.4859
43.127          1.1254
43.647          0.79269
44.166          0.68869
44.686          0.72032
45.205          0.93003
45.725          1.3573
46.245          1.4534
46.764          1.0394
47.284          0.75695
47.803          0.68458
48.323          0.74082
48.843          0.99490
49.362          1.4228
49.882          1.4009
50.401          0.97015
50.921          0.73259
51.441          0.68550
51.960          0.76863
52.480          1.0691
52.999          1.4681
