0.0000          1.0553
0.51960         0.77203
1.0392          0.70299
1.5588          0.79516
2.0784          1.1088
2.5980          1.4302
3.1176          1.2156
3.6372          0.85094
4.1568          0.70970
4.6764          0.73826
5.1960          0.96256
5.7156          1.3548
6.2352          1.3557
6.7548          0.96359
7.2744          0.73861
7.7940          0.70967
8.3136          0.85046
8.8332          1.2146
9.3528          1.4300
9.8724          1.1094
10.392          0.79553
10.912          0.70321
11.431          0.77236
11.951          1.0557
12.470          1.4135
12.990          1.2676
13.510          0.88519
14.029          0.71686
14.549          0.72619
15.068          0.92184
15.588          1.3136
16.108          1.3884
16.627          1.0079
17.147          0.75395
17.666          0.70558
18.186          0.82184
18.706          1.1630
19.225          1.4345
19.745          1.1605
20.264          0.82054
20.784          0.70546
21.304          0.75485
21.823          1.0102
22.343          1.3897
22.862          1.3111
23.382          0.91979
23.902          0.72568
24.421          0.71748
24.941          0.88753
25.460          1.2706
25.980          1.4117
26.500          1.0523
27.019          0.77103
27.539          0.70347
28.059          0.79770
28.578          1.1138
29.098          1.4303
29.617          1.2096
30.137          0.84767
30.657          0.70932
31.176          0.74027
31.696          0.96837
32.215          1.3594
32.735          1.3500
33.255          0.95759
33.774          0.73677
34.294          0.71062
34.813          0.85534
35.333          1.2226
35.853          1.4282
36.372          1.1013
36.892          0.79185
37.411          0.70300
37.931          0.77534
38.451          1.0632
38.970          1.4168
39.490          1.2607
40.009          0.88015
40.529          0.71558
41.049          0.72733
41.568          0.92642
42.088          1.3192
42.607          1.3858
43.127          1.0029
43.647          0.75196
44.166          0.70553
44.686          0.82371
45.205          1.1671
45.725          1.4355
46.245          1.1575
46.764          0.81871
47.284          0.70490
47.803          0.75489
48.323          1.0110
48.843          1.3912
49.362          1.3117
49.882          0.91967
50.401          0.72539
50.921          0.71680
51.441          0.88580
51.960          1.2689
52.480          1.4140
52.999          1.0553
