0.0000          0.75716
0.51960         1.0400
1.0392          1.4536
1.5588          1.3567
2.0784          0.92953
2.5980          0.72018
3.1176          0.68877
3.6372          0.79314
4.1568          1.1263
4.6764          1.4860
5.1960          1.2661
5.7156          0.86617
6.2352          0.70352
6.7548          0.69867
7.2744          0.84486
7.7940          1.2295
8.3136          1.4914
8.8332          1.1617
9.3528          0.80973
9.8724          0.69161
10.392          0.71384
10.912          0.90684
11.431          1.3273
11.951          1.4676
12.470          1.0684
12.990          0.76836
13.510          0.68548
14.029          0.73281
14.549          0.97084
15.068          1.4015
15.588          1.4222
16.108          0.99427
16.627          0.74063
17.147          0.68460
17.666          0.75723
18.186          1.0401
18.706          1.4537
19.225          1.3566
19.745          0.92948
20.264          0.72017
20.784          0.68874
21.304          0.79302
21.823          1.1261
22.343          1.4861
22.862          1.2665
23.382          0.86638
23.902          0.70356
24.421          0.69858
24.941          0.84448
25.460          1.2289
25.980          1.4916
26.500          1.1624
27.019          0.81002
27.539          0.69165
28.059          0.71368
28.578          0.90627
29.098          1.3266
29.617          1.4681
30.137          1.0691
30.657          0.76860
31.176          0.68549
31.696          0.73260
32.215          0.97019
32.735          1.4009
33.255          1.4228
33.774          0.99490
34.294          0.74083
34.813          0.68458
35.333          0.75698
35.853          1.0394
36.372          1.4533
36.892          1.3573
37.411          0.93007
37.931          0.72033
38.451          0.68871
38.970          0.79272
39.490          1.1253
40.009          1.4858
40.529          1.2672
41.049          0.86684
41.568          0.70368
42.088          0.69852
42.607          0.84419
43.127          1.2283
43.647          1.4915
44.166          1.1629
44.686          0.81026
45.205          0.69170
45.725          0.71365
46.245          0.90615
46.764          1.3264
47.284          1.4680
47.803          1.0691
48.323          0.76863
48.843          0.68551
49.362          0.73265
49.882          0.97034
50.401          1.4011
50.921          1.4226
51.441          0.99463
51.960          0.74074
52.480          0.68460
52.999          0.75716
