0.0000          1.4661
0.51960         1.0647
1.0392          0.76682
1.5588          0.68533
2.0784          0.73377
2.5980          0.97380
3.1176          1.4044
3.6372          1.4197
4.1568          0.99108
4.6764          0.73952
5.1960          0.68468
5.7156          0.75867
6.2352          1.0439
6.7548          1.4558
7.2744          1.3526
7.7940          0.92626
8.3136          0.71924
8.8332          0.68912
9.3528          0.79536
9.8724          1.1312
10.392          1.4870
10.912          1.2610
11.431          0.86308
11.951          0.70279
12.470          0.69930
12.990          0.84776
13.510          1.2347
14.029          1.4909
14.549          1.1566
15.068          0.80725
15.588          0.69115
16.108          0.71469
16.627          0.90998
17.147          1.3316
17.666          1.4659
18.186          1.0642
18.706          0.76663
19.225          0.68531
19.745          0.73388
20.264          0.97413
20.784          1.4047
21.304          1.4194
21.823          0.99077
22.343          0.73942
22.862          0.68468
23.382          0.75877
23.902          1.0442
24.421          1.4560
24.941          1.3524
25.460          0.92607
25.980          0.71918
26.500          0.68913
27.019          0.79542
27.539          1.1314
28.059          1.4871
28.578          1.2609
29.098          0.86301
29.617          0.70277
30.137          0.69930
30.657          0.84776
31.176          1.2347
31.696          1.4910
32.215          1.1567
32.735          0.80726
33.255          0.69115
33.774          0.71466
34.294          0.90987
34.813          1.3315
35.333          1.4660
35.853          1.0644
36.372          0.76671
36.892          0.68531
37.411          0.73379
37.931          0.97388
38.451          1.4045
38.970          1.4197
39.490          0.99106
40.009          0.73951
40.529          0.68467
41.049          0.75861
41.568          1.0437
42.088          1.4558
42.607          1.3529
43.127          0.92643
43.647          0.71928
44.166          0.68909
44.686          0.79516
45.205          1.1308
45.725          1.4870
46.245          1.2615
46.764          0.86337
47.284          0.70286
47.803          0.69923
48.323          0.84743
48.843          1.2341
49.362          1.4910
49.882          1.1572
50.401          0.80752
50.921          0.69120
51.441          0.71459
51.960          0.90961
52.480          1.3311
52.999          1.4661
