0.0000          1.0364
0.51960         0.75581
1.0392          0.68453
1.5588          0.74181
2.0784          0.99773
2.5980          1.4251
3.1176          1.3982
3.6372          0.96740
4.1568          0.73171
4.6764          0.68567
5.1960          0.77016
5.7156          1.0729
6.2352          1.4696
6.7548          1.3224
7.2744          0.90329
7.7940          0.71288
8.3136          0.69212
8.8332          0.81252
9.3528          1.1675
9.8724          1.4919
10.392          1.2235
10.912          0.84153
11.431          0.69795
11.951          0.70436
12.470          0.86971
12.990          1.2719
13.510          1.4848
14.029          1.1208
14.549          0.79065
15.068          0.68838
15.588          0.72125
16.108          0.93323
16.627          1.3611
17.147          1.4511
17.666          1.0356
18.186          0.75550
18.706          0.68452
19.225          0.74210
19.745          0.99858
20.264          1.4257
20.784          1.3974
21.304          0.96657
21.823          0.73144
22.343          0.68572
22.862          0.77061
23.382          1.0740
23.902          1.4701
24.421          1.3213
24.941          0.90249
25.460          0.71267
25.980          0.69222
26.500          0.81310
27.019          1.1687
27.539          1.4921
28.059          1.2224
28.578          0.84092
29.098          0.69781
29.617          0.70448
30.137          0.87022
30.657          1.2727
31.176          1.4847
31.696          1.1201
32.215          0.79035
32.735          0.68832
33.255          0.72130
33.774          0.93341
34.294          1.3614
34.813          1.4511
35.333          1.0355
35.853          0.75546
36.372          0.68449
36.892          0.74198
37.411          0.99825
37.931          1.4256
38.451          1.3979
38.970          0.96699
39.490          0.73157
40.009          0.68565
40.529          0.77021
41.049          1.0730
41.568          1.4698
42.088          1.3224
42.607          0.90327
43.127          0.71287
43.647          0.69208
44.166          0.81236
44.686          1.1672
45.205          1.4920
45.725          1.2239
46.245          0.84177
46.764          0.69799
47.284          0.70426
47.803          0.86930
48.323          1.2712
48.843          1.4850
49.362          1.1215
49.882          0.79098
50.401          0.68843
50.921          0.72107
51.441          0.93259
51.960          1.3604
52.480          1.4516
52.999          1.0364
