0.0000          0.68481
0.51960         0.73795
1.0392          0.98645
1.5588          1.4158
2.0784          1.4086
2.5980          0.97839
3.1176          0.73527
3.6372          0.68511
4.1568          0.76451
4.6764          1.0589
5.1960          1.4634
5.7156          1.3372
6.2352          0.91418
6.7548          0.71584
7.2744          0.69059
7.7940          0.80405
8.3136          1.1499
8.8332          1.4901
9.3528          1.2416
9.8724          0.85171
10.392          0.70018
10.912          0.70184
11.431          0.85901
11.951          1.2542
12.470          1.4883
12.990          1.1378
13.510          0.79838
14.029          0.68962
14.549          0.71802
15.068          0.92197
15.588          1.3473
16.108          1.4586
16.627          1.0491
17.147          0.76069
17.666          0.68482
18.186          0.73800
18.706          0.98659
19.225          1.4159
19.745          1.4084
20.264          0.97821
20.784          0.73521
21.304          0.68513
21.823          0.76464
22.343          1.0592
22.862          1.4636
23.382          1.3368
23.902          0.91388
24.421          0.71576
24.941          0.69063
25.460          0.80430
25.980          1.1504
26.500          1.4902
27.019          1.2411
27.539          0.85139
28.059          0.70011
28.578          0.70192
29.098          0.85933
29.617          1.2547
30.137          1.4882
30.657          1.1373
31.176          0.79815
31.696          0.68958
32.215          0.71809
32.735          0.92224
33.255          1.3476
33.774          1.4585
34.294          1.0488
34.813          0.76057
35.333          0.68480
35.853          0.73805
36.372          0.98673
36.892          1.4160
37.411          1.4084
37.931          0.97811
38.451          0.73518
38.970          0.68512
39.490          0.76463
40.009          1.0592
40.529          1.4636
41.049          1.3369
41.568          0.91395
42.088          0.71577
42.607          0.69061
43.127          0.80419
43.647          1.1502
44.166          1.4902
44.686          1.2414
45.205          0.85154
45.725          0.70014
46.245          0.70187
46.764          0.85912
47.284          1.2544
47.803          1.4883
48.323          1.1376
48.843          0.79830
49.362          0.68960
49.882          0.71802
50.401          0.92198
50.921          1.3473
51.441          1.4586
51.960          1.0492
52.480          0.76070
52.999          0.68481
