0.0000          0.71646
0.51960         0.68142
1.0392          0.74547
1.5588          1.0019
2.0784          1.4489
2.5980          1.4537
3.1176          1.0073
3.6372          0.74739
4.1568          0.68163
4.6764          0.71524
5.1960          0.90398
5.7156          1.3337
6.2352          1.5250
6.7548          1.1291
7.2744          0.79543
7.7940          0.68989
8.3136          0.69596
8.8332          0.82421
9.3528          1.1919
9.8724          1.5396
10.392          1.2714
10.912          0.86570
11.431          0.70547
11.951          0.68441
12.470          0.76645
12.990          1.0588
13.510          1.4916
14.029          1.4018
14.549          0.95561
15.068          0.73021
15.588          0.68048
16.108          0.72867
16.627          0.95063
17.147          1.3959
17.666          1.4953
18.186          1.0649
18.706          0.76884
19.225          0.68483
19.745          0.70449
20.264          0.86161
20.784          1.2641
21.304          1.5405
21.823          1.1992
22.343          0.82776
22.862          0.69673
23.382          0.68929
23.902          0.79247
24.421          1.1223
24.941          1.5226
25.460          1.3404
25.980          0.90853
26.500          0.71647
27.019          0.68142
27.539          0.74546
28.059          1.0018
28.578          1.4488
29.098          1.4537
29.617          1.0074
30.137          0.74740
30.657          0.68164
31.176          0.71523
31.696          0.90395
32.215          1.3336
32.735          1.5250
33.255          1.1292
33.774          0.79545
34.294          0.68989
34.813          0.69595
35.333          0.82419
35.853          1.1919
36.372          1.5396
36.892          1.2715
37.411          0.86573
37.931          0.70548
38.451          0.68441
38.970          0.76644
39.490          1.0588
40.009          1.4915
40.529          1.4018
41.049          0.95562
41.568          0.73022
42.088          0.68048
42.607          0.72867
43.127          0.95063
43.647          1.3959
44.166          1.4953
44.686          1.0649
45.205          0.76884
45.725          0.68482
46.245          0.70449
46.764          0.86162
47.284          1.2642
47.803          1.5405
48.323          1.1992
48.843          0.82775
49.362          0.69673
49.882          0.68930
50.401          0.79249
50.921          1.1223
51.441          1.5226
51.960          1.3404
52.480          0.90851
52.999          0.71646
