0.0000          0.91994
0.51960         0.71963
1.0392          0.68099
1.5588          0.74089
2.0784          0.98852
2.5980          1.4365
3.1176          1.4651
3.6372          1.0212
4.1568          0.75234
4.6764          0.68225
5.1960          0.71231
5.7156          0.89293
6.2352          1.3168
6.7548          1.5303
7.2744          1.1463
7.7940          0.80300
8.3136          0.69144
8.8332          0.69412
9.3528          0.81569
9.8724          1.1740
10.392          1.5368
10.912          1.2893
11.431          0.87604
11.951          0.70801
12.470          0.68348
12.990          0.76073
13.510          1.0439
14.029          1.4818
14.549          1.4157
15.068          0.96814
15.588          0.73418
16.108          0.68057
16.627          0.72501
17.147          0.93850
17.666          1.3811
18.186          1.5039
18.706          1.0804
19.225          0.77502
19.745          0.68593
20.264          0.70215
20.784          0.85170
21.304          1.2460
21.823          1.5418
22.343          1.2174
22.862          0.83679
23.382          0.69874
23.902          0.68790
24.421          0.78541
24.941          1.1057
25.460          1.5160
25.980          1.3567
26.500          0.91997
27.019          0.71964
27.539          0.68099
28.059          0.74088
28.578          0.98848
29.098          1.4365
29.617          1.4652
30.137          1.0213
30.657          0.75236
31.176          0.68225
31.696          0.71229
32.215          0.89288
32.735          1.3167
33.255          1.5304
33.774          1.1463
34.294          0.80303
34.813          0.69145
35.333          0.69411
35.853          0.81566
36.372          1.1739
36.892          1.5368
37.411          1.2893
37.931          0.87607
38.451          0.70801
38.970          0.68347
39.490          0.76072
40.009          1.0438
40.529          1.4818
41.049          1.4158
41.568          0.96816
42.088          0.73418
42.607          0.68057
43.127          0.72501
43.647          0.93849
44.166          1.3811
44.686          1.5039
45.205          1.0804
45.725          0.77501
46.245          0.68593
46.764          0.70215
47.284          0.85172
47.803          1.2460
48.323          1.5418
48.843          1.2173
49.362          0.83678
49.882          0.69874
50.401          0.68790
50.921          0.78543
51.441          1.1057
51.960          1.5160
52.480          1.3566
52.999          0.91994
