0.0000          0.74830
0.51960         0.68435
1.0392          0.74864
1.5588          1.0170
2.0784          1.4393
2.5980          1.3798
3.1176          0.94951
3.6372          0.72611
4.1568          0.68687
4.6764          0.78023
5.1960          1.0970
5.7156          1.4784
6.2352          1.2971
6.7548          0.88579
7.2744          0.70832
7.7940          0.69490
8.3136          0.82695
8.8332          1.1962
9.3528          1.4931
9.8724          1.1946
10.392          0.82614
10.912          0.69474
11.431          0.70855
11.951          0.88669
12.470          1.2984
12.990          1.4780
13.510          1.0957
14.029          0.77968
14.549          0.68679
15.068          0.72635
15.588          0.95030
16.108          1.3806
16.627          1.4388
17.147          1.0162
17.666          0.74833
18.186          0.68433
18.706          0.74852
19.225          1.0167
19.745          1.4392
20.264          1.3801
20.784          0.94982
21.304          0.72620
21.823          0.68683
22.343          0.77996
22.862          1.0964
23.382          1.4782
23.902          1.2977
24.421          0.88623
24.941          0.70844
25.460          0.69482
25.980          0.82653
26.500          1.1954
27.019          1.4931
27.539          1.1954
28.059          0.82657
28.578          0.69483
29.098          0.70844
29.617          0.88623
30.137          1.2977
30.657          1.4782
31.176          1.0964
31.696          0.77996
32.215          0.68684
32.735          0.72624
33.255          0.94994
33.774          1.3802
34.294          1.4390
34.813          1.0166
35.333          0.74847
35.853          0.68435
36.372          0.74847
36.892          1.0166
37.411          1.4390
37.931          1.3802
38.451          0.94991
38.970          0.72623
39.490          0.68685
40.009          0.78000
40.529          1.0965
41.049          1.4782
41.568          1.2976
42.088          0.88613
42.607          0.70841
43.127          0.69486
43.647          0.82671
44.166          1.1957
44.686          1.4931
45.205          1.1950
45.725          0.82636
46.245          0.69479
46.764          0.70851
47.284          0.88653
47.803          1.2982
48.323          1.4780
48.843          1.0959
49.362          0.77976
49.882          0.68681
50.401          0.72636
50.921          0.95033
51.441          1.3806
51.960          1.4387
52.480          1.0161
52.999          0.74830
