0.0000          1.0594
0.51960         1.4637
1.0392          1.3366
1.5588          0.91373
2.0784          0.71571
2.5980          0.69064
3.1176          0.80437
3.6372          1.1506
4.1568          1.4902
4.6764          1.2409
5.1960          0.85130
5.7156          0.70009
6.2352          0.70193
6.7548          0.85940
7.2744          1.2549
7.7940          1.4882
8.3136          1.1372
8.8332          0.79809
9.3528          0.68957
9.8724          0.71811
10.392          0.92231
10.912          1.3477
11.431          1.4584
11.951          1.0487
12.470          0.76053
12.990          0.68480
13.510          0.73808
14.029          0.98682
14.549          1.4161
15.068          1.4083
15.588          0.97799
16.108          0.73514
16.627          0.68512
17.147          0.76469
17.666          1.0593
18.186          1.4637
18.706          1.3367
19.225          0.91377
19.745          0.71572
20.264          0.69063
20.784          0.80433
21.304          1.1505
21.823          1.4903
22.343          1.2410
22.862          0.85131
23.382          0.70009
23.902          0.70192
24.421          0.85937
24.941          1.2548
25.460          1.4882
25.980          1.1372
26.500          0.79808
27.019          0.68957
27.539          0.71811
28.059          0.92232
28.578          1.3477
29.098          1.4584
29.617          1.0487
30.137          0.76052
30.657          0.68480
31.176          0.73810
31.696          0.98687
32.215          1.4161
32.735          1.4082
33.255          0.97796
33.774          0.73513
34.294          0.68513
34.813          0.76473
35.333          1.0594
35.853          1.4637
36.372          1.3366
36.892          0.91372
37.411          0.71571
37.931          0.69064
38.451          0.80438
38.970          1.1506
39.490          1.4903
40.009          1.2409
40.529          0.85126
41.049          0.70008
41.568          0.70193
42.088          0.85942
42.607          1.2549
43.127          1.4882
43.647          1.1371
44.166          0.79804
44.686          0.68956
45.205          0.71812
45.725          0.92236
46.245          1.3478
46.764          1.4584
47.284          1.0486
47.803          0.76049
48.323          0.68479
48.843          0.73810
49.362          0.98689
49.882          1.4162
50.401          1.4082
50.921          0.97793
51.441          0.73512
51.960          0.68513
52.480          0.76473
52.999          1.0594
