0.0000          1.3917
0.51960         1.4304
1.0392          1.0047
1.5588          0.74422
2.0784          0.68442
2.5980          0.75298
3.1176          1.0288
3.6372          1.4470
4.1568          1.3680
4.6764          0.93905
5.1960          0.72296
5.7156          0.68779
6.2352          0.78675
6.7548          1.1120
7.2744          1.4827
7.7940          1.2812
8.3136          0.87551
8.8332          0.70577
9.3528          0.69679
9.8724          0.83610
10.392          1.2135
10.912          1.4926
11.431          1.1774
11.951          0.81740
12.470          0.69303
12.990          0.71125
13.510          0.89713
14.029          1.3137
14.549          1.4729
15.068          1.0812
15.588          0.77357
16.108          0.68604
16.627          0.72967
17.147          0.96098
17.666          1.3919
18.186          1.4304
18.706          1.0046
19.225          0.74418
19.745          0.68441
20.264          0.75298
20.784          1.0289
21.304          1.4471
21.823          1.3680
22.343          0.93905
22.862          0.72296
23.382          0.68778
23.902          0.78670
24.421          1.1119
24.941          1.4827
25.460          1.2813
25.980          0.87559
26.500          0.70579
27.019          0.69676
27.539          0.83598
28.059          1.2133
28.578          1.4927
29.098          1.1776
29.617          0.81751
30.137          0.69305
30.657          0.71121
31.176          0.89697
31.696          1.3135
32.215          1.4730
32.735          1.0814
33.255          0.77366
33.774          0.68605
34.294          0.72961
34.813          0.96081
35.333          1.3917
35.853          1.4305
36.372          1.0047
36.892          0.74425
37.411          0.68441
37.931          0.75291
38.451          1.0287
38.970          1.4470
39.490          1.3682
40.009          0.93922
40.529          0.72301
41.049          0.68777
41.568          0.78662
42.088          1.1117
42.607          1.4826
43.127          1.2815
43.647          0.87572
44.166          0.70582
44.686          0.69674
45.205          0.83590
45.725          1.2131
46.245          1.4927
46.764          1.1778
47.284          0.81758
47.803          0.69307
48.323          0.71120
48.843          0.89694
49.362          1.3135
49.882          1.4730
50.401          1.0814
50.921          0.77367
51.441          0.68605
51.960          0.72963
52.480          0.96086
52.999          1.3917
