0.0000          0.68085
0.51960         0.72101
1.0392          0.92479
1.5588          1.3632
2.0784          1.5130
2.5980          1.0989
3.1176          0.78259
3.6372          0.68735
4.1568          0.69961
4.6764          0.84064
5.1960          1.2249
5.7156          1.5421
6.2352          1.2385
6.7548          0.84770
7.2744          0.70122
7.7940          0.68642
8.3136          0.77767
8.8332          1.0870
9.3528          1.5073
9.8724          1.3748
10.392          0.93355
10.912          0.72355
11.431          0.68065
11.951          0.73589
12.470          0.97343
12.990          1.4214
13.510          1.4776
14.029          1.0378
14.549          0.75845
15.068          0.68312
15.588          0.70910
16.108          0.88042
16.627          1.2966
17.147          1.5353
17.666          1.1666
18.186          0.81225
18.706          0.69338
19.225          0.69212
19.745          0.80626
20.264          1.1535
20.784          1.5323
21.304          1.3096
21.823          0.88839
22.343          0.71113
22.862          0.68254
23.382          0.75449
23.902          1.0271
24.421          1.4697
24.941          1.4312
25.460          0.98304
25.980          0.73905
26.500          0.68085
27.019          0.72102
27.539          0.92481
28.059          1.3633
28.578          1.5130
29.098          1.0989
29.617          0.78257
30.137          0.68735
30.657          0.69962
31.176          0.84067
31.696          1.2250
32.215          1.5421
32.735          1.2384
33.255          0.84766
33.774          0.70121
34.294          0.68643
34.813          0.77770
35.333          1.0871
35.853          1.5074
36.372          1.3747
36.892          0.93349
37.411          0.72353
37.931          0.68065
38.451          0.73591
38.970          0.97350
39.490          1.4214
40.009          1.4775
40.529          1.0377
41.049          0.75842
41.568          0.68312
42.088          0.70912
42.607          0.88048
43.127          1.2967
43.647          1.5353
44.166          1.1665
44.686          0.81221
45.205          0.69337
45.725          0.69213
46.245          0.80629
46.764          1.1536
47.284          1.5323
47.803          1.3095
48.323          0.88836
48.843          0.71112
49.362          0.68255
49.882          0.75450
50.401          1.0271
50.921          1.4697
51.441          1.4311
51.960          0.98303
52.480          0.73905
52.999          0.68085
