0.0000          0.90180
0.51960         1.3203
1.0392          1.4705
1.5588          1.0749
2.0784          0.77098
2.5980          0.68575
3.1176          0.73118
3.6372          0.96578
4.1568          1.3967
4.6764          1.4264
5.1960          0.99944
5.7156          0.74240
6.2352          0.68449
6.7548          0.75507
7.2744          1.0344
7.7940          1.4505
8.3136          1.3624
8.8332          0.93422
9.3528          0.72154
9.8724          0.68826
10.392          0.78988
10.912          1.1191
11.431          1.4845
11.951          1.2738
12.470          0.87083
12.990          0.70463
13.510          0.69769
14.029          0.84036
14.549          1.2214
15.068          1.4922
15.588          1.1696
16.108          0.81355
16.627          0.69230
17.147          0.71250
17.666          0.90186
18.186          1.3205
18.706          1.4705
19.225          1.0748
19.745          0.77094
20.264          0.68574
20.784          0.73118
21.304          0.96576
21.823          1.3967
22.343          1.4265
22.862          0.99948
23.382          0.74241
23.902          0.68448
24.421          0.75502
24.941          1.0343
25.460          1.4504
25.980          1.3625
26.500          0.93436
27.019          0.72158
27.539          0.68824
28.059          0.78977
28.578          1.1188
29.098          1.4844
29.617          1.2740
30.137          0.87102
30.657          0.70467
31.176          0.69765
31.696          0.84018
32.215          1.2211
32.735          1.4922
33.255          1.1700
33.774          0.81371
34.294          0.69233
34.813          0.71245
35.333          0.90167
35.853          1.3202
36.372          1.4706
36.892          1.0751
37.411          0.77104
37.931          0.68575
38.451          0.73113
38.970          0.96562
39.490          1.3965
40.009          1.4266
40.529          0.99960
41.049          0.74245
41.568          0.68449
42.088          0.75500
42.607          1.0343
43.127          1.4504
43.647          1.3625
44.166          0.93438
44.686          0.72158
45.205          0.68824
45.725          0.78979
46.245          1.1189
46.764          1.4844
47.284          1.2740
47.803          0.87098
48.323          0.70467
48.843          0.69767
49.362          0.84026
49.882          1.2212
50.401          1.4922
50.921          1.1698
51.441          0.81365
51.960          0.69232
52.480          0.71248
52.999          0.90180
