0.0000          0.69292
0.51960         0.81683
1.0392          1.1763
1.5588          1.4926
2.0784          1.2147
2.5980          0.83674
3.1176          0.69692
3.6372          0.70558
4.1568          0.87475
4.6764          1.2800
5.1960          1.4830
5.7156          1.1132
6.2352          0.78725
6.7548          0.68786
7.2744          0.72273
7.7940          0.93827
8.3136          1.3671
8.8332          1.4476
9.3528          1.0297
9.8724          0.75330
10.392          0.68443
10.912          0.74396
11.431          1.0039
11.951          1.4299
12.470          1.3924
12.990          0.96153
13.510          0.72984
14.029          0.68602
14.549          0.77336
15.068          1.0807
15.588          1.4727
16.108          1.3142
16.627          0.89746
17.147          0.71134
17.666          0.69301
18.186          0.81724
18.706          1.1771
19.225          1.4926
19.745          1.2138
20.264          0.83624
20.784          0.69682
21.304          0.70575
21.823          0.87545
22.343          1.2811
22.862          1.4827
23.382          1.1121
23.902          0.78677
24.421          0.68780
24.941          0.72298
25.460          0.93911
25.980          1.3680
26.500          1.4470
27.019          1.0287
27.539          0.75294
28.059          0.68442
28.578          0.74428
29.098          1.0048
29.617          1.4306
30.137          1.3915
30.657          0.96068
31.176          0.72957
31.696          0.68607
32.215          0.77378
32.735          1.0817
33.255          1.4731
33.774          1.3132
34.294          0.89675
34.813          0.71115
35.333          0.69309
35.853          0.81769
36.372          1.1780
36.892          1.4927
37.411          1.2129
37.931          0.83579
38.451          0.69672
38.970          0.70582
39.490          0.87575
40.009          1.2816
40.529          1.4827
41.049          1.1117
41.568          0.78662
42.088          0.68776
42.607          0.72295
43.127          0.93904
43.647          1.3680
44.166          1.4472
44.686          1.0290
45.205          0.75301
45.725          0.68439
46.245          0.74406
46.764          1.0042
47.284          1.4302
47.803          1.3923
48.323          0.96135
48.843          0.72978
49.362          0.68599
49.882          0.77325
50.401          1.0804
50.921          1.4727
51.441          1.3146
51.960          0.89772
52.480          0.71140
52.999          0.69292
