0.0000          0.76685
0.51960         1.0647
1.0392          1.4662
1.5588          1.3311
2.0784          0.90959
2.5980          0.71458
3.1176          0.69119
3.6372          0.80750
4.1568          1.1572
4.6764          1.4910
5.1960          1.2342
5.7156          0.84745
6.2352          0.69923
6.7548          0.70285
7.2744          0.86334
7.7940          1.2615
8.3136          1.4870
8.8332          1.1308
9.3528          0.79517
9.8724          0.68909
10.392          0.71929
10.912          0.92645
11.431          1.3529
11.951          1.4557
12.470          1.0437
12.990          0.75859
13.510          0.68467
14.029          0.73956
14.549          0.99119
15.068          1.4198
15.588          1.4043
16.108          0.97371
16.627          0.73374
17.147          0.68532
17.666          0.76684
18.186          1.0647
18.706          1.4661
19.225          1.3311
19.745          0.90958
20.264          0.71458
20.784          0.69121
21.304          0.80755
21.823          1.1573
22.343          1.4910
22.862          1.2340
23.382          0.84739
23.902          0.69922
24.421          0.70287
24.941          0.86344
25.460          1.2616
25.980          1.4870
26.500          1.1307
27.019          0.79510
27.539          0.68908
28.059          0.71933
28.578          0.92658
29.098          1.3531
29.617          1.4556
30.137          1.0435
30.657          0.75853
31.176          0.68467
31.696          0.73961
32.215          0.99135
32.735          1.4199
33.255          1.4042
33.774          0.97356
34.294          0.73369
34.813          0.68533
35.333          0.76692
35.853          1.0649
36.372          1.4662
36.892          1.3309
37.411          0.90942
37.931          0.71453
38.451          0.69122
38.970          0.80764
39.490          1.1575
40.009          1.4911
40.529          1.2338
41.049          0.84727
41.568          0.69919
42.088          0.70289
42.607          0.86353
43.127          1.2618
43.647          1.4870
44.166          1.1305
44.686          0.79503
45.205          0.68907
45.725          0.71934
46.245          0.92662
46.764          1.3531
47.284          1.4556
47.803          1.0435
48.323          0.75851
48.843          0.68466
49.362          0.73959
49.882          0.99129
50.401          1.4199
50.921          1.4043
51.441          0.97364
51.960          0.73372
52.480          0.68532
52.999          0.76685
