0.0000          0.75545
0.51960         1.0355
1.0392          1.4511
1.5588          1.3614
2.0784          0.93341
2.5980          0.72130
3.1176          0.68832
3.6372          0.79034
4.1568          1.1201
4.6764          1.4848
5.1960          1.2727
5.7156          0.87021
6.2352          0.70448
6.7548          0.69780
7.2744          0.84090
7.7940          1.2224
8.3136          1.4921
8.8332          1.1687
9.3528          0.81311
9.8724          0.69222
10.392          0.71264
10.912          0.90240
11.431          1.3212
11.951          1.4702
12.470          1.0741
12.990          0.77066
13.510          0.68571
14.029          0.73136
14.549          0.96633
15.068          1.3972
15.588          1.4260
16.108          0.99888
16.627          0.74220
17.147          0.68450
17.666          0.75531
18.186          1.0351
18.706          1.4508
19.225          1.3617
19.745          0.93369
20.264          0.72139
20.784          0.68832
21.304          0.79027
21.823          1.1200
22.343          1.4846
22.862          1.2728
23.382          0.87027
23.902          0.70450
24.421          0.69782
24.941          0.84096
25.460          1.2225
25.980          1.4920
26.500          1.1685
27.019          0.81302
27.539          0.69221
28.059          0.71271
28.578          0.90265
29.098          1.3215
29.617          1.4700
30.137          1.0737
30.657          0.77050
31.176          0.68570
31.696          0.73151
32.215          0.96679
32.735          1.3976
33.255          1.4255
33.774          0.99834
34.294          0.74202
34.813          0.68452
35.333          0.75558
35.853          1.0358
36.372          1.4512
36.892          1.3609
37.411          0.93306
37.931          0.72120
38.451          0.68839
38.970          0.79070
39.490          1.1209
40.009          1.4849
40.529          1.2718
41.049          0.86965
41.568          0.70435
42.088          0.69793
42.607          0.84149
43.127          1.2234
43.647          1.4920
44.166          1.1677
44.686          0.81258
45.205          0.69212
45.725          0.71282
46.245          0.90306
46.764          1.3221
47.284          1.4698
47.803          1.0733
48.323          0.77030
48.843          0.68567
49.362          0.73154
49.882          0.96689
50.401          1.3978
50.921          1.4256
51.441          0.99833
51.960          0.74201
52.480          0.68449
52.999          0.75545
