0.0000          1.3226
0.51960         1.4696
1.0392          1.0727
1.5588          0.77009
2.0784          0.68565
2.5980          0.73172
3.1176          0.96744
3.6372          1.3983
4.1568          1.4251
4.6764          0.99770
5.1960          0.74179
5.7156          0.68452
6.2352          0.75580
6.7548          1.0364
7.2744          1.4516
7.7940          1.3604
8.3136          0.93259
8.8332          0.72106
9.3528          0.68843
9.8724          0.79098
10.392          1.1215
10.912          1.4850
11.431          1.2712
11.951          0.86926
12.470          0.70425
12.990          0.69801
13.510          0.84185
14.029          1.2241
14.549          1.4920
15.068          1.1670
15.588          0.81226
16.108          0.69206
16.627          0.71294
17.147          0.90350
17.666          1.3227
18.186          1.4696
18.706          1.0726
19.225          0.77005
19.745          0.68565
20.264          0.73172
20.784          0.96746
21.304          1.3983
21.823          1.4251
22.343          0.99769
22.862          0.74179
23.382          0.68452
23.902          0.75578
24.421          1.0363
24.941          1.4516
25.460          1.3605
25.980          0.93265
26.500          0.72108
27.019          0.68842
27.539          0.79092
28.059          1.1214
28.578          1.4850
29.098          1.2713
29.617          0.86934
30.137          0.70427
30.657          0.69799
31.176          0.84176
31.696          1.2239
32.215          1.4920
32.735          1.1672
33.255          0.81234
33.774          0.69208
34.294          0.71291
34.813          0.90340
35.333          1.3226
35.853          1.4696
36.372          1.0728
36.892          0.77011
37.411          0.68565
37.931          0.73169
38.451          0.96737
38.970          1.3982
39.490          1.4251
40.009          0.99777
40.529          0.74182
41.049          0.68452
41.568          0.75576
42.088          1.0363
42.607          1.4515
43.127          1.3605
43.647          0.93269
44.166          0.72109
44.686          0.68842
45.205          0.79091
45.725          1.1214
46.245          1.4850
46.764          1.2713
47.284          0.86935
47.803          0.70427
48.323          0.69799
48.843          0.84177
49.362          1.2239
49.882          1.4920
50.401          1.1671
50.921          0.81233
51.441          0.69208
51.960          0.71292
52.480          0.90344
52.999          1.3226
