0.0000          1.0055
0.51960         1.2555
1.0392          1.1742
1.5588          0.90538
2.0784          0.78742
2.5980          0.86105
3.1176          1.1051
3.6372          1.2576
4.1568          1.0607
4.6764          0.83515
5.1960          0.78926
5.7156          0.93517
6.2352          1.2111
6.7548          1.2428
7.2744          0.97310
7.7940          0.79463
8.3136          0.80619
8.8332          1.0056
9.3528          1.2556
9.8724          1.1742
10.392          0.90535
10.912          0.78736
11.431          0.86097
11.951          1.1050
12.470          1.2577
12.990          1.0608
13.510          0.83517
14.029          0.78919
14.549          0.93502
15.068          1.2110
15.588          1.2429
16.108          0.97325
16.627          0.79465
17.147          0.80609
17.666          1.0054
18.186          1.2555
18.706          1.1745
19.225          0.90550
19.745          0.78735
20.264          0.86081
20.784          1.1048
21.304          1.2577
21.823          1.0610
22.343          0.83529
22.862          0.78915
23.382          0.93480
23.902          1.2108
24.421          1.2431
24.941          0.97349
25.460          0.79474
25.980          0.80602
26.500          1.0051
27.019          1.2554
27.539          1.1746
28.059          0.90568
28.578          0.78740
29.098          0.86072
29.617          1.1046
30.137          1.2577
30.657          1.0612
31.176          0.83540
31.696          0.78917
32.215          0.93474
32.735          1.2107
33.255          1.2431
33.774          0.97357
34.294          0.79480
34.813          0.80605
35.333          1.0051
35.853          1.2553
36.372          1.1746
36.892          0.90571
37.411          0.78746
37.931          0.86080
38.451          1.1046
38.970          1.2576
39.490          1.0611
40.009          0.83538
40.529          0.78924
41.049          0.93489
41.568          1.2108
42.088          1.2429
42.607          0.97342
43.127          0.79478
43.647          0.80614
44.166          1.0053
44.686          1.2553
45.205          1.1744
45.725          0.90556
46.245          0.78747
46.764          0.86097
47.284          1.1049
47.803          1.2575
48.323          1.0608
48.843          0.83525
49.362          0.78928
49.882          0.93510
50.401          1.2110
50.921          1.2428
51.441          0.97319
51.960          0.79470
52.480          0.80621
52.999          1.0055
