0.0000          0.79375
0.51960         0.68955
1.0392          0.69639
1.5588          0.82622
2.0784          1.1961
2.5980          1.5401
3.1176          1.2673
3.6372          0.86337
4.1568          0.70491
4.6764          0.68465
5.1960          0.76781
5.7156          1.0623
6.2352          1.4937
6.7548          1.3985
7.2744          0.95276
7.7940          0.72933
8.3136          0.68048
8.8332          0.72955
9.3528          0.95348
9.8724          1.3993
10.392          1.4931
10.912          1.0614
11.431          0.76746
11.951          0.68459
12.470          0.70505
12.990          0.86396
13.510          1.2683
14.029          1.5400
14.549          1.1950
15.068          0.82570
15.588          0.69628
16.108          0.68964
16.627          0.79418
17.147          1.1263
17.666          1.5240
18.186          1.3365
18.706          0.90589
19.225          0.71575
19.745          0.68154
20.264          0.74657
20.784          1.0050
21.304          1.4517
21.823          1.4509
22.343          1.0042
22.862          0.74628
23.382          0.68151
23.902          0.71594
24.421          0.90658
24.941          1.3375
25.460          1.5236
25.980          1.1252
26.500          0.79373
27.019          0.68955
27.539          0.69640
28.059          0.82623
28.578          1.1961
29.098          1.5401
29.617          1.2673
30.137          0.86335
30.657          0.70491
31.176          0.68465
31.696          0.76781
32.215          1.0623
32.735          1.4937
33.255          1.3984
33.774          0.95275
34.294          0.72933
34.813          0.68048
35.333          0.72955
35.853          0.95347
36.372          1.3993
36.892          1.4932
37.411          1.0614
37.931          0.76746
38.451          0.68459
38.970          0.70505
39.490          0.86395
40.009          1.2683
40.529          1.5400
41.049          1.1950
41.568          0.82572
42.088          0.69629
42.607          0.68963
43.127          0.79416
43.647          1.1262
44.166          1.5240
44.686          1.3366
45.205          0.90592
45.725          0.71576
46.245          0.68154
46.764          0.74656
47.284          1.0050
47.803          1.4516
48.323          1.4510
48.843          1.0042
49.362          0.74629
49.882          0.68151
50.401          0.71593
50.921          0.90655
51.441          1.3375
51.960          1.5237
52.480          1.1253
52.999          0.79375
