0.0000          1.4845
0.51960         1.2729
1.0392          0.87033
1.5588          0.70452
2.0784          0.69785
2.5980          0.84105
3.1176          1.2226
3.6372          1.4920
4.1568          1.1683
4.6764          0.81292
5.1960          0.69220
5.7156          0.71279
6.2352          0.90292
6.7548          1.3219
7.2744          1.4697
7.7940          1.0733
8.3136          0.77033
8.8332          0.68569
9.3528          0.73165
9.8724          0.96723
10.392          1.3980
10.912          1.4251
11.431          0.99783
11.951          0.74185
12.470          0.68454
12.990          0.75582
13.510          1.0364
14.029          1.4516
14.549          1.3603
15.068          0.93251
15.588          0.72104
16.108          0.68844
16.627          0.79106
17.147          1.1217
17.666          1.4851
18.186          1.2710
18.706          0.86914
19.225          0.70422
19.745          0.69801
20.264          0.84189
20.784          1.2242
21.304          1.4920
21.823          1.1670
22.343          0.81226
22.862          0.69205
23.382          0.71288
23.902          0.90330
24.421          1.3225
24.941          1.4698
25.460          1.0730
25.980          0.77021
26.500          0.68564
27.019          0.73150
27.539          0.96679
28.059          1.3978
28.578          1.4259
29.098          0.99854
29.617          0.74208
30.137          0.68446
30.657          0.75523
31.176          1.0349
31.696          1.4508
32.215          1.3621
32.735          0.93398
33.255          0.72146
33.774          0.68824
34.294          0.78984
34.813          1.1190
35.333          1.4846
35.853          1.2740
36.372          0.87097
36.892          0.70466
37.411          0.69764
37.931          0.84013
38.451          1.2210
38.970          1.4922
39.490          1.1701
40.009          0.81379
40.529          0.69235
41.049          0.71242
41.568          0.90157
42.088          1.3200
42.607          1.4706
43.127          1.0752
43.647          0.77109
44.166          0.68577
44.686          0.73115
45.205          0.96566
45.725          1.3965
46.245          1.4265
46.764          0.99951
47.284          0.74243
47.803          0.68451
48.323          0.75515
48.843          1.0346
49.362          1.4505
49.882          1.3620
50.401          0.93400
50.921          0.72148
51.441          0.68832
51.960          0.79020
52.480          1.1198
52.999          1.4845
