0.0000          0.83467
0.51960         0.69649
1.0392          0.70615
1.5588          0.87707
2.0784          1.2836
2.5980          1.4821
3.1176          1.1097
3.6372          0.78572
4.1568          0.68764
4.6764          0.72342
5.1960          0.94060
5.7156          1.3698
6.2352          1.4460
6.7548          1.0271
7.2744          0.75232
7.7940          0.68439
8.3136          0.74478
8.8332          1.0062
9.3528          1.4317
9.8724          1.3902
10.392          0.95939
10.912          0.72916
11.431          0.68614
11.951          0.77445
12.470          1.0833
12.990          1.4737
13.510          1.3115
14.029          0.89556
14.549          0.71084
15.068          0.69327
15.588          0.81868
16.108          1.1800
16.627          1.4928
17.147          1.2109
17.666          0.83471
18.186          0.69649
18.706          0.70613
19.225          0.87701
19.745          1.2836
20.264          1.4821
20.784          1.1098
21.304          0.78577
21.823          0.68764
22.343          0.72340
22.862          0.94051
23.382          1.3697
23.902          1.4460
24.421          1.0272
24.941          0.75236
25.460          0.68439
25.980          0.74474
26.500          1.0061
27.019          1.4316
27.539          1.3903
28.059          0.95949
28.578          0.72919
29.098          0.68613
29.617          0.77440
30.137          1.0832
30.657          1.4737
31.176          1.3116
31.696          0.89565
32.215          0.71086
32.735          0.69326
33.255          0.81861
33.774          1.1798
34.294          1.4928
34.813          1.2110
35.333          0.83477
35.853          0.69651
36.372          0.70612
36.892          0.87696
37.411          1.2835
37.931          1.4822
38.451          1.1099
38.970          0.78580
39.490          0.68765
40.009          0.72339
40.529          0.94051
41.049          1.3697
41.568          1.4460
42.088          1.0272
42.607          0.75235
43.127          0.68440
43.647          0.74476
44.166          1.0062
44.686          1.4316
45.205          1.3903
45.725          0.95943
46.245          0.72918
46.764          0.68614
47.284          0.77445
47.803          1.0833
48.323          1.4737
48.843          1.3115
49.362          0.89555
49.882          0.71084
50.401          0.69328
50.921          0.81870
51.441          1.1800
51.960          1.4928
52.480          1.2109
52.999          0.83467
