0.0000          0.68534
0.51960         0.76693
1.0392          1.0649
1.5588          1.4662
2.0784          1.3308
2.5980          0.90941
3.1176          0.71454
3.6372          0.69124
4.1568          0.80772
4.6764          1.1576
5.1960          1.4910
5.7156          1.2337
6.2352          0.84718
6.7548          0.69918
7.2744          0.70294
7.7940          0.86371
8.3136          1.2621
8.8332          1.4868
9.3528          1.1302
9.8724          0.79491
10.392          0.68906
10.912          0.71944
11.431          0.92693
11.951          1.3534
12.470          1.4553
12.990          1.0431
13.510          0.75837
14.029          0.68468
14.549          0.73979
15.068          0.99183
15.588          1.4202
16.108          1.4037
16.627          0.97312
17.147          0.73356
17.666          0.68537
18.186          0.76721
18.706          1.0656
19.225          1.4664
19.745          1.3302
20.264          0.90900
20.784          0.71443
21.304          0.69130
21.823          0.80802
22.343          1.1582
22.862          1.4910
23.382          1.2332
23.902          0.84694
24.421          0.69913
24.941          0.70298
25.460          0.86389
25.980          1.2623
26.500          1.4868
27.019          1.1300
27.539          0.79483
28.059          0.68903
28.578          0.71942
29.098          0.92690
29.617          1.3535
30.137          1.4555
30.657          1.0432
31.176          0.75840
31.696          0.68465
32.215          0.73967
32.735          0.99152
33.255          1.4201
33.774          1.4041
34.294          0.97344
34.813          0.73365
35.333          0.68533
35.853          0.76693
36.372          1.0649
36.892          1.4662
37.411          1.3309
37.931          0.90947
38.451          0.71455
38.970          0.69122
39.490          0.80760
40.009          1.1573
40.529          1.4910
41.049          1.2340
41.568          0.84744
42.088          0.69924
42.607          0.70287
43.127          0.86341
43.647          1.2615
44.166          1.4869
44.686          1.1308
45.205          0.79523
45.725          0.68911
46.245          0.71931
46.764          0.92648
47.284          1.3528
47.803          1.4556
48.323          1.0437
48.843          0.75863
49.362          0.68469
49.882          0.73959
50.401          0.99127
50.921          1.4198
51.441          1.4042
51.960          0.97365
52.480          0.73373
52.999          0.68534
