0.0000          0.79439
0.51960         1.1267
1.0392          1.5242
1.5588          1.3360
2.0784          0.90557
2.5980          0.71566
3.1176          0.68156
3.6372          0.74671
4.1568          1.0054
4.6764          1.4520
5.1960          1.4506
5.7156          1.0038
6.2352          0.74614
6.7548          0.68150
7.2744          0.71603
7.7940          0.90691
8.3136          1.3380
8.8332          1.5235
9.3528          1.1247
9.8724          0.79352
10.392          0.68950
10.912          0.69645
11.431          0.82649
11.951          1.1966
12.470          1.5402
12.990          1.2667
13.510          0.86306
14.029          0.70484
14.549          0.68468
15.068          0.76799
15.588          1.0627
16.108          1.4940
16.627          1.3980
17.147          0.95239
17.666          0.72922
18.186          0.68048
18.706          0.72966
19.225          0.95383
19.745          1.3997
20.264          1.4929
20.784          1.0610
21.304          0.76729
21.823          0.68456
22.343          0.70512
22.862          0.86424
23.382          1.2688
23.902          1.5399
24.421          1.1945
24.941          0.82547
25.460          0.69623
25.980          0.68968
26.500          0.79437
27.019          1.1267
27.539          1.5242
28.059          1.3361
28.578          0.90560
29.098          0.71567
29.617          0.68156
30.137          0.74669
30.657          1.0054
31.176          1.4520
31.696          1.4506
32.215          1.0038
32.735          0.74616
33.255          0.68150
33.774          0.71602
34.294          0.90687
34.813          1.3380
35.333          1.5235
35.853          1.1248
36.372          0.79354
36.892          0.68951
37.411          0.69645
37.931          0.82647
38.451          1.1966
38.970          1.5402
39.490          1.2668
40.009          0.86308
40.529          0.70484
41.049          0.68467
41.568          0.76798
42.088          1.0627
42.607          1.4939
43.127          1.3980
43.647          0.95240
44.166          0.72922
44.686          0.68048
45.205          0.72966
45.725          0.95384
46.245          1.3997
46.764          1.4929
47.284          1.0609
47.803          0.76729
48.323          0.68456
48.843          0.70512
49.362          0.86426
49.882          1.2689
50.401          1.5399
50.921          1.1945
51.441          0.82545
51.960          0.69623
52.480          0.68968
52.999          0.79439
