0.0000          1.1375
0.51960         0.79825
1.0392          0.68960
1.5588          0.71805
2.0784          0.92210
2.5980          1.3474
3.1176          1.4585
3.6372          1.0490
4.1568          0.76064
4.6764          0.68481
5.1960          0.73801
5.7156          0.98662
6.2352          1.4159
6.7548          1.4085
7.2744          0.97820
7.7940          0.73521
8.3136          0.68512
8.8332          0.76461
9.3528          1.0591
9.8724          1.4636
10.392          1.3369
10.912          0.91396
11.431          0.71578
11.951          0.69062
12.470          0.80422
12.990          1.1503
13.510          1.4902
14.029          1.2412
14.549          0.85148
15.068          0.70013
15.588          0.70189
16.108          0.85923
16.627          1.2546
17.147          1.4882
17.666          1.1374
18.186          0.79821
18.706          0.68959
19.225          0.71807
19.745          0.92217
20.264          1.3475
20.784          1.4585
21.304          1.0489
21.823          0.76059
22.343          0.68481
22.862          0.73805
23.382          0.98674
23.902          1.4160
24.421          1.4083
24.941          0.97808
25.460          0.73517
25.980          0.68513
26.500          0.76468
27.019          1.0593
27.539          1.4636
28.059          1.3367
28.578          0.91383
29.098          0.71574
29.617          0.69064
30.137          0.80432
30.657          1.1505
31.176          1.4902
31.696          1.2410
32.215          0.85137
32.735          0.70011
33.255          0.70192
33.774          0.85934
34.294          1.2547
34.813          1.4882
35.333          1.1373
35.853          0.79814
36.372          0.68958
36.892          0.71809
37.411          0.92224
37.931          1.3476
38.451          1.4585
38.970          1.0488
39.490          0.76057
40.009          0.68480
40.529          0.73805
41.049          0.98673
41.568          1.4160
42.088          1.4084
42.607          0.97811
43.127          0.73518
43.647          0.68512
44.166          0.76464
44.686          1.0592
45.205          1.4636
45.725          1.3369
46.245          0.91392
46.764          0.71577
47.284          0.69062
47.803          0.80422
48.323          1.1503
48.843          1.4902
49.362          1.2413
49.882          0.85149
50.401          0.70013
50.921          0.70188
51.441          0.85920
51.960          1.2545
52.480          1.4882
52.999          1.1375
