0.0000          1.0219
0.51960         1.4426
1.0392          1.3749
1.5588          0.94515
2.0784          0.72479
2.5980          0.68724
3.1176          0.78291
3.6372          1.1032
4.1568          1.4803
4.6764          1.2904
5.1960          0.88144
5.7156          0.70723
6.2352          0.69569
6.7548          0.83082
7.2744          1.2036
7.7940          1.4930
8.3136          1.1872
8.8332          0.82234
9.3528          0.69399
9.8724          0.70972
10.392          0.89126
10.912          1.3052
11.431          1.4758
11.951          1.0892
12.470          0.77693
12.990          0.68645
13.510          0.72784
14.029          0.95513
14.549          1.3858
15.068          1.4350
15.588          1.0108
16.108          0.74641
16.627          0.68436
17.147          0.75059
17.666          1.0224
18.186          1.4429
18.706          1.3745
19.225          0.94472
19.745          0.72465
20.264          0.68727
20.784          0.78314
21.304          1.1038
21.823          1.4805
22.343          1.2899
22.862          0.88107
23.382          0.70714
23.902          0.69574
24.421          0.83106
24.941          1.2041
25.460          1.4930
25.980          1.1868
26.500          0.82211
27.019          0.69394
27.539          0.70975
28.059          0.89139
28.578          1.3054
29.098          1.4758
29.617          1.0891
30.137          0.77687
30.657          0.68643
31.176          0.72781
31.696          0.95505
32.215          1.3857
32.735          1.4352
33.255          1.0110
33.774          0.74646
34.294          0.68435
34.813          0.75044
35.333          1.0220
35.853          1.4427
36.372          1.3749
36.892          0.94511
37.411          0.72477
37.931          0.68722
38.451          0.78283
38.970          1.1030
39.490          1.4803
40.009          1.2907
40.529          0.88160
41.049          0.70727
41.568          0.69564
42.088          0.83057
42.607          1.2031
43.127          1.4931
43.647          1.1877
44.166          0.82259
44.686          0.69403
45.205          0.70962
45.725          0.89088
46.245          1.3047
46.764          1.4760
47.284          1.0898
47.803          0.77716
48.323          0.68648
48.843          0.72770
49.362          0.95468
49.882          1.3853
50.401          1.4353
50.921          1.0113
51.441          0.74658
51.960          0.68436
52.480          0.75040
52.999          1.0219
