0.0000          0.85366
0.51960         1.2451
1.0392          1.4897
1.5588          1.1467
2.0784          0.80252
2.5980          0.69031
3.1176          0.71636
3.6372          0.91607
4.1568          1.3397
4.6764          1.4624
5.1960          1.0565
5.7156          0.76359
6.2352          0.68502
6.7548          0.73581
7.2744          0.98003
7.7940          1.4102
8.3136          1.4145
8.8332          0.98487
9.3528          0.73742
9.8724          0.68484
10.392          0.76131
10.912          1.0507
11.431          1.4595
11.951          1.3458
12.470          0.92074
12.990          0.71766
13.510          0.68973
14.029          0.79912
14.549          1.1394
15.068          1.4886
15.588          1.2526
16.108          0.85806
16.627          0.70162
17.147          0.70037
17.666          0.85256
18.186          1.2431
18.706          1.4899
19.225          1.1485
19.745          0.80337
20.264          0.69047
20.784          0.71610
21.304          0.91511
21.823          1.3384
22.343          1.4628
22.862          1.0576
23.382          0.76403
23.902          0.68508
24.421          0.73565
24.941          0.97952
25.460          1.4096
25.980          1.4147
26.500          0.98524
27.019          0.73755
27.539          0.68487
28.059          0.76136
28.578          1.0508
29.098          1.4594
29.617          1.3454
30.137          0.92054
30.657          0.71762
31.176          0.68981
31.696          0.79948
32.215          1.1402
32.735          1.4886
33.255          1.2516
33.774          0.85751
34.294          0.70150
34.813          0.70054
35.333          0.85328
35.853          1.2444
36.372          1.4897
36.892          1.1472
37.411          0.80276
37.931          0.69037
38.451          0.71636
38.970          0.91604
39.490          1.3396
40.009          1.4622
40.529          1.0564
41.049          0.76356
41.568          0.68504
42.088          0.73598
42.607          0.98052
43.127          1.4105
43.647          1.4138
44.166          0.98424
44.686          0.73722
45.205          0.68490
45.725          0.76177
46.245          1.0519
46.764          1.4600
47.284          1.3444
47.803          0.91972
48.323          0.71738
48.843          0.68988
49.362          0.79996
49.882          1.1412
50.401          1.4889
50.921          1.2507
51.441          0.85693
51.960          0.70136
52.480          0.70062
52.999          0.85366
