0.0000          0.85955
0.51960         1.2551
1.0392          1.4881
1.5588          1.1370
2.0784          0.79798
2.5980          0.68955
3.1176          0.71813
3.6372          0.92240
4.1568          1.3478
4.6764          1.4584
5.1960          1.0487
5.7156          0.76051
6.2352          0.68479
6.7548          0.73806
7.2744          0.98676
7.7940          1.4161
8.3136          1.4084
8.8332          0.97811
9.3528          0.73518
9.8724          0.68511
10.392          0.76458
10.912          1.0591
11.431          1.4636
11.951          1.3370
12.470          0.91405
12.990          0.71580
13.510          0.69059
14.029          0.80408
14.549          1.1500
15.068          1.4902
15.588          1.2416
16.108          0.85168
16.627          0.70017
17.147          0.70183
17.666          0.85897
18.186          1.2541
18.706          1.4883
19.225          1.1379
19.745          0.79841
20.264          0.68962
20.784          0.71799
21.304          0.92186
21.823          1.3471
22.343          1.4587
22.862          1.0493
23.382          0.76075
23.902          0.68482
24.421          0.73794
24.941          0.98641
25.460          1.4157
25.980          1.4086
26.500          0.97839
27.019          0.73527
27.539          0.68512
28.059          0.76455
28.578          1.0590
29.098          1.4635
29.617          1.3370
30.137          0.91407
30.657          0.71581
31.176          0.69061
31.696          0.80418
32.215          1.1502
32.735          1.4901
33.255          1.2413
33.774          0.85152
34.294          0.70014
34.813          0.70190
35.333          0.85924
35.853          1.2546
36.372          1.4882
36.892          1.1374
37.411          0.79819
37.931          0.68959
38.451          0.71810
38.970          0.92227
39.490          1.3476
40.009          1.4584
40.529          1.0487
41.049          0.76054
41.568          0.68481
42.088          0.73812
42.607          0.98693
43.127          1.4162
43.647          1.4081
44.166          0.97787
44.686          0.73510
45.205          0.68514
45.725          0.76480
46.245          1.0596
46.764          1.4638
47.284          1.3364
47.803          0.91357
48.323          0.71567
48.843          0.69067
49.362          0.80451
49.882          1.1509
50.401          1.4903
50.921          1.2406
51.441          0.85112
51.960          0.70005
52.480          0.70197
52.999          0.85955
