0.0000          1.3811
0.51960         1.4384
1.0392          1.0157
1.5588          0.74815
2.0784          0.68435
2.5980          0.74878
3.1176          1.0174
3.6372          1.4396
4.1568          1.3794
4.6764          0.94915
5.1960          0.72600
5.7156          0.68690
6.2352          0.78043
6.7548          1.0975
7.2744          1.4786
7.7940          1.2965
8.3136          0.88544
8.8332          0.70824
9.3528          0.69497
9.8724          0.82725
10.392          1.1968
10.912          1.4931
11.431          1.1940
11.951          0.82583
12.470          0.69468
12.990          0.70865
13.510          0.88707
14.029          1.2990
14.549          1.4778
15.068          1.0952
15.588          0.77944
16.108          0.68677
16.627          0.72648
17.147          0.95074
17.666          1.3811
18.186          1.4384
18.706          1.0157
19.225          0.74815
19.745          0.68434
20.264          0.74874
20.784          1.0173
21.304          1.4396
21.823          1.3795
22.343          0.94928
22.862          0.72604
23.382          0.68688
23.902          0.78032
24.421          1.0972
24.941          1.4785
25.460          1.2968
25.980          0.88563
26.500          0.70829
27.019          0.69493
27.539          0.82707
28.059          1.1964
28.578          1.4931
29.098          1.1944
29.617          0.82602
30.137          0.69472
30.657          0.70860
31.176          0.88686
31.696          1.2987
32.215          1.4779
32.735          1.0955
33.255          0.77957
33.774          0.68679
34.294          0.72643
34.813          0.95057
35.333          1.3809
35.853          1.4385
36.372          1.0159
36.892          0.74821
37.411          0.68434
37.931          0.74871
38.451          1.0172
38.970          1.4395
39.490          1.3796
40.009          0.94934
40.529          0.72606
41.049          0.68689
41.568          0.78032
42.088          1.0972
42.607          1.4785
43.127          1.2968
43.647          0.88561
44.166          0.70828
44.686          0.69494
45.205          0.82712
45.725          1.1965
46.245          1.4931
46.764          1.1943
47.284          0.82595
47.803          0.69471
48.323          0.70863
48.843          0.88697
49.362          1.2988
49.882          1.4779
50.401          1.0953
50.921          0.77949
51.441          0.68678
51.960          0.72648
52.480          0.95073
52.999          1.3811
