0.0000          0.97792
0.51960         1.4082
1.0392          1.4162
1.5588          0.98693
2.0784          0.73811
2.5980          0.68479
3.1176          0.76046
3.6372          1.0485
4.1568          1.4583
4.6764          1.3479
5.1960          0.92247
5.7156          0.71815
6.2352          0.68954
6.7548          0.79793
7.2744          1.1369
7.7940          1.4882
8.3136          1.2552
8.8332          0.85955
9.3528          0.70196
9.8724          0.70003
10.392          0.85107
10.912          1.2406
11.431          1.4904
11.951          1.1509
12.470          0.80446
12.990          0.69065
13.510          0.71565
14.029          0.91351
14.549          1.3364
15.068          1.4639
15.588          1.0596
16.108          0.76476
16.627          0.68512
17.147          0.73505
17.666          0.97775
18.186          1.4081
18.706          1.4164
19.225          0.98701
19.745          0.73813
20.264          0.68478
20.784          0.76043
21.304          1.0485
21.823          1.4583
22.343          1.3480
22.862          0.92249
23.382          0.71816
23.902          0.68955
24.421          0.79797
24.941          1.1369
25.460          1.4881
25.980          1.2551
26.500          0.85954
27.019          0.70196
27.539          0.70006
28.059          0.85118
28.578          1.2407
29.098          1.4902
29.617          1.1508
30.137          0.80446
30.657          0.69066
31.176          0.71569
31.696          0.91365
32.215          1.3365
32.735          1.4637
33.255          1.0595
33.774          0.76476
34.294          0.68513
34.813          0.73510
35.333          0.97790
35.853          1.4083
36.372          1.4162
36.892          0.98687
37.411          0.73809
37.931          0.68479
38.451          0.76049
38.970          1.0487
39.490          1.4585
40.009          1.3477
40.529          0.92226
41.049          0.71810
41.568          0.68956
42.088          0.79808
42.607          1.1372
43.127          1.4883
43.647          1.2547
44.166          0.85930
44.686          0.70191
45.205          0.70009
45.725          0.85133
46.245          1.2411
46.764          1.4903
47.284          1.1505
47.803          0.80429
48.323          0.69062
48.843          0.71572
49.362          0.91377
49.882          1.3367
50.401          1.4637
50.921          1.0594
51.441          0.76470
51.960          0.68512
52.480          0.73512
52.999          0.97792
