0.0000          0.90663
0.51960         1.3271
1.0392          1.4679
1.5588          1.0686
2.0784          0.76840
2.5980          0.68547
3.1176          0.73273
3.6372          0.97059
4.1568          1.4014
4.6764          1.4225
5.1960          0.99445
5.7156          0.74067
6.2352          0.68459
6.7548          0.75715
7.2744          1.0399
7.7940          1.4536
8.3136          1.3568
8.8332          0.92961
9.3528          0.72020
9.8724          0.68874
10.392          0.79299
10.912          1.1260
11.431          1.4860
11.951          1.2665
12.470          0.86640
12.990          0.70357
13.510          0.69860
14.029          0.84457
14.549          1.2290
15.068          1.4915
15.588          1.1622
16.108          0.80992
16.627          0.69164
17.147          0.71376
17.666          0.90655
18.186          1.3269
18.706          1.4678
19.225          1.0686
19.745          0.76842
20.264          0.68549
20.784          0.73277
21.304          0.97070
21.823          1.4014
22.343          1.4223
22.862          0.99427
23.382          0.74061
23.902          0.68461
24.421          0.75729
24.941          1.0403
25.460          1.4538
25.980          1.3563
26.500          0.92926
27.019          0.72010
27.539          0.68879
28.059          0.79329
28.578          1.1267
29.098          1.4861
29.617          1.2658
30.137          0.86597
30.657          0.70347
31.176          0.69869
31.696          0.84499
32.215          1.2297
32.735          1.4914
33.255          1.1615
33.774          0.80957
34.294          0.69157
34.813          0.71387
35.333          0.90695
35.853          1.3275
36.372          1.4676
36.892          1.0681
37.411          0.76823
37.931          0.68546
38.451          0.73285
38.970          0.97097
39.490          1.4017
40.009          1.4221
40.529          0.99405
41.049          0.74054
41.568          0.68460
42.088          0.75731
42.607          1.0404
43.127          1.4539
43.647          1.3564
44.166          0.92926
44.686          0.72010
45.205          0.68877
45.725          0.79320
46.245          1.1265
46.764          1.4861
47.284          1.2661
47.803          0.86611
48.323          0.70350
48.843          0.69864
49.362          0.84477
49.882          1.2294
50.401          1.4915
50.921          1.1619
51.441          0.80977
51.960          0.69160
52.480          0.71378
52.999          0.90663
