0.0000          1.2917
0.51960         0.88230
1.0392          0.70745
1.5588          0.69553
2.0784          0.83001
2.5980          1.2020
3.1176          1.4930
3.6372          1.1888
4.1568          0.82313
4.6764          0.69414
5.1960          0.70947
5.7156          0.89027
6.2352          1.3038
6.7548          1.4763
7.2744          1.0906
7.7940          0.77752
8.3136          0.68652
8.8332          0.72751
9.3528          0.95408
9.8724          1.3847
10.392          1.4358
10.912          1.0120
11.431          0.74682
11.951          0.68436
12.470          0.75014
12.990          1.0212
13.510          1.4421
14.029          1.3757
14.549          0.94581
15.068          0.72499
15.588          0.68718
16.108          0.78248
16.627          1.1022
17.147          1.4800
17.666          1.2915
18.186          0.88214
18.706          0.70741
19.225          0.69556
19.745          0.83016
20.264          1.2023
20.784          1.4930
21.304          1.1885
21.823          0.82298
22.343          0.69411
22.862          0.70951
23.382          0.89044
23.902          1.3040
24.421          1.4762
24.941          1.0904
25.460          0.77743
25.980          0.68651
26.500          0.72755
27.019          0.95420
27.539          1.3848
28.059          1.4357
28.578          1.0119
29.098          0.74678
29.617          0.68435
30.137          0.75016
30.657          1.0212
31.176          1.4422
31.696          1.3756
32.215          0.94577
32.735          0.72497
33.255          0.68718
33.774          0.78247
34.294          1.1022
34.813          1.4800
35.333          1.2915
35.853          0.88216
36.372          0.70741
36.892          0.69554
37.411          0.83011
37.931          1.2022
38.451          1.4931
38.970          1.1886
39.490          0.82304
40.009          0.69412
40.529          0.70949
41.049          0.89034
41.568          1.3039
42.088          1.4763
42.607          1.0906
43.127          0.77749
43.647          0.68651
44.166          0.72751
44.686          0.95407
45.205          1.3847
45.725          1.4359
46.245          1.0120
46.764          0.74683
47.284          0.68435
47.803          0.75010
48.323          1.0211
48.843          1.4421
49.362          1.3758
49.882          0.94592
50.401          0.72502
50.921          0.68717
51.441          0.78239
51.960          1.1020
52.480          1.4799
52.999          1.2917
