0.0000          1.0504
0.51960         1.4862
1.0392          1.4096
1.5588          0.96255
2.0784          0.73239
2.5980          0.68051
3.1176          0.72661
3.6372          0.94385
4.1568          1.3878
4.6764          1.5002
5.1960          1.0735
5.7156          0.77224
6.2352          0.68543
6.7548          0.70317
7.2744          0.85607
7.7940          1.2541
8.3136          1.5414
8.8332          1.2093
9.3528          0.83274
9.8724          0.69783
10.392          0.68851
10.912          0.78850
11.431          1.1130
11.951          1.5190
12.470          1.3495
12.990          0.91486
13.510          0.71821
14.029          0.68116
14.549          0.74288
15.068          0.99437
15.588          1.4420
16.108          1.4602
16.627          1.0151
17.147          0.75012
17.666          0.68196
18.186          0.71357
18.706          0.89776
19.225          1.3243
19.745          1.5281
20.264          1.1387
20.784          0.79962
21.304          0.69075
21.823          0.69491
22.343          0.81939
22.862          1.1818
23.382          1.5382
23.902          1.2815
24.421          0.87146
24.941          0.70687
25.460          0.68387
25.980          0.76320
26.500          1.0504
27.019          1.4862
27.539          1.4097
28.059          0.96259
28.578          0.73241
29.098          0.68051
29.617          0.72660
30.137          0.94381
30.657          1.3877
31.176          1.5002
31.696          1.0735
32.215          0.77226
32.735          0.68543
33.255          0.70317
33.774          0.85604
34.294          1.2540
34.813          1.5414
35.333          1.2093
35.853          0.83276
36.372          0.69784
36.892          0.68850
37.411          0.78849
37.931          1.1130
38.451          1.5190
38.970          1.3495
39.490          0.91488
40.009          0.71822
40.529          0.68116
41.049          0.74288
41.568          0.99436
42.088          1.4420
42.607          1.4602
43.127          1.0151
43.647          0.75012
44.166          0.68196
44.686          0.71358
45.205          0.89777
45.725          1.3243
46.245          1.5281
46.764          1.1387
47.284          0.79961
47.803          0.69074
48.323          0.69491
48.843          0.81941
49.362          1.1819
49.882          1.5382
50.401          1.2814
50.921          0.87143
51.441          0.70687
51.960          0.68388
52.480          0.76322
52.999          1.0504
