0.0000          1.4927
0.51960         1.1785
1.0392          0.81796
1.5588          0.69314
2.0784          0.71106
2.5980          0.89643
3.1176          1.3128
3.6372          1.4733
4.1568          1.0821
4.6764          0.77395
5.1960          0.68608
5.7156          0.72944
6.2352          0.96028
6.7548          1.3912
7.2744          1.4310
7.7940          1.0053
8.3136          0.74443
8.8332          0.68440
9.3528          0.75269
9.8724          1.0281
10.392          1.4466
10.912          1.3688
11.431          0.93970
11.951          0.72315
12.470          0.68772
12.990          0.78629
13.510          1.1110
14.029          1.4825
14.549          1.2823
15.068          0.87620
15.588          0.70593
16.108          0.69665
16.627          0.83545
17.147          1.2123
17.666          1.4927
18.186          1.1786
18.706          0.81799
19.225          0.69314
19.745          0.71106
20.264          0.89642
20.784          1.3127
21.304          1.4733
21.823          1.0821
22.343          0.77397
22.862          0.68608
23.382          0.72945
23.902          0.96029
24.421          1.3912
24.941          1.4309
25.460          1.0053
25.980          0.74444
26.500          0.68440
27.019          0.75270
27.539          1.0281
28.059          1.4466
28.578          1.3687
29.098          0.93967
29.617          0.72314
30.137          0.68772
30.657          0.78630
31.176          1.1110
31.696          1.4825
32.215          1.2822
32.735          0.87614
33.255          0.70592
33.774          0.69665
34.294          0.83548
34.813          1.2124
35.333          1.4928
35.853          1.1785
36.372          0.81793
36.892          0.69313
37.411          0.71107
37.931          0.89646
38.451          1.3128
38.970          1.4733
39.490          1.0821
40.009          0.77393
40.529          0.68608
41.049          0.72946
41.568          0.96033
42.088          1.3912
42.607          1.4309
43.127          1.0052
43.647          0.74442
44.166          0.68440
44.686          0.75271
45.205          1.0282
45.725          1.4466
46.245          1.3687
46.764          0.93967
47.284          0.72315
47.803          0.68772
48.323          0.78631
48.843          1.1110
49.362          1.4825
49.882          1.2822
50.401          0.87617
50.921          0.70593
51.441          0.69665
51.960          0.83547
52.480          1.2123
52.999          1.4927
