0.0000          1.3543
0.51960         0.92758
1.0392          0.71961
1.5588          0.68896
2.0784          0.79435
2.5980          1.1290
3.1176          1.4866
3.6372          1.2634
4.1568          0.86453
4.6764          0.70313
5.1960          0.69899
5.7156          0.84632
6.2352          1.2321
6.7548          1.4912
7.2744          1.1592
7.7940          0.80850
8.3136          0.69138
8.8332          0.71425
9.3528          0.90836
9.8724          1.3293
10.392          1.4668
10.912          1.0664
11.431          0.76752
11.951          0.68540
12.470          0.73334
12.990          0.97246
13.510          1.4031
14.029          1.4208
14.549          0.99250
15.068          0.74001
15.588          0.68465
16.108          0.75805
16.627          1.0423
17.147          1.4549
17.666          1.3543
18.186          0.92761
18.706          0.71963
19.225          0.68897
19.745          0.79441
20.264          1.1291
20.784          1.4866
21.304          1.2632
21.823          0.86439
22.343          0.70310
22.862          0.69903
23.382          0.84650
23.902          1.2324
24.421          1.4912
24.941          1.1588
25.460          0.80829
25.980          0.69134
26.500          0.71433
27.019          0.90866
27.539          1.3298
28.059          1.4666
28.578          1.0659
29.098          0.76732
29.617          0.68538
30.137          0.73347
30.657          0.97287
31.176          1.4035
31.696          1.4205
32.215          0.99206
32.735          0.73986
33.255          0.68466
33.774          0.75826
34.294          1.0428
34.813          1.4551
35.333          1.3538
35.853          0.92723
36.372          0.71952
36.892          0.68902
37.411          0.79468
37.931          1.1297
38.451          1.4867
38.970          1.2627
39.490          0.86412
40.009          0.70304
40.529          0.69908
41.049          0.84674
41.568          1.2328
42.088          1.4911
42.607          1.1585
43.127          0.80815
43.647          0.69131
44.166          0.71436
44.686          0.90876
45.205          1.3299
45.725          1.4666
46.245          1.0658
46.764          0.76730
47.284          0.68536
47.803          0.73342
48.323          0.97273
48.843          1.4034
49.362          1.4207
49.882          0.99224
50.401          0.73992
50.921          0.68464
51.441          0.75808
51.960          1.0424
52.480          1.4550
52.999          1.3543
