0.0000          0.69991
0.51960         0.84195
1.0392          1.2275
1.5588          1.5421
2.0784          1.2359
2.5980          0.84635
3.1176          0.70091
3.6372          0.68659
4.1568          0.77859
4.6764          1.0892
5.1960          1.5084
5.7156          1.3726
6.2352          0.93188
6.7548          0.72306
7.2744          0.68068
7.7940          0.73648
8.3136          0.97523
8.8332          1.4232
9.3528          1.4761
9.8724          1.0358
10.392          0.75769
10.912          0.68301
11.431          0.70948
11.951          0.88190
12.470          1.2990
12.990          1.5348
13.510          1.1642
14.029          0.81112
14.549          0.69314
15.068          0.69235
15.588          0.80736
16.108          1.1559
16.627          1.5329
17.147          1.3072
17.666          0.88691
18.186          0.71075
18.706          0.68265
19.225          0.75520
19.745          1.0290
20.264          1.4712
20.784          1.4294
21.304          0.98128
21.823          0.73847
22.343          0.68081
22.862          0.72146
23.382          0.92636
23.902          1.3654
24.421          1.5120
24.941          1.0968
25.460          0.78169
25.980          0.68718
26.500          0.69990
27.019          0.84190
27.539          1.2274
28.059          1.5421
28.578          1.2360
29.098          0.84641
29.617          0.70093
30.137          0.68658
30.657          0.77855
31.176          1.0891
31.696          1.5084
32.215          1.3727
32.735          0.93195
33.255          0.72308
33.774          0.68068
34.294          0.73645
34.813          0.97517
35.333          1.4232
35.853          1.4762
36.372          1.0358
36.892          0.75771
37.411          0.68301
37.931          0.70947
38.451          0.88187
38.970          1.2990
39.490          1.5348
40.009          1.1642
40.529          0.81114
41.049          0.69315
41.568          0.69235
42.088          0.80734
42.607          1.1559
43.127          1.5329
43.647          1.3072
44.166          0.88692
44.686          0.71075
45.205          0.68265
45.725          0.75521
46.245          1.0291
46.764          1.4712
47.284          1.4294
47.803          0.98126
48.323          0.73846
48.843          0.68080
49.362          0.72147
49.882          0.92641
50.401          1.3654
50.921          1.5120
51.441          1.0967
51.960          0.78165
52.480          0.68717
52.999          0.69991
