0.0000          1.3086
0.51960         1.4747
1.0392          1.0861
1.5588          0.77561
2.0784          0.68628
2.5980          0.72853
3.1176          0.95736
3.6372          1.3881
4.1568          1.4333
4.6764          1.0084
5.1960          0.74555
5.7156          0.68437
6.2352          0.75147
6.7548          1.0248
7.2744          1.4445
7.7940          1.3721
8.3136          0.94259
8.8332          0.72402
9.3528          0.68746
9.8724          0.78446
10.392          1.1068
10.912          1.4813
11.431          1.2867
11.951          0.87902
12.470          0.70663
12.990          0.69612
13.510          0.83290
14.029          1.2075
14.549          1.4929
15.068          1.1833
15.588          0.82036
16.108          0.69360
16.627          0.71031
17.147          0.89354
17.666          1.3086
18.186          1.4747
18.706          1.0861
19.225          0.77561
19.745          0.68628
20.264          0.72853
20.784          0.95736
21.304          1.3881
21.823          1.4333
22.343          1.0084
22.862          0.74556
23.382          0.68437
23.902          0.75147
24.421          1.0248
24.941          1.4445
25.460          1.3721
25.980          0.94261
26.500          0.72402
27.019          0.68746
27.539          0.78445
28.059          1.1068
28.578          1.4813
29.098          1.2867
29.617          0.87903
30.137          0.70663
30.657          0.69612
31.176          0.83289
31.696          1.2075
32.215          1.4929
32.735          1.1833
33.255          0.82037
33.774          0.69360
34.294          0.71031
34.813          0.89353
35.333          1.3085
35.853          1.4748
36.372          1.0861
36.892          0.77561
37.411          0.68628
37.931          0.72853
38.451          0.95736
38.970          1.3881
39.490          1.4333
40.009          1.0084
40.529          0.74555
41.049          0.68438
41.568          0.75148
42.088          1.0248
42.607          1.4445
43.127          1.3721
43.647          0.94260
44.166          0.72402
44.686          0.68746
45.205          0.78446
45.725          1.1068
46.245          1.4813
46.764          1.2867
47.284          0.87902
47.803          0.70663
48.323          0.69612
48.843          0.83291
49.362          1.2075
49.882          1.4929
50.401          1.1833
50.921          0.82036
51.441          0.69360
51.960          0.71032
52.480          0.89355
52.999          1.3086
