0.0000          1.4860
0.51960         1.1259
1.0392          0.79292
1.5588          0.68873
2.0784          0.72024
2.5980          0.92974
3.1176          1.3569
3.6372          1.4535
4.1568          1.0398
4.6764          0.75708
5.1960          0.68459
5.7156          0.74075
6.2352          0.99466
6.7548          1.4226
7.2744          1.4011
7.7940          0.97036
8.3136          0.73265
8.8332          0.68549
9.3528          0.76855
9.8724          1.0690
10.392          1.4680
10.912          1.3266
11.431          0.90631
11.951          0.71369
12.470          0.69166
12.990          0.81005
13.510          1.1625
14.029          1.4916
14.549          1.2287
15.068          0.84441
15.588          0.69857
16.108          0.70360
16.627          0.86653
17.147          1.2667
17.666          1.4860
18.186          1.1258
18.706          0.79289
19.225          0.68873
19.745          0.72023
20.264          0.92974
20.784          1.3569
21.304          1.4535
21.823          1.0398
22.343          0.75709
22.862          0.68458
23.382          0.74072
23.902          0.99460
24.421          1.4226
24.941          1.4012
25.460          0.97043
25.980          0.73268
26.500          0.68548
27.019          0.76850
27.539          1.0688
28.059          1.4680
28.578          1.3268
29.098          0.90642
29.617          0.71372
30.137          0.69164
30.657          0.80996
31.176          1.1623
31.696          1.4916
32.215          1.2289
32.735          0.84452
33.255          0.69859
33.774          0.70357
34.294          0.86641
34.813          1.2666
35.333          1.4860
35.853          1.1260
36.372          0.79297
36.892          0.68874
37.411          0.72021
37.931          0.92964
38.451          1.3568
38.970          1.4536
39.490          1.0399
40.009          0.75712
40.529          0.68459
41.049          0.74071
41.568          0.99456
42.088          1.4225
42.607          1.4012
43.127          0.97045
43.647          0.73268
44.166          0.68549
44.686          0.76851
45.205          1.0688
45.725          1.4680
46.245          1.3267
46.764          0.90639
47.284          0.71371
47.803          0.69165
48.323          0.81001
48.843          1.1624
49.362          1.4915
49.882          1.2288
50.401          0.84447
50.921          0.69858
51.441          0.70359
51.960          0.86649
52.480          1.2667
52.999          1.4860
