0.0000          1.2530
0.51960         1.4885
1.0392          1.1389
1.5588          0.79889
2.0784          0.68970
2.5980          0.71779
3.1176          0.92117
3.6372          1.3463
4.1568          1.4592
4.6764          1.0501
5.1960          0.76108
5.7156          0.68483
6.2352          0.73767
6.7548          0.98559
7.2744          1.4150
7.7940          1.4094
8.3136          0.97924
8.8332          0.73555
9.3528          0.68507
9.8724          0.76408
10.392          1.0578
10.912          1.4629
11.431          1.3383
11.951          0.91504
12.470          0.71608
12.990          0.69047
13.510          0.80337
14.029          1.1485
14.549          1.4900
15.068          1.2431
15.588          0.85255
16.108          0.70037
16.627          0.70163
17.147          0.85811
17.666          1.2527
18.186          1.4885
18.706          1.1393
19.225          0.79905
19.745          0.68973
20.264          0.71773
20.784          0.92097
21.304          1.3460
21.823          1.4593
22.343          1.0504
22.862          0.76117
23.382          0.68484
23.902          0.73762
24.421          0.98545
24.941          1.4149
25.460          1.4095
25.980          0.97935
26.500          0.73559
27.019          0.68507
27.539          0.76406
28.059          1.0577
28.578          1.4629
29.098          1.3384
29.617          0.91506
30.137          0.71608
30.657          0.69047
31.176          0.80340
31.696          1.1486
32.215          1.4899
32.735          1.2430
33.255          0.85251
33.774          0.70036
34.294          0.70165
34.813          0.85819
35.333          1.2528
35.853          1.4885
36.372          1.1391
36.892          0.79899
37.411          0.68972
37.931          0.71777
38.451          0.92109
38.970          1.3462
39.490          1.4592
40.009          1.0502
40.529          0.76111
41.049          0.68484
41.568          0.73767
42.088          0.98562
42.607          1.4151
43.127          1.4094
43.647          0.97918
44.166          0.73553
44.686          0.68508
45.205          0.76414
45.725          1.0579
46.245          1.4630
46.764          1.3381
47.284          0.91488
47.803          0.71603
48.323          0.69049
48.843          0.80352
49.362          1.1488
49.882          1.4900
50.401          1.2428
50.921          0.85235
51.441          0.70032
51.960          0.70168
52.480          0.85832
52.999          1.2530
