0.0000          1.4136
0.51960         1.4109
1.0392          0.98085
1.5588          0.73608
2.0784          0.68501
2.5980          0.76331
3.1176          1.0558
3.6372          1.4620
4.1568          1.3404
4.6764          0.91658
5.1960          0.71651
5.7156          0.69027
6.2352          0.80223
6.7548          1.1461
7.2744          1.4896
7.7940          1.2456
8.3136          0.85401
8.8332          0.70070
9.3528          0.70129
9.8724          0.85662
10.392          1.2501
10.912          1.4889
11.431          1.1417
11.951          0.80020
12.470          0.68992
12.990          0.71728
13.510          0.91934
14.029          1.3439
14.549          1.4603
15.068          1.0524
15.588          0.76196
16.108          0.68490
16.627          0.73703
17.147          0.98368
17.666          1.4134
18.186          1.4111
18.706          0.98113
19.225          0.73618
19.745          0.68500
20.264          0.76318
20.784          1.0555
21.304          1.4618
21.823          1.3407
22.343          0.91686
22.862          0.71658
23.382          0.69024
23.902          0.80205
24.421          1.1457
24.941          1.4895
25.460          1.2460
25.980          0.85423
26.500          0.70075
27.019          0.70126
27.539          0.85645
28.059          1.2498
28.578          1.4890
29.098          1.1420
29.617          0.80032
30.137          0.68995
30.657          0.71726
31.176          0.91927
31.696          1.3438
32.215          1.4603
32.735          1.0524
33.255          0.76198
33.774          0.68491
34.294          0.73706
34.813          0.98378
35.333          1.4134
35.853          1.4110
36.372          0.98100
36.892          0.73614
37.411          0.68501
37.931          0.76330
38.451          1.0558
38.970          1.4620
39.490          1.3403
40.009          0.91659
40.529          0.71651
41.049          0.69028
41.568          0.80229
42.088          1.1462
42.607          1.4896
43.127          1.2455
43.647          0.85391
44.166          0.70068
44.686          0.70133
45.205          0.85678
45.725          1.2504
46.245          1.4889
46.764          1.1415
47.284          0.80007
47.803          0.68990
48.323          0.71734
48.843          0.91957
49.362          1.3442
49.882          1.4601
50.401          1.0521
50.921          0.76185
51.441          0.68489
51.960          0.73712
52.480          0.98397
52.999          1.4136
