0.0000          0.72013
0.51960         0.92940
1.0392          1.3565
1.5588          1.4538
2.0784          1.0402
2.5980          0.75725
3.1176          0.68459
3.6372          0.74056
4.1568          0.99413
4.6764          1.4222
5.1960          1.4017
5.7156          0.97091
6.2352          0.73283
6.7548          0.68545
7.2744          0.76821
7.7940          1.0681
8.3136          1.4677
8.8332          1.3276
9.3528          0.90698
9.8724          0.71387
10.392          0.69155
10.912          0.80949
11.431          1.1613
11.951          1.4915
12.470          1.2299
12.990          0.84508
13.510          0.69871
14.029          0.70343
14.549          0.86583
15.068          1.2656
15.588          1.4862
16.108          1.1269
16.627          0.79338
17.147          0.68880
17.666          0.72003
18.186          0.92906
18.706          1.3561
19.225          1.4540
19.745          1.0405
20.264          0.75738
20.784          0.68460
21.304          0.74051
21.823          0.99398
22.343          1.4221
22.862          1.4017
23.382          0.97100
23.902          0.73286
24.421          0.68546
24.941          0.76824
25.460          1.0682
25.980          1.4677
26.500          1.3274
27.019          0.90690
27.539          0.71385
28.059          0.69158
28.578          0.80963
29.098          1.1616
29.617          1.4915
30.137          1.2296
30.657          0.84490
31.176          0.69867
31.696          0.70349
32.215          0.86607
32.735          1.2660
33.255          1.4861
33.774          1.1265
34.294          0.79321
34.813          0.68878
35.333          0.72012
35.853          0.92934
36.372          1.3565
36.892          1.4538
37.411          1.0402
37.931          0.75726
38.451          0.68460
38.970          0.74061
39.490          0.99428
40.009          1.4223
40.529          1.4015
41.049          0.97071
41.568          0.73276
42.088          0.68547
42.607          0.76838
43.127          1.0685
43.647          1.4678
44.166          1.3270
44.686          0.90661
45.205          0.71377
45.725          0.69161
46.245          0.80983
46.764          1.1620
47.284          1.4915
47.803          1.2292
48.323          0.84467
48.843          0.69862
49.362          0.70353
49.882          0.86625
50.401          1.2663
50.921          1.4861
51.441          1.1263
51.960          0.79309
52.480          0.68875
52.999          0.72013
