0.0000          1.4920
0.51960         1.1695
1.0392          0.81351
1.5588          0.69231
2.0784          0.71259
2.5980          0.90218
3.1176          1.3208
3.6372          1.4701
4.1568          1.0743
4.6764          0.77073
5.1960          0.68574
5.7156          0.73143
6.2352          0.96653
6.7548          1.3973
7.2744          1.4257
7.7940          0.99857
8.3136          0.74210
8.8332          0.68453
9.3528          0.75555
9.8724          1.0357
10.392          1.4511
10.912          1.3610
11.431          0.93313
11.951          0.72123
12.470          0.68839
12.990          0.79069
13.510          1.1209
14.029          1.4848
14.549          1.2719
15.068          0.86971
15.588          0.70436
16.108          0.69792
16.627          0.84140
17.147          1.2233
17.666          1.4921
18.186          1.1679
18.706          0.81270
19.225          0.69214
19.745          0.71274
20.264          0.90279
20.784          1.3218
21.304          1.4701
21.823          1.0737
22.343          0.77049
22.862          0.68567
23.382          0.73134
23.902          0.96629
24.421          1.3973
24.941          1.4263
25.460          0.99906
25.980          0.74226
26.500          0.68445
27.019          0.75502
27.539          1.0343
28.059          1.4505
28.578          1.3627
29.098          0.93445
29.617          0.72160
30.137          0.68819
30.657          0.78953
31.176          1.1183
31.696          1.4844
32.215          1.2747
32.735          0.87145
33.255          0.70477
33.774          0.69754
34.294          0.83968
34.813          1.2201
35.333          1.4923
35.853          1.1710
36.372          0.81421
36.892          0.69243
37.411          0.71228
37.931          0.90103
38.451          1.3192
38.970          1.4709
39.490          1.0760
40.009          0.77141
40.529          0.68580
41.049          0.73095
41.568          0.96503
42.088          1.3959
42.607          1.4270
43.127          1.0002
43.647          0.74267
44.166          0.68450
44.686          0.75484
45.205          1.0338
45.725          1.4500
46.245          1.3629
46.764          0.93470
47.284          0.72169
47.803          0.68825
48.323          0.78971
48.843          1.1187
49.362          1.4843
49.882          1.2740
50.401          0.87105
50.921          0.70469
51.441          0.69770
51.960          0.84037
52.480          1.2214
52.999          1.4920
