0.0000          1.5310
0.51960         1.3146
1.0392          0.89154
1.5588          0.71194
2.0784          0.68234
2.5980          0.75299
3.1176          1.0230
3.6372          1.4665
4.1568          1.4349
4.6764          0.98686
5.1960          0.74033
5.7156          0.68094
6.2352          0.72005
6.7548          0.92140
7.2744          1.3586
7.7940          1.5151
8.3136          1.1037
8.8332          0.78456
9.3528          0.68773
9.8724          0.69900
10.392          0.83793
10.912          1.2196
11.431          1.5419
11.951          1.2438
12.470          0.85050
12.990          0.70187
13.510          0.68607
14.029          0.77580
14.549          1.0824
15.068          1.5050
15.588          1.3792
16.108          0.93701
16.627          0.72457
17.147          0.68059
17.666          0.73469
18.186          0.96972
18.706          1.4174
19.225          1.4806
19.745          1.0420
20.264          0.76004
20.784          0.68337
21.304          0.70833
21.823          0.87735
22.343          1.2915
22.862          1.5364
23.382          1.1718
23.902          0.81465
24.421          0.69389
24.941          0.69164
25.460          0.80398
25.980          1.1485
26.500          1.5309
27.019          1.3146
27.539          0.89155
28.059          0.71195
28.578          0.68234
29.098          0.75298
29.617          1.0230
30.137          1.4665
30.657          1.4349
31.176          0.98686
31.696          0.74033
32.215          0.68094
32.735          0.72005
33.255          0.92140
33.774          1.3586
34.294          1.5151
34.813          1.1037
35.333          0.78456
35.853          0.68773
36.372          0.69900
36.892          0.83794
37.411          1.2196
37.931          1.5419
38.451          1.2437
38.970          0.85049
39.490          0.70187
40.009          0.68608
40.529          0.77581
41.049          1.0824
41.568          1.5050
42.088          1.3792
42.607          0.93699
43.127          0.72456
43.647          0.68059
44.166          0.73469
44.686          0.96975
45.205          1.4175
45.725          1.4806
46.245          1.0420
46.764          0.76003
47.284          0.68337
47.803          0.70834
48.323          0.87737
48.843          1.2915
49.362          1.5364
49.882          1.1717
50.401          0.81463
50.921          0.69389
51.441          0.69165
51.960          0.80399
52.480          1.1485
52.999          1.5310
