0.0000          0.68889
0.51960         0.71983
1.0392          0.92834
1.5588          1.3552
2.0784          1.4545
2.5980          1.0414
3.1176          0.75772
3.6372          0.68462
4.1568          0.74024
4.6764          0.99317
5.1960          1.4214
5.7156          1.4025
6.2352          0.97181
6.7548          0.73312
7.2744          0.68541
7.7940          0.76778
8.3136          1.0670
8.8332          1.4672
9.3528          1.3287
9.8724          0.90781
10.392          0.71410
10.912          0.69143
11.431          0.80883
11.951          1.1600
12.470          1.4914
12.990          1.2314
13.510          0.84588
14.029          0.69888
14.549          0.70321
15.068          0.86490
15.588          1.2641
16.108          1.4866
16.627          1.1284
17.147          0.79408
17.666          0.68891
18.186          0.71970
18.706          0.92789
19.225          1.3547
19.745          1.4549
20.264          1.0420
20.784          0.75795
21.304          0.68462
21.823          0.73998
22.343          0.99244
22.862          1.4209
23.382          1.4033
23.902          0.97257
24.421          0.73336
24.941          0.68536
25.460          0.76735
25.980          1.0660
26.500          1.4667
27.019          1.3298
27.539          0.90865
28.059          0.71432
28.578          0.69132
29.098          0.80821
29.617          1.1586
30.137          1.4912
30.657          1.2327
31.176          0.84661
31.696          0.69905
32.215          0.70307
32.735          0.86425
33.255          1.2630
33.774          1.4867
34.294          1.1294
34.813          0.79451
35.333          0.68899
35.853          0.71960
36.372          0.92751
36.892          1.3542
37.411          1.4549
37.931          1.0424
38.451          0.75808
38.970          0.68466
39.490          0.74002
40.009          0.99253
40.529          1.4208
41.049          1.4030
41.568          0.97235
42.088          0.73330
42.607          0.68541
43.127          0.76763
43.647          1.0666
44.166          1.4669
44.686          1.3289
45.205          0.90803
45.725          0.71416
46.245          0.69144
46.764          0.80882
47.284          1.1599
47.803          1.4913
48.323          1.2313
48.843          0.84585
49.362          0.69888
49.882          0.70327
50.401          0.86510
50.921          1.2644
51.441          1.4864
51.960          1.1280
52.480          0.79390
52.999          0.68889
