0.0000          0.71282
0.51960         0.68213
1.0392          0.75142
1.5588          1.0187
2.0784          1.4631
2.5980          1.4388
3.1176          0.99092
3.6372          0.74171
4.1568          0.68106
4.6764          0.71904
5.1960          0.91785
5.7156          1.3537
6.2352          1.5173
6.7548          1.1087
7.2744          0.78668
7.7940          0.68815
8.3136          0.69836
8.8332          0.83510
9.3528          1.2140
9.8724          1.5417
10.392          1.2494
10.912          0.85350
11.431          0.70257
11.951          0.68572
12.470          0.77385
12.990          1.0775
13.510          1.5024
14.029          1.3839
14.549          0.94071
15.068          0.72567
15.588          0.68054
16.108          0.73343
16.627          0.96581
17.147          1.4132
17.666          1.4837
18.186          1.0466
18.706          0.76176
19.225          0.68364
19.745          0.70753
20.264          0.87411
20.784          1.2860
21.304          1.5374
21.823          1.1773
22.343          0.81723
22.862          0.69445
23.382          0.69115
23.902          0.80157
24.421          1.1431
24.941          1.5294
25.460          1.3199
25.980          0.89495
26.500          0.71283
27.019          0.68213
27.539          0.75140
28.059          1.0186
28.578          1.4631
29.098          1.4388
29.617          0.99096
30.137          0.74172
30.657          0.68106
31.176          0.71903
31.696          0.91781
32.215          1.3536
32.735          1.5173
33.255          1.1088
33.774          0.78670
34.294          0.68815
34.813          0.69836
35.333          0.83508
35.853          1.2140
36.372          1.5417
36.892          1.2494
37.411          0.85352
37.931          0.70258
38.451          0.68572
38.970          0.77385
39.490          1.0775
40.009          1.5024
40.529          1.3839
41.049          0.94071
41.568          0.72567
42.088          0.68054
42.607          0.73343
43.127          0.96582
43.647          1.4132
44.166          1.4837
44.686          1.0466
45.205          0.76175
45.725          0.68364
46.245          0.70753
46.764          0.87414
47.284          1.2860
47.803          1.5374
48.323          1.1772
48.843          0.81721
49.362          0.69444
49.882          0.69115
50.401          0.80160
50.921          1.1431
51.441          1.5294
51.960          1.3199
52.480          0.89491
52.999          0.71282
