0.0000          0.92998
0.51960         0.72251
1.0392          0.68072
1.5588          0.73716
2.0784          0.97731
2.5980          1.4254
3.1176          1.4745
3.6372          1.0334
4.1568          0.75682
4.6764          0.68288
5.1960          0.70991
5.7156          0.88363
6.2352          1.3019
6.7548          1.5342
7.2744          1.1613
7.7940          0.80980
8.3136          0.69286
8.8332          0.69262
9.3528          0.80866
9.8724          1.1588
10.392          1.5336
10.912          1.3044
11.431          0.88515
11.951          0.71030
12.470          0.68277
12.990          0.75607
13.510          1.0314
14.029          1.4730
14.549          1.4272
15.068          0.97912
15.588          0.73776
16.108          0.68076
16.627          0.72203
17.147          0.92834
17.666          1.3680
18.186          1.5108
18.706          1.0940
19.225          0.78056
19.745          0.68696
20.264          0.70026
20.784          0.84350
21.304          1.2305
21.823          1.5422
22.343          1.2329
22.862          0.84478
23.382          0.70055
23.902          0.68680
24.421          0.77967
24.941          1.0919
25.460          1.5097
25.980          1.3701
26.500          0.92993
27.019          0.72249
27.539          0.68072
28.059          0.73718
28.578          0.97736
29.098          1.4254
29.617          1.4744
30.137          1.0334
30.657          0.75680
31.176          0.68288
31.696          0.70993
32.215          0.88368
32.735          1.3020
33.255          1.5342
33.774          1.1612
34.294          0.80977
34.813          0.69286
35.333          0.69263
35.853          0.80869
36.372          1.1589
36.892          1.5336
37.411          1.3043
37.931          0.88512
38.451          0.71029
38.970          0.68277
39.490          0.75608
40.009          1.0314
40.529          1.4730
41.049          1.4272
41.568          0.97911
42.088          0.73775
42.607          0.68076
43.127          0.72203
43.647          0.92833
44.166          1.3680
44.686          1.5108
45.205          1.0941
45.725          0.78057
46.245          0.68697
46.764          0.70026
47.284          0.84348
47.803          1.2304
48.323          1.5422
48.843          1.2330
49.362          0.84481
49.882          0.70056
50.401          0.68679
50.921          0.77964
51.441          1.0918
51.960          1.5097
52.480          1.3702
52.999          0.92998
