0.0000          0.89265
0.51960         0.71008
1.0392          0.69374
1.5588          0.82110
2.0784          1.1848
2.5980          1.4930
3.1176          1.2060
3.6372          0.83211
4.1568          0.69595
4.6764          0.70685
5.1960          0.87991
5.7156          1.2881
6.2352          1.4810
6.7548          1.1055
7.2744          0.78388
7.7940          0.68737
8.3136          0.72430
8.8332          0.94354
9.3528          1.3731
9.8724          1.4438
10.392          1.0237
10.912          0.75108
11.431          0.68437
11.951          0.74593
12.470          1.0095
12.990          1.4340
13.510          1.3871
14.029          0.95637
14.549          0.72822
15.068          0.68636
15.588          0.77620
16.108          1.0875
16.627          1.4752
17.147          1.3071
17.666          0.89253
18.186          0.71005
18.706          0.69377
19.225          0.82123
19.745          1.1850
20.264          1.4930
20.784          1.2058
21.304          0.83198
21.823          0.69593
22.343          0.70689
22.862          0.88007
23.382          1.2883
23.902          1.4809
24.421          1.1052
24.941          0.78378
25.460          0.68736
25.980          0.72434
26.500          0.94368
27.019          1.3733
27.539          1.4437
28.059          1.0236
28.578          0.75102
29.098          0.68436
29.617          0.74597
30.137          1.0096
30.657          1.4341
31.176          1.3870
31.696          0.95628
32.215          0.72819
32.735          0.68635
33.255          0.77621
33.774          1.0875
34.294          1.4753
34.813          1.3071
35.333          0.89251
35.853          0.71004
36.372          0.69377
36.892          0.82121
37.411          1.1850
37.931          1.4930
38.451          1.2058
38.970          0.83201
39.490          0.69593
40.009          0.70688
40.529          0.88002
41.049          1.2882
41.568          1.4809
42.088          1.1054
42.607          0.78383
43.127          0.68737
43.647          0.72431
44.166          0.94357
44.686          1.3732
45.205          1.4438
45.725          1.0237
46.245          0.75107
46.764          0.68436
47.284          0.74591
47.803          1.0094
48.323          1.4340
48.843          1.3872
49.362          0.95643
49.882          0.72824
50.401          0.68634
50.921          0.77612
51.441          1.0873
51.960          1.4752
52.480          1.3073
52.999          0.89265
