0.0000          1.4313
0.51960         1.3907
1.0392          0.95986
1.5588          0.72931
2.0784          0.68611
2.5980          0.77420
3.1176          1.0827
3.6372          1.4735
4.1568          1.3121
4.6764          0.89600
5.1960          0.71095
5.7156          0.69321
6.2352          0.81833
6.7548          1.1793
7.2744          1.4927
7.7940          1.2116
8.3136          0.83508
8.8332          0.69657
9.3528          0.70604
9.8724          0.87661
10.392          1.2829
10.912          1.4823
11.431          1.1104
11.951          0.78603
12.470          0.68768
12.990          0.72328
13.510          0.94014
14.029          1.3693
14.549          1.4463
15.068          1.0276
15.588          0.75252
16.108          0.68440
16.627          0.74461
17.147          1.0058
17.666          1.4313
18.186          1.3907
18.706          0.95983
19.225          0.72930
19.745          0.68611
20.264          0.77422
20.784          1.0827
21.304          1.4735
21.823          1.3121
22.343          0.89598
22.862          0.71095
23.382          0.69321
23.902          0.81835
24.421          1.1793
24.941          1.4928
25.460          1.2116
25.980          0.83507
26.500          0.69657
27.019          0.70604
27.539          0.87662
28.059          1.2829
28.578          1.4823
29.098          1.1104
29.617          0.78602
30.137          0.68768
30.657          0.72328
31.176          0.94014
31.696          1.3693
32.215          1.4463
32.735          1.0276
33.255          0.75251
33.774          0.68440
34.294          0.74461
34.813          1.0058
35.333          1.4313
35.853          1.3907
36.372          0.95985
36.892          0.72931
37.411          0.68611
37.931          0.77420
38.451          1.0827
38.970          1.4735
39.490          1.3121
40.009          0.89600
40.529          0.71095
41.049          0.69321
41.568          0.81832
42.088          1.1793
42.607          1.4927
43.127          1.2116
43.647          0.83509
44.166          0.69657
44.686          0.70603
45.205          0.87660
45.725          1.2829
46.245          1.4823
46.764          1.1104
47.284          0.78604
47.803          0.68768
48.323          0.72328
48.843          0.94012
49.362          1.3692
49.882          1.4463
50.401          1.0276
50.921          0.75252
51.441          0.68440
51.960          0.74460
52.480          1.0057
52.999          1.4313
