0.0000          0.82115
0.51960         1.1848
1.0392          1.4929
1.5588          1.2059
2.0784          0.83204
2.5980          0.69595
3.1176          0.70691
3.6372          0.88014
4.1568          1.2884
4.6764          1.4808
5.1960          1.1051
5.7156          0.78372
6.2352          0.68736
6.7548          0.72443
7.2744          0.94397
7.7940          1.3736
8.3136          1.4434
8.8332          1.0232
9.3528          0.75088
9.8724          0.68438
10.392          0.74618
10.912          1.0102
11.431          1.4345
11.951          1.3864
12.470          0.95572
12.990          0.72802
13.510          0.68641
14.029          0.77660
14.549          1.0884
15.068          1.4756
15.588          1.3061
16.108          0.89184
16.627          0.70987
17.147          0.69387
17.666          0.82177
18.186          1.1861
18.706          1.4930
19.225          1.2048
19.745          0.83144
20.264          0.69581
20.784          0.70701
21.304          0.88057
21.823          1.2891
22.343          1.4808
22.862          1.1046
23.382          0.78350
23.902          0.68731
24.421          0.72440
24.941          0.94390
25.460          1.3736
25.980          1.4437
26.500          1.0234
27.019          0.75096
27.539          0.68434
28.059          0.74590
28.578          1.0094
29.098          1.4341
29.617          1.3874
30.137          0.95655
30.657          0.72827
31.176          0.68631
31.696          0.77592
32.215          1.0869
32.735          1.4751
33.255          1.3079
33.774          0.89305
34.294          0.71018
34.813          0.69365
35.333          0.82066
35.853          1.1839
36.372          1.4930
36.892          1.2070
37.411          0.83261
37.931          0.69606
38.451          0.70670
38.970          0.87932
39.490          1.2871
40.009          1.4812
40.529          1.1064
41.049          0.78428
41.568          0.68743
42.088          0.72412
42.607          0.94294
43.127          1.3724
43.647          1.4442
44.166          1.0244
44.686          0.75132
45.205          0.68438
45.725          0.74576
46.245          1.0090
46.764          1.4336
47.284          1.3875
47.803          0.95679
48.323          0.72836
48.843          0.68635
49.362          0.77604
49.882          1.0871
50.401          1.4750
50.921          1.3074
51.441          0.89276
51.960          0.71011
52.480          0.69376
52.999          0.82115
