0.0000          0.68058
0.51960         0.73439
1.0392          0.96881
1.5588          1.4165
2.0784          1.4813
2.5980          1.0431
3.1176          0.76044
3.6372          0.68343
4.1568          0.70814
4.6764          0.87659
5.1960          1.2902
5.7156          1.5366
6.2352          1.1731
6.7548          0.81526
7.2744          0.69402
7.7940          0.69153
8.3136          0.80340
8.8332          1.1472
9.3528          1.5306
9.8724          1.3159
10.392          0.89237
10.912          0.71216
11.431          0.68229
11.951          0.75260
12.470          1.0219
12.990          1.4657
13.510          1.4359
14.029          0.98786
14.549          0.74068
15.068          0.68097
15.588          0.71980
16.108          0.92053
16.627          1.3574
17.147          1.5156
17.666          1.1049
18.186          0.78508
18.706          0.68783
19.225          0.69884
19.745          0.83725
20.264          1.2183
20.784          1.5419
21.304          1.2451
21.823          0.85122
22.343          0.70204
22.862          0.68599
23.382          0.77534
23.902          1.0812
24.421          1.5044
24.941          1.3803
25.460          0.93788
25.980          0.72482
26.500          0.68058
27.019          0.73439
27.539          0.96881
28.059          1.4165
28.578          1.4813
29.098          1.0431
29.617          0.76043
30.137          0.68343
30.657          0.70815
31.176          0.87661
31.696          1.2902
32.215          1.5366
32.735          1.1730
33.255          0.81523
33.774          0.69402
34.294          0.69153
34.813          0.80344
35.333          1.1472
35.853          1.5306
36.372          1.3158
36.892          0.89231
37.411          0.71215
37.931          0.68229
38.451          0.75264
38.970          1.0220
39.490          1.4657
40.009          1.4358
40.529          0.98778
41.049          0.74065
41.568          0.68097
42.088          0.71982
42.607          0.92060
43.127          1.3575
43.647          1.5156
44.166          1.1048
44.686          0.78505
45.205          0.68783
45.725          0.69885
46.245          0.83729
46.764          1.2183
47.284          1.5419
47.803          1.2451
48.323          0.85119
48.843          0.70203
49.362          0.68599
49.882          0.77535
50.401          1.0813
50.921          1.5044
51.441          1.3803
51.960          0.93787
52.480          0.72482
52.999          0.68058
