0.0000          0.82448
0.51960         1.1925
1.0392          1.5397
1.5588          1.2709
2.0784          0.86539
2.5980          0.70540
3.1176          0.68444
3.6372          0.76663
4.1568          1.0592
4.6764          1.4918
5.1960          1.4013
5.7156          0.95522
6.2352          0.73009
6.7548          0.68048
7.2744          0.72879
7.7940          0.95102
8.3136          1.3964
8.8332          1.4950
9.3528          1.0644
9.8724          0.76865
10.392          0.68479
10.912          0.70457
11.431          0.86193
11.951          1.2647
12.470          1.5404
12.990          1.1986
13.510          0.82748
14.029          0.69667
14.549          0.68934
15.068          0.79270
15.588          1.1228
16.108          1.5228
16.627          1.3399
17.147          0.90817
17.666          0.71637
18.186          0.68144
18.706          0.74561
19.225          1.0023
19.745          1.4492
20.264          1.4533
20.784          1.0069
21.304          0.74725
21.823          0.68162
22.343          0.71532
22.862          0.90430
23.382          1.3342
23.902          1.5248
24.421          1.1287
24.941          0.79522
25.460          0.68985
25.980          0.69601
26.500          0.82446
27.019          1.1924
27.539          1.5397
28.059          1.2709
28.578          0.86541
29.098          0.70540
29.617          0.68444
30.137          0.76661
30.657          1.0592
31.176          1.4918
31.696          1.4014
32.215          0.95525
32.735          0.73010
33.255          0.68048
33.774          0.72878
34.294          0.95099
34.813          1.3964
35.333          1.4950
35.853          1.0645
36.372          0.76866
36.892          0.68479
37.411          0.70456
37.931          0.86192
38.451          1.2647
38.970          1.5404
39.490          1.1987
40.009          0.82749
40.529          0.69667
41.049          0.68934
41.568          0.79270
42.088          1.1228
42.607          1.5228
43.127          1.3399
43.647          0.90817
44.166          0.71637
44.686          0.68144
45.205          0.74561
45.725          1.0023
46.245          1.4492
46.764          1.4533
47.284          1.0069
47.803          0.74724
48.323          0.68162
48.843          0.71533
49.362          0.90432
49.882          1.3342
50.401          1.5248
50.921          1.1286
51.441          0.79521
51.960          0.68985
52.480          0.69601
52.999          0.82448
