0.0000          0.69915
0.51960         0.84717
1.0392          1.2338
1.5588          1.4913
2.0784          1.1575
2.5980          0.80755
3.1176          0.69118
3.6372          0.71450
4.1568          0.90937
4.6764          1.3309
5.1960          1.4665
5.7156          1.0648
6.2352          0.76681
6.7548          0.68529
7.2744          0.73364
7.7940          0.97347
8.3136          1.4042
8.8332          1.4201
9.3528          0.99138
9.8724          0.73959
10.392          0.68464
10.912          0.75842
11.431          1.0433
11.951          1.4556
12.470          1.3534
12.990          0.92678
13.510          0.71938
14.029          0.68904
14.549          0.79490
15.068          1.1302
15.588          1.4869
16.108          1.2621
16.627          0.86373
17.147          0.70294
17.666          0.69915
18.186          0.84707
18.706          1.2335
19.225          1.4911
19.745          1.1579
20.264          0.80783
20.784          0.69125
21.304          0.71445
21.823          0.90914
22.343          1.3305
22.862          1.4665
23.382          1.0653
23.902          0.76706
24.421          0.68533
24.941          0.73353
25.460          0.97313
25.980          1.4039
26.500          1.4204
27.019          0.99174
27.539          0.73973
28.059          0.68463
28.578          0.75824
29.098          1.0429
29.617          1.4555
30.137          1.3537
30.657          0.92699
31.176          0.71943
31.696          0.68900
32.215          0.79470
32.735          1.1299
33.255          1.4870
33.774          1.2623
34.294          0.86381
34.813          0.70295
35.333          0.69911
35.853          0.84696
36.372          1.2334
36.892          1.4912
37.411          1.1579
37.931          0.80783
38.451          0.69125
38.970          0.71446
39.490          0.90917
40.009          1.3305
40.529          1.4664
41.049          1.0652
41.568          0.76704
42.088          0.68534
42.607          0.73361
43.127          0.97332
43.647          1.4039
44.166          1.4201
44.686          0.99160
45.205          0.73970
45.725          0.68466
46.245          0.75841
46.764          1.0432
47.284          1.4555
47.803          1.3534
48.323          0.92679
48.843          0.71938
49.362          0.68904
49.882          0.79492
50.401          1.1303
50.921          1.4870
51.441          1.2620
51.960          0.86357
52.480          0.70289
52.999          0.69915
