0.0000          0.76663
0.51960         1.0642
1.0392          1.4659
1.5588          1.3316
2.0784          0.90999
2.5980          0.71469
3.1176          0.69116
3.6372          0.80726
4.1568          1.1567
4.6764          1.4909
5.1960          1.2347
5.7156          0.84774
6.2352          0.69929
6.7548          0.70279
7.2744          0.86310
7.7940          1.2610
8.3136          1.4871
8.8332          1.1312
9.3528          0.79534
9.8724          0.68912
10.392          0.71922
10.912          0.92621
11.431          1.3526
11.951          1.4559
12.470          1.0440
12.990          0.75870
13.510          0.68467
14.029          0.73945
14.549          0.99087
15.068          1.4195
15.588          1.4047
16.108          0.97406
16.627          0.73385
17.147          0.68530
17.666          0.76663
18.186          1.0642
18.706          1.4659
19.225          1.3317
19.745          0.91002
20.264          0.71470
20.784          0.69113
21.304          0.80715
21.823          1.1565
22.343          1.4910
22.862          1.2349
23.382          0.84789
23.902          0.69933
24.421          0.70274
24.941          0.86287
25.460          1.2607
25.980          1.4872
26.500          1.1316
27.019          0.79553
27.539          0.68915
28.059          0.71913
28.578          0.92589
29.098          1.3522
29.617          1.4561
30.137          1.0444
30.657          0.75886
31.176          0.68468
31.696          0.73932
32.215          0.99048
32.735          1.4192
33.255          1.4050
33.774          0.97444
34.294          0.73398
34.813          0.68528
35.333          0.76644
35.853          1.0637
36.372          1.4657
36.892          1.3321
37.411          0.91037
37.931          0.71479
38.451          0.69109
38.970          0.80692
39.490          1.1560
40.009          1.4909
40.529          1.2353
41.049          0.84814
41.568          0.69939
42.088          0.70270
42.607          0.86269
43.127          1.2604
43.647          1.4871
44.166          1.1318
44.686          0.79565
45.205          0.68917
45.725          0.71912
46.245          0.92585
46.764          1.3521
47.284          1.4561
47.803          1.0444
48.323          0.75886
48.843          0.68470
49.362          0.73938
49.882          0.99066
50.401          1.4193
50.921          1.4048
51.441          0.97421
51.960          0.73391
52.480          0.68531
52.999          0.76663
