0.0000          0.74533
0.51960         1.0078
1.0392          1.4328
1.5588          1.3888
2.0784          0.95800
2.5980          0.72873
3.1176          0.68622
3.6372          0.77517
4.1568          1.0850
4.6764          1.4744
5.1960          1.3097
5.7156          0.89435
6.2352          0.71052
6.7548          0.69345
7.2744          0.81962
7.7940          1.1818
8.3136          1.4929
8.8332          1.2091
9.3528          0.83371
9.8724          0.69628
10.392          0.70639
10.912          0.87807
11.431          1.2852
11.951          1.4817
12.470          1.1082
12.990          0.78508
13.510          0.68754
14.029          0.72371
14.549          0.94158
15.068          1.3709
15.588          1.4453
16.108          1.0260
16.627          0.75191
17.147          0.68438
17.666          0.74516
18.186          1.0073
18.706          1.4324
19.225          1.3892
19.745          0.95839
20.264          0.72885
20.784          0.68622
21.304          0.77505
21.823          1.0847
22.343          1.4742
22.862          1.3100
23.382          0.89451
23.902          0.71056
24.421          0.69346
24.941          0.81961
25.460          1.1818
25.980          1.4928
26.500          1.2090
27.019          0.83369
27.539          0.69629
28.059          0.70644
28.578          0.87824
29.098          1.2855
29.617          1.4816
30.137          1.1079
30.657          0.78495
31.176          0.68753
31.696          0.72383
32.215          0.94194
32.735          1.3713
33.255          1.4449
33.774          1.0255
34.294          0.75173
34.813          0.68439
35.333          0.74538
35.853          1.0079
36.372          1.4329
36.892          1.3885
37.411          0.95779
37.931          0.72867
38.451          0.68627
38.970          0.77543
39.490          1.0856
40.009          1.4746
40.529          1.3090
41.049          0.89385
41.568          0.71039
42.088          0.69356
42.607          0.82013
43.127          1.1829
43.647          1.4929
44.166          1.2080
44.686          0.83315
45.205          0.69617
45.725          0.70656
46.245          0.87874
46.764          1.2863
47.284          1.4815
47.803          1.1073
48.323          0.78466
48.843          0.68748
49.362          0.72390
49.882          0.94220
50.401          1.3716
50.921          1.4449
51.441          1.0253
51.960          0.75166
52.480          0.68437
52.999          0.74533
