0.0000          1.4636
0.51960         1.3368
1.0392          0.91385
1.5588          0.71575
2.0784          0.69064
2.5980          0.80432
3.1176          1.1505
3.6372          1.4902
4.1568          1.2410
4.6764          0.85136
5.1960          0.70010
5.7156          0.70192
6.2352          0.85935
6.7548          1.2548
7.2744          1.4882
7.7940          1.1373
8.3136          0.79813
8.8332          0.68958
9.3528          0.71810
9.8724          0.92227
10.392          1.3477
10.912          1.4584
11.431          1.0488
11.951          0.76056
12.470          0.68480
12.990          0.73806
13.510          0.98676
14.029          1.4160
14.549          1.4084
15.068          0.97808
15.588          0.73517
16.108          0.68512
16.627          0.76465
17.147          1.0592
17.666          1.4636
18.186          1.3368
18.706          0.91390
19.225          0.71576
19.745          0.69061
20.264          0.80422
20.784          1.1503
21.304          1.4902
21.823          1.2413
22.343          0.85149
22.862          0.70013
23.382          0.70188
23.902          0.85917
24.421          1.2545
24.941          1.4882
25.460          1.1376
25.980          0.79827
26.500          0.68960
27.019          0.71804
27.539          0.92204
28.059          1.3474
28.578          1.4586
29.098          1.0491
29.617          0.76067
30.137          0.68481
30.657          0.73798
31.176          0.98651
31.696          1.4158
32.215          1.4086
32.735          0.97833
33.255          0.73525
33.774          0.68511
34.294          0.76454
34.813          1.0589
35.333          1.4635
35.853          1.3371
36.372          0.91412
36.892          0.71582
37.411          0.69060
37.931          0.80410
38.451          1.1500
38.970          1.4901
39.490          1.2415
40.009          0.85165
40.529          0.70017
41.049          0.70186
41.568          0.85907
42.088          1.2543
42.607          1.4882
43.127          1.1377
43.647          0.79833
44.166          0.68961
44.686          0.71803
45.205          0.92203
45.725          1.3473
46.245          1.4586
46.764          1.0490
47.284          0.76066
47.803          0.68481
48.323          0.73802
48.843          0.98664
49.362          1.4159
49.882          1.4084
50.401          0.97816
50.921          0.73520
51.441          0.68513
51.960          0.76466
52.480          1.0592
52.999          1.4636
