0.0000          0.92443
0.51960         0.72091
1.0392          0.68086
1.5588          0.73919
2.0784          0.98344
2.5980          1.4316
3.1176          1.4694
3.6372          1.0267
4.1568          0.75433
4.6764          0.68252
5.1960          0.71121
5.7156          0.88871
6.2352          1.3101
6.7548          1.5322
7.2744          1.1530
7.7940          0.80603
8.3136          0.69207
8.8332          0.69343
9.3528          0.81249
9.8724          1.1671
10.392          1.5354
10.912          1.2961
11.431          0.88012
11.951          0.70903
12.470          0.68315
12.990          0.75860
13.510          1.0382
14.029          1.4779
14.549          1.4210
15.068          0.97307
15.588          0.73577
16.108          0.68064
16.627          0.72365
17.147          0.93388
17.666          1.3752
18.186          1.5071
18.706          1.0865
19.225          0.77749
19.745          0.68639
20.264          0.70129
20.784          0.84797
21.304          1.2390
21.823          1.5421
22.343          1.2244
22.862          0.84037
23.382          0.69955
23.902          0.68739
24.421          0.78278
24.941          1.0994
25.460          1.5132
25.980          1.3628
26.500          0.92444
27.019          0.72091
27.539          0.68086
28.059          0.73919
28.578          0.98343
29.098          1.4315
29.617          1.4694
30.137          1.0267
30.657          0.75433
31.176          0.68252
31.696          0.71121
32.215          0.88871
32.735          1.3101
33.255          1.5322
33.774          1.1530
34.294          0.80603
34.813          0.69207
35.333          0.69343
35.853          0.81249
36.372          1.1671
36.892          1.5354
37.411          1.2961
37.931          0.88012
38.451          0.70902
38.970          0.68315
39.490          0.75860
40.009          1.0382
40.529          1.4779
41.049          1.4210
41.568          0.97306
42.088          0.73577
42.607          0.68064
43.127          0.72365
43.647          0.93390
44.166          1.3753
44.686          1.5071
45.205          1.0865
45.725          0.77748
46.245          0.68639
46.764          0.70129
47.284          0.84798
47.803          1.2390
48.323          1.5421
48.843          1.2244
49.362          0.84036
49.882          0.69955
50.401          0.68739
50.921          0.78279
51.441          1.0994
51.960          1.5132
52.480          1.3628
52.999          0.92443
