0.0000          1.4928
0.51960         1.2095
1.0392          0.83394
1.5588          0.69634
2.0784          0.70636
2.5980          0.87792
3.1176          1.2850
3.6372          1.4817
4.1568          1.1084
4.6764          0.78516
5.1960          0.68756
5.7156          0.72370
6.2352          0.94153
6.7548          1.3709
7.2744          1.4453
7.7940          1.0260
8.3136          0.75191
8.8332          0.68439
9.3528          0.74517
9.8724          1.0073
10.392          1.4325
10.912          1.3892
11.431          0.95835
11.951          0.72884
12.470          0.68621
12.990          0.77505
13.510          1.0848
14.029          1.4743
14.549          1.3100
15.068          0.89449
15.588          0.71055
16.108          0.69344
16.627          0.81956
17.147          1.1817
17.666          1.4929
18.186          1.2091
18.706          0.83374
19.225          0.69629
19.745          0.70639
20.264          0.87805
20.784          1.2852
21.304          1.4818
21.823          1.1082
22.343          0.78509
22.862          0.68754
23.382          0.72369
23.902          0.94153
24.421          1.3709
24.941          1.4453
25.460          1.0261
25.980          0.75194
26.500          0.68438
27.019          0.74509
27.539          1.0071
28.059          1.4323
28.578          1.3894
29.098          0.95860
29.617          0.72892
30.137          0.68618
30.657          0.77485
31.176          1.0843
31.696          1.4741
32.215          1.3105
32.735          0.89486
33.255          0.71065
33.774          0.69338
34.294          0.81922
34.813          1.1811
35.333          1.4929
35.853          1.2098
36.372          0.83411
36.892          0.69637
37.411          0.70629
37.931          0.87766
38.451          1.2846
38.970          1.4819
39.490          1.1088
40.009          0.78533
40.529          0.68758
41.049          0.72361
41.568          0.94122
42.088          1.3705
42.607          1.4455
43.127          1.0263
43.647          0.75204
44.166          0.68439
44.686          0.74504
45.205          1.0070
45.725          1.4322
46.245          1.3895
46.764          0.95867
47.284          0.72894
47.803          0.68620
48.323          0.77490
48.843          1.0844
49.362          1.4741
49.882          1.3103
50.401          0.89477
50.921          0.71063
51.441          0.69341
51.960          0.81938
52.480          1.1814
52.999          1.4928
