0.0000          1.2244
0.51960         0.84206
1.0392          0.69806
1.5588          0.70423
2.0784          0.86914
2.5980          1.2710
3.1176          1.4850
3.6372          1.1217
4.1568          0.79104
4.6764          0.68845
5.1960          0.72109
5.7156          0.93266
6.2352          1.3604
6.7548          1.4514
7.2744          1.0362
7.7940          0.75576
8.3136          0.68454
8.8332          0.74192
9.3528          0.99802
9.8724          1.4252
10.392          1.3979
10.912          0.96714
11.431          0.73163
11.951          0.68570
12.470          0.77036
12.990          1.0733
13.510          1.4697
14.029          1.3221
14.549          0.90308
15.068          0.71284
15.588          0.69216
16.108          0.81267
16.627          1.1677
17.147          1.4919
17.666          1.2234
18.186          0.84151
18.706          0.69794
19.225          0.70435
19.745          0.86961
20.264          1.2717
20.784          1.4849
21.304          1.1211
21.823          0.79080
22.343          0.68840
22.862          0.72110
23.382          0.93272
23.902          1.3606
24.421          1.4516
24.941          1.0363
25.460          0.75578
25.980          0.68451
26.500          0.74172
27.019          0.99751
27.539          1.4250
28.059          1.3986
28.578          0.96769
29.098          0.73179
29.617          0.68561
30.137          0.76985
30.657          1.0721
31.176          1.4694
31.696          1.3233
32.215          0.90393
32.735          0.71305
33.255          0.69199
33.774          0.81185
34.294          1.1662
34.813          1.4919
35.333          1.2250
35.853          0.84235
36.372          0.69812
36.892          0.70412
37.411          0.86869
37.931          1.2702
38.451          1.4852
38.970          1.1225
39.490          0.79140
40.009          0.68850
40.529          0.72089
41.049          0.93197
41.568          1.3596
42.088          1.4520
42.607          1.0371
43.127          0.75609
43.647          0.68455
44.166          0.74159
44.686          0.99709
45.205          1.4245
45.725          1.3988
46.245          0.96801
46.764          0.73190
47.284          0.68563
47.803          0.76984
48.323          1.0721
48.843          1.4693
49.362          1.3232
49.882          0.90387
50.401          0.71304
50.921          0.69203
51.441          0.81206
51.960          1.1666
52.480          1.4919
52.999          1.2244
