0.0000          0.93106
0.51960         0.72282
1.0392          0.68070
1.5588          0.73677
2.0784          0.97614
2.5980          1.4242
3.1176          1.4754
3.6372          1.0347
4.1568          0.75731
4.6764          0.68295
5.1960          0.70967
5.7156          0.88267
6.2352          1.3003
6.7548          1.5345
7.2744          1.1629
7.7940          0.81053
8.3136          0.69302
8.8332          0.69247
9.3528          0.80794
9.8724          1.1572
10.392          1.5332
10.912          1.3059
11.431          0.88612
11.951          0.71055
12.470          0.68270
12.990          0.75559
13.510          1.0301
14.029          1.4720
14.549          1.4284
15.068          0.98031
15.588          0.73815
16.108          0.68078
16.627          0.72172
17.147          0.92725
17.666          1.3665
18.186          1.5115
18.706          1.0955
19.225          0.78118
19.745          0.68708
20.264          0.70006
20.784          0.84262
21.304          1.2288
21.823          1.5421
22.343          1.2346
22.862          0.84568
23.382          0.70076
23.902          0.68668
24.421          0.77904
24.941          1.0903
25.460          1.5090
25.980          1.3716
26.500          0.93105
27.019          0.72282
27.539          0.68070
28.059          0.73677
28.578          0.97613
29.098          1.4242
29.617          1.4754
30.137          1.0348
30.657          0.75731
31.176          0.68295
31.696          0.70966
32.215          0.88265
32.735          1.3003
33.255          1.5345
33.774          1.1629
34.294          0.81055
34.813          0.69302
35.333          0.69247
35.853          0.80792
36.372          1.1572
36.892          1.5332
37.411          1.3060
37.931          0.88615
38.451          0.71055
38.970          0.68270
39.490          0.75558
40.009          1.0301
40.529          1.4720
41.049          1.4285
41.568          0.98035
42.088          0.73816
42.607          0.68078
43.127          0.72171
43.647          0.92722
44.166          1.3665
44.686          1.5115
45.205          1.0956
45.725          0.78119
46.245          0.68709
46.764          0.70005
47.284          0.84260
47.803          1.2287
48.323          1.5421
48.843          1.2347
49.362          0.84569
49.882          0.70076
50.401          0.68668
50.921          0.77904
51.441          1.0903
51.960          1.5090
52.480          1.3716
52.999          0.93106
