0.0000          1.3137
0.51960         1.4730
1.0392          1.0812
1.5588          0.77356
2.0784          0.68603
2.5980          0.72966
3.1176          0.96097
3.6372          1.3919
4.1568          1.4304
4.6764          1.0045
5.1960          0.74416
5.7156          0.68441
6.2352          0.75301
6.7548          1.0290
7.2744          1.4471
7.7940          1.3679
8.3136          0.93893
8.8332          0.72292
9.3528          0.68780
9.8724          0.78682
10.392          1.1122
10.912          1.4828
11.431          1.2810
11.951          0.87539
12.470          0.70574
12.990          0.69681
13.510          0.83623
14.029          1.2137
14.549          1.4926
15.068          1.1771
15.588          0.81727
16.108          0.69301
16.627          0.71130
17.147          0.89734
17.666          1.3140
18.186          1.4728
18.706          1.0809
19.225          0.77344
19.745          0.68602
20.264          0.72975
20.784          0.96127
21.304          1.3922
21.823          1.4301
22.343          1.0042
22.862          0.74406
23.382          0.68441
23.902          0.75312
24.421          1.0293
24.941          1.4474
25.460          1.3676
25.980          0.93864
26.500          0.72283
27.019          0.68781
27.539          0.78695
28.059          1.1125
28.578          1.4830
29.098          1.2806
29.617          0.87511
30.137          0.70566
30.657          0.69684
31.176          0.83638
31.696          1.2141
32.215          1.4927
32.735          1.1768
33.255          0.81708
33.774          0.69296
34.294          0.71132
34.813          0.89744
35.333          1.3142
35.853          1.4728
36.372          1.0808
36.892          0.77338
37.411          0.68601
37.931          0.72974
38.451          0.96122
38.970          1.3921
39.490          1.4302
40.009          1.0043
40.529          0.74410
41.049          0.68440
41.568          0.75304
42.088          1.0290
42.607          1.4472
43.127          1.3679
43.647          0.93893
44.166          0.72292
44.686          0.68778
45.205          0.78673
45.725          1.1120
46.245          1.4828
46.764          1.2812
47.284          0.87550
47.803          0.70576
48.323          0.69676
48.843          0.83602
49.362          1.2134
49.882          1.4927
50.401          1.1775
50.921          0.81741
51.441          0.69302
51.960          0.71122
52.480          0.89706
52.999          1.3137
