0.0000          0.89008
0.51960         0.70942
1.0392          0.69417
1.5588          0.82328
2.0784          1.1891
2.5980          1.4931
3.1176          1.2017
3.6372          0.82985
4.1568          0.69549
4.6764          0.70749
5.1960          0.88247
5.7156          1.2920
6.2352          1.4799
6.7548          1.1018
7.2744          0.78228
7.7940          0.68715
8.3136          0.72507
8.8332          0.94609
9.3528          1.3760
9.8724          1.4419
10.392          1.0209
10.912          0.75003
11.431          0.68435
11.951          0.74690
12.470          1.0122
12.990          1.4360
13.510          1.3845
14.029          0.95389
14.549          0.72745
15.068          0.68653
15.588          0.77760
16.108          1.0908
16.627          1.4764
17.147          1.3036
17.666          0.89015
18.186          0.70944
18.706          0.69416
19.225          0.82321
19.745          1.1889
20.264          1.4931
20.784          1.2019
21.304          0.82993
21.823          0.69551
22.343          0.70746
22.862          0.88237
23.382          1.2919
23.902          1.4799
24.421          1.1019
24.941          0.78234
25.460          0.68716
25.980          0.72504
26.500          0.94600
27.019          1.3759
27.539          1.4420
28.059          1.0210
28.578          0.75006
29.098          0.68435
29.617          0.74688
30.137          1.0122
30.657          1.4359
31.176          1.3845
31.696          0.95394
32.215          0.72747
32.735          0.68653
33.255          0.77758
33.774          1.0908
34.294          1.4764
34.813          1.3036
35.333          0.89017
35.853          0.70944
36.372          0.69416
36.892          0.82321
37.411          1.1889
37.931          1.4931
38.451          1.2019
38.970          0.82993
39.490          0.69551
40.009          0.70747
40.529          0.88239
41.049          1.2919
41.568          1.4799
42.088          1.1019
42.607          0.78232
43.127          0.68716
43.647          0.72506
44.166          0.94605
44.686          1.3760
45.205          1.4419
45.725          1.0209
46.245          0.75004
46.764          0.68435
47.284          0.74691
47.803          1.0122
48.323          1.4360
48.843          1.3844
49.362          0.95386
49.882          0.72744
50.401          0.68654
50.921          0.77764
51.441          1.0909
51.960          1.4764
52.480          1.3035
52.999          0.89008
