0.0000          0.68432
0.51960         0.74505
1.0392          1.0071
1.5588          1.4324
2.0784          1.3895
2.5980          0.95856
3.1176          0.72888
3.6372          0.68618
4.1568          0.77490
4.6764          1.0844
5.1960          1.4741
5.7156          1.3103
6.2352          0.89477
6.7548          0.71063
7.2744          0.69340
7.7940          0.81935
8.3136          1.1813
8.8332          1.4929
9.3528          1.2095
9.8724          0.83395
10.392          0.69633
10.912          0.70631
11.431          0.87778
11.951          1.2849
12.470          1.4820
12.990          1.1085
13.510          0.78519
14.029          0.68753
14.549          0.72355
15.068          0.94118
15.588          1.3709
16.108          1.4457
16.627          1.0262
17.147          0.75196
17.666          0.68432
18.186          0.74483
18.706          1.0067
19.225          1.4326
19.745          1.3899
20.264          0.95866
20.784          0.72890
21.304          0.68610
21.823          0.77457
22.343          1.0840
22.862          1.4746
23.382          1.3106
23.902          0.89478
24.421          0.71060
24.941          0.69332
25.460          0.81911
25.980          1.1811
26.500          1.4931
27.019          1.2097
27.539          0.83399
28.059          0.69633
28.578          0.70629
29.098          0.87772
29.617          1.2847
30.137          1.4819
30.657          1.1087
31.176          0.78527
31.696          0.68757
32.215          0.72362
32.735          0.94127
33.255          1.3706
33.774          1.4455
34.294          1.0263
34.813          0.75204
35.333          0.68438
35.853          0.74502
36.372          1.0069
36.892          1.4322
37.411          1.3896
37.931          0.95869
38.451          0.72893
38.970          0.68616
39.490          0.77478
40.009          1.0842
40.529          1.4744
41.049          1.3106
41.568          0.89467
42.088          0.71055
42.607          0.69332
43.127          0.81914
43.647          1.1811
44.166          1.4935
44.686          1.2097
45.205          0.83362
45.725          0.69618
46.245          0.70622
46.764          0.87762
47.284          1.2849
47.803          1.4827
48.323          1.1084
48.843          0.78480
49.362          0.68742
49.882          0.72358
50.401          0.94130
50.921          1.3710
51.441          1.4459
51.960          1.0259
52.480          0.75177
52.999          0.68432
