0.0000          0.68351
0.51960         0.70792
1.0392          0.87569
1.5588          1.2887
2.0784          1.5369
2.5980          1.1746
3.1176          0.81596
3.6372          0.69417
4.1568          0.69139
4.6764          0.80275
5.1960          1.1457
5.7156          1.5302
6.2352          1.3173
6.7548          0.89326
7.2744          0.71239
7.7940          0.68223
8.3136          0.75219
8.8332          1.0208
9.3528          1.4648
9.8724          1.4369
10.392          0.98890
10.912          0.74102
11.431          0.68100
11.951          0.71954
12.470          0.91963
12.990          1.3562
13.510          1.5162
14.029          1.1062
14.549          0.78560
15.068          0.68793
15.588          0.69868
16.108          0.83655
16.627          1.2169
17.147          1.5418
17.666          1.2465
18.186          0.85195
18.706          0.70221
19.225          0.68590
19.745          0.77486
20.264          1.0801
20.784          1.5037
21.304          1.3815
21.823          0.93878
22.343          0.72509
22.862          0.68057
23.382          0.73409
23.902          0.96786
24.421          1.4154
24.941          1.4821
25.460          1.0442
25.980          0.76085
26.500          0.68350
27.019          0.70795
27.539          0.87581
28.059          1.2889
28.578          1.5369
29.098          1.1744
29.617          0.81587
30.137          0.69415
30.657          0.69141
31.176          0.80283
31.696          1.1459
32.215          1.5302
32.735          1.3172
33.255          0.89317
33.774          0.71237
34.294          0.68223
34.813          0.75221
35.333          1.0209
35.853          1.4649
36.372          1.4368
36.892          0.98886
37.411          0.74101
37.931          0.68100
38.451          0.71955
38.970          0.91962
39.490          1.3562
40.009          1.5162
40.529          1.1062
41.049          0.78562
41.568          0.68794
42.088          0.69868
42.607          0.83650
43.127          1.2168
43.647          1.5418
44.166          1.2466
44.686          0.85202
45.205          0.70223
45.725          0.68589
46.245          0.77480
46.764          1.0799
47.284          1.5037
47.803          1.3816
48.323          0.93890
48.843          0.72513
49.362          0.68057
49.882          0.73404
50.401          0.96771
50.921          1.4153
51.441          1.4822
51.960          1.0444
52.480          0.76092
52.999          0.68351
