0.0000          1.4204
0.51960         1.0749
1.0392          0.78042
1.5588          0.70310
2.0784          0.78706
2.5980          1.0903
3.1176          1.4250
3.6372          1.2331
4.1568          0.86205
4.6764          0.71201
5.1960          0.73439
5.7156          0.94964
6.2352          1.3423
6.7548          1.3658
7.2744          0.97653
7.7940          0.74304
8.3136          0.70853
8.8332          0.84228
9.3528          1.2000
9.8724          1.4315
10.392          1.1233
10.912          0.80219
11.431          0.70382
11.951          0.76772
12.470          1.0435
12.990          1.4073
13.510          1.2793
14.029          0.89418
14.549          0.71906
15.068          0.72377
15.588          0.91252
16.108          1.3020
16.627          1.3955
17.147          1.0201
17.666          0.75848
18.186          0.70466
18.706          0.81423
19.225          1.1480
19.745          1.4345
20.264          1.1763
20.784          0.82879
21.304          0.70626
21.823          0.74927
22.343          0.99515
22.862          1.3804
23.382          1.3264
23.902          0.93324
24.421          0.72927
24.941          0.71422
25.460          0.87405
25.980          1.2519
26.500          1.4204
27.019          1.0724
27.539          0.77913
28.059          0.70274
28.578          0.78720
29.098          1.0911
29.617          1.4261
30.137          1.2334
30.657          0.86186
31.176          0.71170
31.696          0.73366
32.215          0.94801
32.735          1.3415
33.255          1.3684
33.774          0.97876
34.294          0.74356
34.813          0.70774
35.333          0.83934
35.853          1.1957
36.372          1.4333
36.892          1.1287
37.411          0.80453
37.931          0.70365
38.451          0.76485
38.970          1.0371
39.490          1.4054
40.009          1.2862
40.529          0.89899
41.049          0.72009
41.568          0.72201
42.088          0.90656
42.607          1.2957
43.127          1.3999
43.647          1.0271
44.166          0.76109
44.686          0.70427
45.205          0.81037
45.725          1.1405
46.245          1.4339
46.764          1.1833
47.284          0.83267
47.803          0.70696
48.323          0.74764
48.843          0.99020
49.362          1.3764
49.882          1.3301
50.401          0.93718
50.921          0.73060
51.441          0.71399
51.960          0.87201
52.480          1.2484
52.999          1.4204
