0.0000          1.2552
0.51960         0.85668
1.0392          0.70332
1.5588          0.68536
2.0784          0.77186
2.5980          1.0726
3.1176          1.4997
3.6372          1.3887
4.1568          0.94456
4.6764          0.72682
5.1960          0.68051
5.7156          0.73217
6.2352          0.96184
6.7548          1.4088
7.2744          1.4868
7.7940          1.0512
8.3136          0.76354
8.8332          0.68393
9.3528          0.70673
9.8724          0.87088
10.392          1.2805
10.912          1.5383
11.431          1.1828
11.951          0.81986
12.470          0.69501
12.990          0.69066
13.510          0.79922
14.029          1.1378
14.549          1.5278
15.068          1.3251
15.588          0.89833
16.108          0.71373
16.627          0.68193
17.147          0.74987
17.666          1.0144
18.186          1.4596
18.706          1.4427
19.225          0.99504
19.745          0.74311
20.264          0.68119
20.784          0.71805
21.304          0.91428
21.823          1.3487
22.343          1.5194
22.862          1.1139
23.382          0.78886
23.902          0.68858
24.421          0.69773
24.941          0.83227
25.460          1.2084
25.980          1.5413
26.500          1.2550
27.019          0.85658
27.539          0.70330
28.059          0.68537
28.578          0.77191
29.098          1.0727
29.617          1.4997
30.137          1.3886
30.657          0.94451
31.176          0.72681
31.696          0.68051
32.215          0.73217
32.735          0.96183
33.255          1.4088
33.774          1.4868
34.294          1.0513
34.813          0.76356
35.333          0.68393
35.853          0.70671
36.372          0.87080
36.892          1.2803
37.411          1.5384
37.931          1.1830
38.451          0.81994
38.970          0.69503
39.490          0.69065
40.009          0.79913
40.529          1.1376
41.049          1.5278
41.568          1.3254
42.088          0.89849
42.607          0.71377
43.127          0.68192
43.647          0.74979
44.166          1.0141
44.686          1.4594
45.205          1.4429
45.725          0.99525
46.245          0.74318
46.764          0.68119
47.284          0.71800
47.803          0.91411
48.323          1.3484
48.843          1.5195
49.362          1.1141
49.882          0.78896
50.401          0.68859
50.921          0.69771
51.441          0.83216
51.960          1.2081
52.480          1.5413
52.999          1.2552
