0.0000          0.78251
0.51960         0.68734
1.0392          0.69963
1.5588          0.84074
2.0784          1.2251
2.5980          1.5421
3.1176          1.2383
3.6372          0.84760
4.1568          0.70120
4.6764          0.68643
5.1960          0.77774
5.7156          1.0871
6.2352          1.5074
6.7548          1.3747
7.2744          0.93343
7.7940          0.72351
8.3136          0.68065
8.8332          0.73593
9.3528          0.97356
9.8724          1.4215
10.392          1.4775
10.912          1.0377
11.431          0.75839
11.951          0.68311
12.470          0.70913
12.990          0.88054
13.510          1.2968
14.029          1.5353
14.549          1.1664
15.068          0.81215
15.588          0.69336
16.108          0.69214
16.627          0.80636
17.147          1.1538
17.666          1.5323
18.186          1.3093
18.706          0.88824
19.225          0.71109
19.745          0.68255
20.264          0.75457
20.784          1.0273
21.304          1.4699
21.823          1.4309
22.343          0.98283
22.862          0.73898
23.382          0.68084
23.902          0.72107
24.421          0.92501
24.941          1.3635
25.460          1.5129
25.980          1.0986
26.500          0.78245
27.019          0.68732
27.539          0.69966
28.059          0.84085
28.578          1.2253
29.098          1.5421
29.617          1.2380
30.137          0.84747
30.657          0.70117
31.176          0.68645
31.696          0.77783
32.215          1.0874
32.735          1.5075
33.255          1.3744
33.774          0.93325
34.294          0.72346
34.813          0.68066
35.333          0.73599
35.853          0.97375
36.372          1.4217
36.892          1.4773
37.411          1.0374
37.931          0.75831
38.451          0.68310
38.970          0.70917
39.490          0.88067
40.009          1.2970
40.529          1.5353
41.049          1.1662
41.568          0.81207
42.088          0.69334
42.607          0.69216
43.127          0.80642
43.647          1.1539
44.166          1.5324
44.686          1.3092
45.205          0.88818
45.725          0.71108
46.245          0.68256
46.764          0.75458
47.284          1.0273
47.803          1.4699
48.323          1.4310
48.843          0.98285
49.362          0.73899
49.882          0.68084
50.401          0.72106
50.921          0.92494
51.441          1.3634
51.960          1.5129
52.480          1.0987
52.999          0.78251
