0.0000          0.80750
0.51960         1.1572
1.0392          1.4910
1.5588          1.2342
2.0784          0.84748
2.5980          0.69924
3.1176          0.70284
3.6372          0.86331
4.1568          1.2614
4.6764          1.4870
5.1960          1.1309
5.7156          0.79521
6.2352          0.68909
6.7548          0.71926
7.2744          0.92634
7.7940          1.3528
8.3136          1.4558
8.8332          1.0439
9.3528          0.75865
9.8724          0.68467
10.392          0.73948
10.912          0.99095
11.431          1.4196
11.951          1.4046
12.470          0.97399
12.990          0.73383
13.510          0.68530
14.029          0.76666
14.549          1.0642
15.068          1.4660
15.588          1.3316
16.108          0.90996
16.627          0.71468
17.147          0.69114
17.666          0.80720
18.186          1.1565
18.706          1.4910
19.225          1.2348
19.745          0.84783
20.264          0.69932
20.784          0.70276
21.304          0.86294
21.823          1.2608
22.343          1.4871
22.862          1.1315
23.382          0.79547
23.902          0.68914
24.421          0.71917
24.941          0.92603
25.460          1.3524
25.980          1.4560
26.500          1.0442
27.019          0.75878
27.539          0.68469
28.059          0.73943
28.578          0.99080
29.098          1.4194
29.617          1.4046
30.137          0.97408
30.657          0.73386
31.176          0.68531
31.696          0.76668
32.215          1.0643
32.735          1.4659
33.255          1.3314
33.774          0.90988
34.294          0.71466
34.813          0.69117
35.333          0.80734
35.853          1.1568
36.372          1.4910
36.892          1.2345
37.411          0.84764
37.931          0.69928
38.451          0.70282
38.970          0.86321
39.490          1.2612
40.009          1.4870
40.529          1.1310
41.049          0.79527
41.568          0.68911
42.088          0.71927
42.607          0.92636
43.127          1.3528
43.647          1.4558
44.166          1.0438
44.686          0.75863
45.205          0.68468
45.725          0.73955
46.245          0.99115
46.764          1.4197
47.284          1.4043
47.803          0.97375
48.323          0.73376
48.843          0.68532
49.362          0.76683
49.882          1.0647
50.401          1.4661
50.921          1.3311
51.441          0.90962
51.960          0.71459
52.480          0.69120
52.999          0.80750
