0.0000          1.4863
0.51960         1.4095
1.0392          0.96240
1.5588          0.73234
2.0784          0.68051
2.5980          0.72665
3.1176          0.94400
3.6372          1.3880
4.1568          1.5001
4.6764          1.0733
5.1960          0.77215
5.7156          0.68541
6.2352          0.70321
6.7548          0.85621
7.2744          1.2543
7.7940          1.5413
8.3136          1.2090
8.8332          0.83260
9.3528          0.69780
9.8724          0.68853
10.392          0.78862
10.912          1.1133
11.431          1.5191
11.951          1.3492
12.470          0.91466
12.990          0.71815
13.510          0.68117
14.029          0.74297
14.549          0.99463
15.068          1.4423
15.588          1.4599
16.108          1.0148
16.627          0.75002
17.147          0.68195
17.666          0.71364
18.186          0.89800
18.706          1.3246
19.225          1.5280
19.745          1.1383
20.264          0.79945
20.784          0.69071
21.304          0.69495
21.823          0.81960
22.343          1.1823
22.862          1.5382
23.382          1.2810
23.902          0.87120
24.421          0.70681
24.941          0.68390
25.460          0.76335
25.980          1.0507
26.500          1.4864
27.019          1.4093
27.539          0.96228
28.059          0.73231
28.578          0.68051
29.098          0.72669
29.617          0.94410
30.137          1.3881
30.657          1.5000
31.176          1.0732
31.696          0.77211
32.215          0.68540
32.735          0.70322
33.255          0.85626
33.774          1.2544
34.294          1.5413
34.813          1.2089
35.333          0.83256
35.853          0.69780
36.372          0.68853
36.892          0.78863
37.411          1.1133
37.931          1.5192
38.451          1.3492
38.970          0.91465
39.490          0.71815
40.009          0.68117
40.529          0.74296
41.049          0.99460
41.568          1.4423
42.088          1.4600
42.607          1.0148
43.127          0.75004
43.647          0.68195
44.166          0.71362
44.686          0.89793
45.205          1.3245
45.725          1.5280
46.245          1.1384
46.764          0.79951
47.284          0.69072
47.803          0.69494
48.323          0.81952
48.843          1.1821
49.362          1.5382
49.882          1.2812
50.401          0.87130
50.921          0.70684
51.441          0.68389
51.960          0.76329
52.480          1.0506
52.999          1.4863
