0.0000          0.91969
0.51960         0.71956
1.0392          0.68100
1.5588          0.74099
2.0784          0.98880
2.5980          1.4368
3.1176          1.4649
3.6372          1.0209
4.1568          0.75224
4.6764          0.68224
5.1960          0.71236
5.7156          0.89314
6.2352          1.3171
6.7548          1.5302
7.2744          1.1459
7.7940          0.80285
8.3136          0.69141
8.8332          0.69415
9.3528          0.81584
9.8724          1.1743
10.392          1.5369
10.912          1.2889
11.431          0.87585
11.951          0.70796
12.470          0.68349
12.990          0.76083
13.510          1.0441
14.029          1.4820
14.549          1.4155
15.068          0.96791
15.588          0.73410
16.108          0.68057
16.627          0.72507
17.147          0.93872
17.666          1.3814
18.186          1.5038
18.706          1.0801
19.225          0.77489
19.745          0.68591
20.264          0.70220
20.784          0.85190
21.304          1.2464
21.823          1.5418
22.343          1.2170
22.862          0.83661
23.382          0.69870
23.902          0.68793
24.421          0.78556
24.941          1.1061
25.460          1.5162
25.980          1.3563
26.500          0.91972
27.019          0.71957
27.539          0.68100
28.059          0.74098
28.578          0.98878
29.098          1.4368
29.617          1.4649
30.137          1.0209
30.657          0.75223
31.176          0.68224
31.696          0.71236
32.215          0.89316
32.735          1.3171
33.255          1.5302
33.774          1.1459
34.294          0.80283
34.813          0.69141
35.333          0.69415
35.853          0.81588
36.372          1.1744
36.892          1.5369
37.411          1.2889
37.931          0.87580
38.451          0.70795
38.970          0.68350
39.490          0.76086
40.009          1.0442
40.529          1.4821
41.049          1.4154
41.568          0.96784
42.088          0.73408
42.607          0.68057
43.127          0.72510
43.647          0.93879
44.166          1.3815
44.686          1.5037
45.205          1.0800
45.725          0.77486
46.245          0.68590
46.764          0.70221
47.284          0.85195
47.803          1.2465
48.323          1.5418
48.843          1.2169
49.362          0.83656
49.882          0.69869
50.401          0.68793
50.921          0.78558
51.441          1.1061
51.960          1.5162
52.480          1.3563
52.999          0.91969
