0.0000          0.95524
0.51960         1.4013
1.0392          1.4918
1.5588          1.0592
2.0784          0.76662
2.5980          0.68444
3.1176          0.70540
3.6372          0.86541
4.1568          1.2709
4.6764          1.5397
5.1960          1.1924
5.7156          0.82446
6.2352          0.69601
6.7548          0.68985
7.2744          0.79522
7.7940          1.1287
8.3136          1.5248
8.8332          1.3342
9.3528          0.90430
9.8724          0.71532
10.392          0.68162
10.912          0.74725
11.431          1.0070
11.951          1.4533
12.470          1.4492
12.990          1.0023
13.510          0.74561
14.029          0.68144
14.549          0.71637
15.068          0.90816
15.588          1.3399
16.108          1.5228
16.627          1.1229
17.147          0.79271
17.666          0.68934
18.186          0.69667
18.706          0.82746
19.225          1.1986
19.745          1.5404
20.264          1.2648
20.784          0.86196
21.304          0.70457
21.823          0.68479
22.343          0.76864
22.862          1.0644
23.382          1.4950
23.902          1.3965
24.421          0.95106
24.941          0.72881
25.460          0.68048
25.980          0.73007
26.500          0.95516
27.019          1.4013
27.539          1.4919
28.059          1.0593
28.578          0.76666
29.098          0.68445
29.617          0.70538
30.137          0.86533
30.657          1.2708
31.176          1.5397
31.696          1.1926
32.215          0.82453
32.735          0.69603
33.255          0.68984
33.774          0.79516
34.294          1.1285
34.813          1.5248
35.333          1.3343
35.853          0.90439
36.372          0.71534
36.892          0.68161
37.411          0.74721
37.931          1.0069
38.451          1.4532
38.970          1.4493
39.490          1.0024
40.009          0.74564
40.529          0.68144
41.049          0.71635
41.568          0.90812
42.088          1.3398
42.607          1.5228
43.127          1.1229
43.647          0.79273
44.166          0.68935
44.686          0.69666
45.205          0.82745
45.725          1.1986
46.245          1.5404
46.764          1.2648
47.284          0.86195
47.803          0.70457
48.323          0.68479
48.843          0.76865
49.362          1.0644
49.882          1.4950
50.401          1.3964
50.921          0.95102
51.441          0.72879
51.960          0.68048
52.480          0.73010
52.999          0.95524
