0.0000          1.0649
0.51960         0.76693
1.0392          0.68533
1.5588          0.73368
2.0784          0.97351
2.5980          1.4041
3.1176          1.4200
3.6372          0.99141
4.1568          0.73963
4.6764          0.68467
5.1960          0.75848
5.7156          1.0434
6.2352          1.4556
6.7548          1.3532
7.2744          0.92668
7.7940          0.71936
8.3136          0.68907
8.8332          0.79502
9.3528          1.1305
9.8724          1.4869
10.392          1.2618
10.912          0.86356
11.431          0.70290
11.951          0.69919
12.470          0.84726
12.990          1.2338
13.510          1.4910
14.029          1.1575
14.549          0.80766
15.068          0.69123
15.588          0.71453
16.108          0.90942
16.627          1.3308
17.147          1.4662
17.666          1.0649
18.186          0.76693
18.706          0.68533
19.225          0.73369
19.745          0.97355
20.264          1.4042
20.784          1.4199
21.304          0.99136
21.823          0.73962
22.343          0.68467
22.862          0.75852
23.382          1.0435
23.902          1.4556
24.421          1.3531
24.941          0.92660
25.460          0.71933
25.980          0.68908
26.500          0.79508
27.019          1.1306
27.539          1.4869
28.059          1.2617
28.578          0.86348
29.098          0.70288
29.617          0.69921
30.137          0.84734
30.657          1.2340
31.176          1.4910
31.696          1.1574
32.215          0.80760
32.735          0.69121
33.255          0.71455
33.774          0.90949
34.294          1.3309
34.813          1.4662
35.333          1.0648
35.853          0.76689
36.372          0.68533
36.892          0.73370
37.411          0.97359
37.931          1.4042
38.451          1.4199
38.970          0.99133
39.490          0.73961
40.009          0.68467
40.529          0.75851
41.049          1.0435
41.568          1.4556
42.088          1.3531
42.607          0.92662
43.127          0.71934
43.647          0.68907
44.166          0.79505
44.686          1.1306
45.205          1.4869
45.725          1.2618
46.245          0.86352
46.764          0.70289
47.284          0.69920
47.803          0.84729
48.323          1.2339
48.843          1.4911
49.362          1.1575
49.882          0.80764
50.401          0.69122
50.921          0.71453
51.441          0.90942
51.960          1.3308
52.480          1.4662
52.999          1.0649
