0.0000          1.0952
0.51960         1.5113
1.0392          1.3669
1.5588          0.92749
2.0784          0.72179
2.5980          0.68078
3.1176          0.73806
3.6372          0.98004
4.1568          1.4282
4.6764          1.4722
5.1960          1.0304
5.7156          0.75570
6.2352          0.68272
6.7548          0.71049
7.2744          0.88590
7.7940          1.3056
8.3136          1.5333
8.8332          1.1576
9.3528          0.80810
9.8724          0.69251
10.392          0.69298
10.912          0.81037
11.431          1.1625
11.951          1.5344
12.470          1.3006
12.990          0.88287
13.510          0.70972
14.029          0.68294
14.549          0.75721
15.068          1.0345
15.588          1.4752
16.108          1.4244
16.627          0.97635
17.147          0.73684
17.666          0.68070
18.186          0.72277
18.706          0.93088
19.225          1.3713
19.745          1.5091
20.264          1.0906
20.784          0.77913
21.304          0.68669
21.823          0.70073
22.343          0.84556
22.862          1.2344
23.382          1.5421
23.902          1.2290
24.421          0.84272
24.941          0.70008
25.460          0.68707
25.980          0.78111
26.500          1.0954
27.019          1.5114
27.539          1.3667
28.059          0.92736
28.578          0.72175
29.098          0.68078
29.617          0.73811
30.137          0.98019
30.657          1.4283
31.176          1.4721
31.696          1.0302
32.215          0.75564
32.735          0.68271
33.255          0.71052
33.774          0.88602
34.294          1.3058
34.813          1.5332
35.333          1.1574
35.853          0.80802
36.372          0.69249
36.892          0.69300
37.411          0.81044
37.931          1.1627
38.451          1.5345
38.970          1.3005
39.490          0.88279
40.009          0.70970
40.529          0.68294
41.049          0.75723
41.568          1.0345
42.088          1.4753
42.607          1.4244
43.127          0.97633
43.647          0.73684
44.166          0.68070
44.686          0.72276
45.205          0.93085
45.725          1.3713
46.245          1.5091
46.764          1.0906
47.284          0.77916
47.803          0.68670
48.323          0.70072
48.843          0.84550
49.362          1.2343
49.882          1.5422
50.401          1.2291
50.921          0.84280
51.441          0.70010
51.960          0.68706
52.480          0.78104
52.999          1.0952
