0.0000          1.4277
0.51960         1.0010
1.0392          0.74293
1.5588          0.68446
2.0784          0.75442
2.5980          1.0327
3.1176          1.4494
3.6372          1.3641
4.1568          0.93572
4.6764          0.72198
5.1960          0.68810
5.7156          0.78888
6.2352          1.1168
6.7548          1.4840
7.2744          1.2761
7.7940          0.87232
8.3136          0.70499
8.8332          0.69739
9.3528          0.83898
9.8724          1.2189
10.392          1.4924
10.912          1.1721
11.431          0.81476
11.951          0.69253
12.470          0.71210
12.990          0.90036
13.510          1.3184
14.029          1.4713
14.549          1.0768
15.068          0.77174
15.588          0.68583
16.108          0.73071
16.627          0.96430
17.147          1.3952
17.666          1.4277
18.186          1.0010
18.706          0.74293
19.225          0.68446
19.745          0.75442
20.264          1.0327
20.784          1.4494
21.304          1.3641
21.823          0.93571
22.343          0.72197
22.862          0.68811
23.382          0.78890
23.902          1.1169
24.421          1.4839
24.941          1.2761
25.460          0.87229
25.980          0.70498
26.500          0.69741
27.019          0.83903
27.539          1.2189
28.059          1.4923
28.578          1.1721
29.098          0.81474
29.617          0.69253
30.137          0.71211
30.657          0.90041
31.176          1.3184
31.696          1.4712
32.215          1.0768
32.735          0.77174
33.255          0.68583
33.774          0.73072
34.294          0.96433
34.813          1.3953
35.333          1.4277
35.853          1.0010
36.372          0.74293
36.892          0.68446
37.411          0.75442
37.931          1.0327
38.451          1.4495
38.970          1.3641
39.490          0.93568
40.009          0.72196
40.529          0.68810
41.049          0.78890
41.568          1.1169
42.088          1.4840
42.607          1.2760
43.127          0.87225
43.647          0.70497
44.166          0.69741
44.686          0.83904
45.205          1.2190
45.725          1.4924
46.245          1.1720
46.764          0.81471
47.284          0.69252
47.803          0.71211
48.323          0.90042
48.843          1.3184
49.362          1.4712
49.882          1.0767
50.401          0.77173
50.921          0.68583
51.441          0.73072
51.960          0.96433
52.480          1.3952
52.999          1.4277
