0.0000          1.3104
0.51960         1.4741
1.0392          1.0843
1.5588          0.77488
2.0784          0.68619
2.5980          0.72892
3.1176          0.95862
3.6372          1.3894
4.1568          1.4323
4.6764          1.0071
5.1960          0.74508
5.7156          0.68438
6.2352          0.75197
6.7548          1.0262
7.2744          1.4454
7.7940          1.3708
8.3136          0.94143
8.8332          0.72367
9.3528          0.68756
9.8724          0.78517
10.392          1.1084
10.912          1.4818
11.431          1.2850
11.951          0.87794
12.470          0.70636
12.990          0.69632
13.510          0.83385
14.029          1.2093
14.549          1.4929
15.068          1.1816
15.588          0.81948
16.108          0.69343
16.627          0.71058
17.147          0.89458
17.666          1.3101
18.186          1.4742
18.706          1.0847
19.225          0.77502
19.745          0.68621
20.264          0.72884
20.784          0.95837
21.304          1.3892
21.823          1.4325
22.343          1.0074
22.862          0.74517
23.382          0.68438
23.902          0.75189
24.421          1.0259
24.941          1.4452
25.460          1.3710
25.980          0.94163
26.500          0.72373
27.019          0.68754
27.539          0.78508
28.059          1.1082
28.578          1.4817
29.098          1.2852
29.617          0.87807
30.137          0.70640
30.657          0.69630
31.176          0.83378
31.696          1.2092
32.215          1.4928
32.735          1.1817
33.255          0.81954
33.774          0.69344
34.294          0.71058
34.813          0.89457
35.333          1.3100
35.853          1.4742
36.372          1.0847
36.892          0.77501
37.411          0.68621
37.931          0.72888
38.451          0.95848
38.970          1.3893
39.490          1.4323
40.009          1.0072
40.529          0.74512
41.049          0.68439
41.568          0.75198
42.088          1.0262
42.607          1.4454
43.127          1.3707
43.647          0.94139
44.166          0.72366
44.686          0.68757
45.205          0.78526
45.725          1.1086
46.245          1.4818
46.764          1.2848
47.284          0.87779
47.803          0.70633
48.323          0.69635
48.843          0.83403
49.362          1.2097
49.882          1.4928
50.401          1.1812
50.921          0.81930
51.441          0.69340
51.960          0.71064
52.480          0.89482
52.999          1.3104
