0.0000          0.69370
0.51960         0.81374
1.0392          1.1698
1.5588          1.5360
2.0784          1.2934
2.5980          0.87851
3.1176          0.70862
3.6372          0.68327
4.1568          0.75944
4.6764          1.0404
5.1960          1.4795
5.7156          1.4189
6.2352          0.97112
6.7548          0.73514
7.2744          0.68061
7.7940          0.72418
8.3136          0.93569
8.8332          1.3776
9.3528          1.5059
9.8724          1.0841
10.392          0.77652
10.912          0.68621
11.431          0.70162
11.951          0.84941
12.470          1.2417
12.990          1.5420
13.510          1.2217
14.029          0.83899
14.549          0.69924
15.068          0.68758
15.588          0.78377
16.108          1.1018
16.627          1.5143
17.147          1.3605
17.666          0.92276
18.186          0.72043
18.706          0.68090
19.225          0.73981
19.745          0.98528
20.264          1.4334
20.784          1.4679
21.304          1.0247
21.823          0.75361
22.343          0.68242
22.862          0.71160
23.382          0.89020
23.902          1.3125
24.421          1.5315
24.941          1.1506
25.460          0.80496
25.980          0.69185
26.500          0.69367
27.019          0.81360
27.539          1.1695
28.059          1.5359
28.578          1.2937
29.098          0.87869
29.617          0.70867
30.137          0.68326
30.657          0.75934
31.176          1.0402
31.696          1.4793
32.215          1.4192
32.735          0.97134
33.255          0.73521
33.774          0.68062
34.294          0.72412
34.813          0.93551
35.333          1.3773
35.853          1.5060
36.372          1.0844
36.892          0.77660
37.411          0.68622
37.931          0.70159
38.451          0.84931
38.970          1.2415
39.490          1.5420
40.009          1.2218
40.529          0.83906
41.049          0.69925
41.568          0.68757
42.088          0.78375
42.607          1.1017
43.127          1.5143
43.647          1.3605
44.166          0.92277
44.686          0.72043
45.205          0.68090
45.725          0.73983
46.245          0.98536
46.764          1.4334
47.284          1.4678
47.803          1.0246
48.323          0.75357
48.843          0.68241
49.362          0.71163
49.882          0.89034
50.401          1.3127
50.921          1.5315
51.441          1.1504
51.960          0.80484
52.480          0.69182
52.999          0.69370
