0.0000          1.5406
0.51960         1.2631
1.0392          0.86103
1.5588          0.70435
2.0784          0.68489
2.5980          0.76920
3.1176          1.0658
3.6372          1.4958
4.1568          1.3951
4.6764          0.94991
5.1960          0.72845
5.7156          0.68048
6.2352          0.73044
6.7548          0.95634
7.2744          1.4026
7.7940          1.4910
8.3136          1.0579
8.8332          0.76610
9.3528          0.68435
9.8724          0.70562
10.392          0.86631
10.912          1.2725
11.431          1.5395
11.951          1.1908
12.470          0.82369
12.990          0.69584
13.510          0.68998
14.029          0.79587
14.549          1.1301
15.068          1.5254
15.588          1.3327
16.108          0.90332
16.627          0.71506
17.147          0.68167
17.666          0.74767
18.186          1.0082
18.706          1.4544
19.225          1.4482
19.745          1.0011
20.264          0.74520
20.784          0.68139
21.304          0.71664
21.823          0.90916
22.343          1.3413
22.862          1.5223
23.382          1.1214
23.902          0.79207
24.421          0.68921
24.941          0.69684
25.460          0.82825
25.980          1.2002
26.500          1.5406
27.019          1.2631
27.539          0.86105
28.059          0.70435
28.578          0.68488
29.098          0.76918
29.617          1.0658
30.137          1.4958
30.657          1.3951
31.176          0.94994
31.696          0.72846
32.215          0.68048
32.735          0.73043
33.255          0.95631
33.774          1.4026
34.294          1.4910
34.813          1.0579
35.333          0.76611
35.853          0.68436
36.372          0.70561
36.892          0.86629
37.411          1.2725
37.931          1.5395
38.451          1.1909
38.970          0.82371
39.490          0.69585
40.009          0.68998
40.529          0.79586
41.049          1.1301
41.568          1.5253
42.088          1.3327
42.607          0.90333
43.127          0.71506
43.647          0.68167
44.166          0.74767
44.686          1.0081
45.205          1.4544
45.725          1.4482
46.245          1.0011
46.764          0.74520
47.284          0.68139
47.803          0.71664
48.323          0.90917
48.843          1.3413
49.362          1.5222
49.882          1.1214
50.401          0.79206
50.921          0.68921
51.441          0.69684
51.960          0.82827
52.480          1.2003
52.999          1.5406
