0.0000          1.4931
0.51960         1.1894
1.0392          0.82348
1.5588          0.69421
2.0784          0.70936
2.5980          0.88985
3.1176          1.3031
3.6372          1.4765
4.1568          1.0912
4.6764          0.77777
5.1960          0.68655
5.7156          0.72737
6.2352          0.95361
6.7548          1.3842
7.2744          1.4362
7.7940          1.0125
8.3136          0.74701
8.8332          0.68435
9.3528          0.74992
9.8724          1.0206
10.392          1.4417
10.912          1.3763
11.431          0.94636
11.951          0.72515
12.470          0.68713
12.990          0.78211
13.510          1.1014
14.029          1.4798
14.549          1.2924
15.068          0.88274
15.588          0.70756
16.108          0.69544
16.627          0.82960
17.147          1.2013
17.666          1.4931
18.186          1.1895
18.706          0.82353
19.225          0.69422
19.745          0.70934
20.264          0.88976
20.784          1.3030
21.304          1.4766
21.823          1.0914
22.343          0.77783
22.862          0.68656
23.382          0.72733
23.902          0.95348
24.421          1.3841
24.941          1.4363
25.460          1.0127
25.980          0.74706
26.500          0.68435
27.019          0.74986
27.539          1.0204
28.059          1.4416
28.578          1.3765
29.098          0.94650
29.617          0.72519
30.137          0.68712
30.657          0.78203
31.176          1.1012
31.696          1.4797
32.215          1.2926
32.735          0.88287
33.255          0.70759
33.774          0.69542
34.294          0.82950
34.813          1.2011
35.333          1.4931
35.853          1.1897
36.372          0.82362
36.892          0.69424
37.411          0.70932
37.931          0.88969
38.451          1.3029
38.970          1.4766
39.490          1.0915
40.009          0.77787
40.529          0.68657
41.049          0.72733
41.568          0.95348
42.088          1.3840
42.607          1.4363
43.127          1.0126
43.647          0.74706
44.166          0.68435
44.686          0.74990
45.205          1.0205
45.725          1.4417
46.245          1.3763
46.764          0.94640
47.284          0.72516
47.803          0.68713
48.323          0.78212
48.843          1.1014
49.362          1.4797
49.882          1.2924
50.401          0.88272
50.921          0.70755
51.441          0.69545
51.960          0.82965
52.480          1.2014
52.999          1.4931
