0.0000          1.3016
0.51960         1.4771
1.0392          1.0927
1.5588          0.77841
2.0784          0.68662
2.5980          0.72696
3.1176          0.95231
3.6372          1.3829
4.1568          1.4374
4.6764          1.0140
5.1960          0.74755
5.7156          0.68432
6.2352          0.74924
6.7548          1.0187
7.2744          1.4406
7.7940          1.3783
8.3136          0.94809
8.8332          0.72567
9.3528          0.68695
9.8724          0.78093
10.392          1.0986
10.912          1.4790
11.431          1.2954
11.951          0.88468
12.470          0.70804
12.990          0.69507
13.510          0.82781
14.029          1.1979
14.549          1.4932
15.068          1.1930
15.588          0.82529
16.108          0.69457
16.627          0.70880
17.147          0.88767
17.666          1.2999
18.186          1.4776
18.706          1.0943
19.225          0.77908
19.745          0.68672
20.264          0.72670
20.784          0.95143
21.304          1.3818
21.823          1.4378
22.343          1.0149
22.862          0.74786
23.382          0.68436
23.902          0.74911
24.421          1.0183
24.941          1.4402
25.460          1.3784
25.980          0.94831
26.500          0.72575
27.019          0.68699
27.539          0.78102
28.059          1.0988
28.578          1.4789
29.098          1.2950
29.617          0.88445
30.137          0.70799
30.657          0.69517
31.176          0.82824
31.696          1.1986
32.215          1.4930
32.735          1.1921
33.255          0.82483
33.774          0.69449
34.294          0.70899
34.813          0.88840
35.333          1.3010
35.853          1.4771
36.372          1.0932
36.892          0.77861
37.411          0.68667
37.931          0.72699
38.451          0.95237
38.970          1.3828
39.490          1.4371
40.009          1.0138
40.529          0.74748
41.049          0.68436
41.568          0.74952
42.088          1.0194
42.607          1.4410
43.127          1.3773
43.647          0.94731
44.166          0.72544
44.686          0.68706
45.205          0.78159
45.725          1.1002
46.245          1.4794
46.764          1.2937
47.284          0.88357
47.803          0.70777
48.323          0.69529
48.843          0.82887
49.362          1.1999
49.882          1.4931
50.401          1.1910
50.921          0.82425
51.441          0.69436
51.960          0.70910
52.480          0.88883
52.999          1.3016
