0.0000          0.74713
0.51960         1.0129
1.0392          1.4365
1.5588          1.3839
2.0784          0.95333
2.5980          0.72728
3.1176          0.68656
3.6372          0.77789
4.1568          1.0915
4.6764          1.4766
5.1960          1.3029
5.7156          0.88971
6.2352          0.70933
6.7548          0.69423
7.2744          0.82356
7.7940          1.1896
8.3136          1.4930
8.8332          1.2013
9.3528          0.82965
9.8724          0.69546
10.392          0.70756
10.912          0.88272
11.431          1.2923
11.951          1.4797
12.470          1.1015
12.990          0.78221
13.510          0.68715
14.029          0.72515
14.549          0.94634
15.068          1.3762
15.588          1.4416
16.108          1.0206
16.627          0.74997
17.147          0.68437
17.666          0.74706
18.186          1.0126
18.706          1.4362
19.225          1.3840
19.745          0.95351
20.264          0.72735
20.784          0.68658
21.304          0.77792
21.823          1.0915
22.343          1.4766
22.862          1.3027
23.382          0.88960
23.902          0.70930
24.421          0.69427
24.941          0.82376
25.460          1.1900
25.980          1.4930
26.500          1.2008
27.019          0.82934
27.539          0.69539
28.059          0.70766
28.578          0.88313
29.098          1.2930
29.617          1.4795
30.137          1.1008
30.657          0.78185
31.176          0.68710
31.696          0.72533
32.215          0.94692
32.735          1.3769
33.255          1.4412
33.774          1.0199
34.294          0.74969
34.813          0.68437
35.333          0.74732
35.853          1.0133
36.372          1.4367
36.892          1.3834
37.411          0.95291
37.931          0.72716
38.451          0.68663
38.970          0.77826
39.490          1.0923
40.009          1.4768
40.529          1.3020
41.049          0.88916
41.568          0.70919
42.088          0.69434
42.607          0.82408
43.127          1.1906
43.647          1.4930
44.166          1.2003
44.686          0.82911
45.205          0.69534
45.725          0.70770
46.245          0.88329
46.764          1.2932
47.284          1.4795
47.803          1.1006
48.323          0.78179
48.843          0.68708
49.362          0.72529
49.882          0.94681
50.401          1.3768
50.921          1.4414
51.441          1.0201
51.960          0.74975
52.480          0.68434
52.999          0.74713
