0.0000          0.68715
0.51960         0.78152
1.0392          1.0964
1.5588          1.5118
2.0784          1.3657
2.5980          0.92667
3.1176          0.72155
3.6372          0.68080
4.1568          0.73837
4.6764          0.98096
5.1960          1.4291
5.7156          1.4714
6.2352          1.0294
6.7548          0.75534
7.2744          0.68267
7.7940          0.71069
8.3136          0.88666
8.8332          1.3068
9.3528          1.5330
9.8724          1.1563
10.392          0.80754
10.912          0.69239
11.431          0.69311
11.951          0.81095
12.470          1.1638
12.990          1.5347
13.510          1.2994
14.029          0.88212
14.549          0.70953
15.068          0.68299
15.588          0.75759
16.108          1.0355
16.627          1.4760
17.147          1.4235
17.666          0.97546
18.186          0.73655
18.706          0.68068
19.225          0.72300
19.745          0.93170
20.264          1.3724
20.784          1.5085
21.304          1.0895
21.823          0.77868
22.343          0.68661
22.862          0.70088
23.382          0.84622
23.902          1.2357
24.421          1.5421
24.941          1.2277
25.460          0.84208
25.980          0.69994
26.500          0.68716
27.019          0.78157
27.539          1.0965
28.059          1.5119
28.578          1.3656
29.098          0.92657
29.617          0.72152
30.137          0.68080
30.657          0.73841
31.176          0.98108
31.696          1.4292
32.215          1.4713
32.735          1.0293
33.255          0.75528
33.774          0.68266
34.294          0.71071
34.813          0.88675
35.333          1.3069
35.853          1.5329
36.372          1.1562
36.892          0.80748
37.411          0.69238
37.931          0.69312
38.451          0.81100
38.970          1.1639
39.490          1.5347
40.009          1.2993
40.529          0.88207
41.049          0.70952
41.568          0.68300
42.088          0.75760
42.607          1.0355
43.127          1.4760
43.647          1.4235
44.166          0.97544
44.686          0.73655
45.205          0.68069
45.725          0.72300
46.245          0.93168
46.764          1.3724
47.284          1.5086
47.803          1.0895
48.323          0.77870
48.843          0.68661
49.362          0.70087
49.882          0.84617
50.401          1.2356
50.921          1.5421
51.441          1.2278
51.960          0.84214
52.480          0.69995
52.999          0.68715
