0.0000          0.74447
0.51960         0.68440
1.0392          0.75265
1.5588          1.0280
2.0784          1.4465
2.5980          1.3689
3.1176          0.93981
3.6372          0.72319
4.1568          0.68771
4.6764          0.78623
5.1960          1.1108
5.7156          1.4824
6.2352          1.2824
6.7548          0.87629
7.2744          0.70596
7.7940          0.69663
8.3136          0.83538
8.8332          1.2122
9.3528          1.4927
9.8724          1.1787
10.392          0.81805
10.912          0.69316
11.431          0.71105
11.951          0.89637
12.470          1.3126
12.990          1.4733
13.510          1.0822
14.029          0.77399
14.549          0.68609
15.068          0.72945
15.588          0.96029
16.108          1.3911
16.627          1.4309
17.147          1.0053
17.666          0.74443
18.186          0.68441
18.706          0.75274
19.225          1.0282
19.745          1.4467
20.264          1.3686
20.784          0.93959
21.304          0.72312
21.823          0.68774
22.343          0.78640
22.862          1.1112
23.382          1.4825
23.902          1.2820
24.421          0.87603
24.941          0.70589
25.460          0.69669
25.980          0.83562
26.500          1.2126
27.019          1.4927
27.539          1.1783
28.059          0.81782
28.578          0.69311
29.098          0.71111
29.617          0.89661
30.137          1.3130
30.657          1.4732
31.176          1.0819
31.696          0.77385
32.215          0.68607
32.735          0.72950
33.255          0.96045
33.774          1.3913
34.294          1.4308
34.813          1.0051
35.333          0.74438
35.853          0.68440
36.372          0.75275
36.892          1.0282
37.411          1.4467
37.931          1.3687
38.451          0.93960
38.970          0.72312
39.490          0.68773
40.009          0.78634
40.529          1.1111
41.049          1.4825
41.568          1.2822
42.088          0.87614
42.607          0.70592
43.127          0.69665
43.647          0.83548
44.166          1.2124
44.686          1.4927
45.205          1.1786
45.725          0.81797
46.245          0.69314
46.764          0.71106
47.284          0.89640
47.803          1.3127
48.323          1.4733
48.843          1.0822
49.362          0.77398
49.882          0.68608
50.401          0.72942
50.921          0.96021
51.441          1.3911
51.960          1.4310
52.480          1.0054
52.999          0.74447
