0.0000          0.68583
0.51960         0.77184
1.0392          1.0771
1.5588          1.4716
2.0784          1.3179
2.5980          0.90001
3.1176          0.71200
3.6372          0.69256
4.1568          0.81497
4.6764          1.1726
5.1960          1.4925
5.7156          1.2183
6.2352          0.83867
6.7548          0.69732
7.2744          0.70505
7.7940          0.87260
8.3136          1.2766
8.8332          1.4839
9.3528          1.1164
9.8724          0.78867
10.392          0.68807
10.912          0.72205
11.431          0.93598
11.951          1.3644
12.470          1.4493
12.990          1.0324
13.510          0.75431
14.029          0.68445
14.549          0.74299
15.068          1.0012
15.588          1.4278
16.108          1.3951
16.627          0.96419
17.147          0.73067
17.666          0.68583
18.186          0.77177
18.706          1.0768
19.225          1.4713
19.745          1.3184
20.264          0.90033
20.784          0.71209
21.304          0.69252
21.823          0.81473
22.343          1.1721
22.862          1.4925
23.382          1.2189
23.902          0.83894
24.421          0.69737
24.941          0.70497
25.460          0.87226
25.980          1.2761
26.500          1.4841
27.019          1.1168
27.539          0.78878
28.059          0.68807
28.578          0.72197
29.098          0.93572
29.617          1.3642
30.137          1.4495
30.657          1.0326
31.176          0.75434
31.696          0.68445
32.215          0.74295
32.735          1.0011
33.255          1.4278
33.774          1.3952
34.294          0.96421
34.813          0.73067
35.333          0.68584
35.853          0.77181
36.372          1.0769
36.892          1.4713
37.411          1.3182
37.931          0.90026
38.451          0.71207
38.970          0.69256
39.490          0.81489
40.009          1.1724
40.529          1.4923
41.049          1.2186
41.568          0.83886
42.088          0.69737
42.607          0.70504
43.127          0.87251
43.647          1.2764
44.166          1.4839
44.686          1.1165
45.205          0.78874
45.725          0.68808
46.245          0.72204
46.764          0.93596
47.284          1.3644
47.803          1.4493
48.323          1.0324
48.843          0.75429
49.362          0.68445
49.882          0.74301
50.401          1.0013
50.921          1.4280
51.441          1.3950
51.960          0.96398
52.480          0.73060
52.999          0.68583
