0.0000          0.72500
0.51960         0.68057
1.0392          0.73419
1.5588          0.96819
2.0784          1.4158
2.5980          1.4818
3.1176          1.0438
3.6372          0.76071
4.1568          0.68347
4.6764          0.70802
5.1960          0.87609
5.7156          1.2893
6.2352          1.5368
6.7548          1.1739
7.2744          0.81565
7.7940          0.69411
8.3136          0.69145
8.8332          0.80304
9.3528          1.1464
9.8724          1.5304
10.392          1.3167
10.912          0.89287
11.431          0.71229
11.951          0.68225
12.470          0.75236
12.990          1.0213
13.510          1.4652
14.029          1.4365
14.549          0.98847
15.068          0.74088
15.588          0.68099
16.108          0.71965
16.627          0.91998
17.147          1.3567
17.666          1.5160
18.186          1.1057
18.706          0.78540
19.225          0.68790
19.745          0.69874
20.264          0.83680
20.784          1.2174
21.304          1.5418
21.823          1.2460
22.343          0.85169
22.862          0.70215
23.382          0.68593
23.902          0.77503
24.421          1.0805
24.941          1.5040
25.460          1.3811
25.980          0.93848
26.500          0.72500
27.019          0.68057
27.539          0.73419
28.059          0.96817
28.578          1.4158
29.098          1.4818
29.617          1.0438
30.137          0.76072
30.657          0.68347
31.176          0.70801
31.696          0.87607
32.215          1.2893
32.735          1.5368
33.255          1.1739
33.774          0.81566
34.294          0.69411
34.813          0.69145
35.333          0.80302
35.853          1.1463
36.372          1.5304
36.892          1.3167
37.411          0.89289
37.931          0.71230
38.451          0.68225
38.970          0.75236
39.490          1.0213
40.009          1.4652
40.529          1.4365
41.049          0.98847
41.568          0.74088
42.088          0.68099
42.607          0.71965
43.127          0.91998
43.647          1.3567
44.166          1.5160
44.686          1.1057
45.205          0.78540
45.725          0.68790
46.245          0.69874
46.764          0.83681
47.284          1.2174
47.803          1.5418
48.323          1.2460
48.843          0.85168
49.362          0.70215
49.882          0.68593
50.401          0.77503
50.921          1.0805
51.441          1.5040
51.960          1.3811
52.480          0.93846
52.999          0.72500
