0.0000          0.71313
0.51960         0.69196
1.0392          0.81170
1.5588          1.1659
2.0784          1.4919
2.5980          1.2253
3.1176          0.84249
3.6372          0.69815
4.1568          0.70409
4.6764          0.86858
5.1960          1.2701
5.7156          1.4853
6.2352          1.1226
6.7548          0.79145
7.2744          0.68850
7.7940          0.72086
8.3136          0.93190
8.8332          1.3596
9.3528          1.4521
9.8724          1.0372
10.392          0.75610
10.912          0.68454
11.431          0.74154
11.951          0.99697
12.470          1.4245
12.990          1.3990
13.510          0.96813
14.029          0.73194
14.549          0.68561
15.068          0.76972
15.588          1.0718
16.108          1.4692
16.627          1.3236
17.147          0.90411
17.666          0.71310
18.186          0.69198
18.706          0.81179
19.225          1.1660
19.745          1.4919
20.264          1.2251
20.784          0.84238
21.304          0.69812
21.823          0.70412
22.343          0.86869
22.862          1.2703
23.382          1.4852
23.902          1.1224
24.421          0.79137
24.941          0.68849
25.460          0.72089
25.980          0.93199
26.500          1.3597
27.019          1.4520
27.539          1.0371
28.059          0.75607
28.578          0.68453
29.098          0.74155
29.617          0.99701
30.137          1.4245
30.657          1.3990
31.176          0.96811
31.696          0.73193
32.215          0.68561
32.735          0.76971
33.255          1.0718
33.774          1.4692
34.294          1.3236
34.813          0.90414
35.333          0.71311
35.853          0.69197
36.372          0.81175
36.892          1.1660
37.411          1.4919
37.931          1.2252
38.451          0.84244
38.970          0.69814
39.490          0.70410
40.009          0.86861
40.529          1.2701
41.049          1.4853
41.568          1.1226
42.088          0.79143
42.607          0.68850
43.127          0.72086
43.647          0.93189
44.166          1.3596
44.686          1.4521
45.205          1.0372
45.725          0.75611
46.245          0.68454
46.764          0.74152
47.284          0.99690
47.803          1.4245
48.323          1.3991
48.843          0.96821
49.362          0.73196
49.882          0.68560
50.401          0.76966
50.921          1.0717
51.441          1.4692
51.960          1.3237
52.480          0.90422
52.999          0.71313
