0.0000          1.3015
0.51960         1.4770
1.0392          1.0928
1.5588          0.77843
2.0784          0.68664
2.5980          0.72702
3.1176          0.95250
3.6372          1.3830
4.1568          1.4371
4.6764          1.0137
5.1960          0.74745
5.7156          0.68435
6.2352          0.74948
6.7548          1.0193
7.2744          1.4409
7.7940          1.3775
8.3136          0.94744
8.8332          0.72548
9.3528          0.68704
9.8724          0.78146
10.392          1.0999
10.912          1.4793
11.431          1.2940
11.951          0.88377
12.470          0.70782
12.990          0.69526
13.510          0.82871
14.029          1.1996
14.549          1.4931
15.068          1.1912
15.588          0.82439
16.108          0.69439
16.627          0.70908
17.147          0.88876
17.666          1.3015
18.186          1.4770
18.706          1.0928
19.225          0.77842
19.745          0.68663
20.264          0.72702
20.784          0.95250
21.304          1.3830
21.823          1.4371
22.343          1.0137
22.862          0.74745
23.382          0.68435
23.902          0.74947
24.421          1.0193
24.941          1.4409
25.460          1.3775
25.980          0.94745
26.500          0.72548
27.019          0.68704
27.539          0.78145
28.059          1.0998
28.578          1.4793
29.098          1.2940
29.617          0.88379
30.137          0.70782
30.657          0.69526
31.176          0.82869
31.696          1.1995
32.215          1.4931
32.735          1.1913
33.255          0.82442
33.774          0.69440
34.294          0.70908
34.813          0.88874
35.333          1.3015
35.853          1.4771
36.372          1.0928
36.892          0.77844
37.411          0.68664
37.931          0.72702
38.451          0.95248
38.970          1.3830
39.490          1.4371
40.009          1.0138
40.529          0.74745
41.049          0.68435
41.568          0.74947
42.088          1.0193
42.607          1.4409
43.127          1.3775
43.647          0.94746
44.166          0.72548
44.686          0.68704
45.205          0.78145
45.725          1.0998
46.245          1.4793
46.764          1.2940
47.284          0.88379
47.803          0.70782
48.323          0.69526
48.843          0.82870
49.362          1.1995
49.882          1.4931
50.401          1.1913
50.921          0.82441
51.441          0.69440
51.960          0.70908
52.480          0.88875
52.999          1.3015
