0.0000          1.4051
0.51960         1.4191
1.0392          0.99036
1.5588          0.73928
2.0784          0.68469
2.5980          0.75894
3.1176          1.0446
3.6372          1.4562
4.1568          1.3520
4.6764          0.92569
5.1960          0.71907
5.7156          0.68918
6.2352          0.79571
6.7548          1.1320
7.2744          1.4872
7.7940          1.2603
8.3136          0.86261
8.8332          0.70268
9.3528          0.69939
9.8724          0.84817
10.392          1.2354
10.912          1.4909
11.431          1.1559
11.951          0.80690
12.470          0.69109
12.990          0.71480
13.510          0.91040
14.029          1.3322
14.549          1.4657
15.068          1.0637
15.588          0.76642
16.108          0.68528
16.627          0.73401
17.147          0.97454
17.666          1.4051
18.186          1.4191
18.706          0.99034
19.225          0.73927
19.745          0.68470
20.264          0.75896
20.784          1.0447
21.304          1.4562
21.823          1.3519
22.343          0.92565
22.862          0.71906
23.382          0.68918
23.902          0.79574
24.421          1.1321
24.941          1.4872
25.460          1.2602
25.980          0.86257
26.500          0.70267
27.019          0.69940
27.539          0.84822
28.059          1.2355
28.578          1.4909
29.098          1.1559
29.617          0.80687
30.137          0.69108
30.657          0.71481
31.176          0.91044
31.696          1.3322
32.215          1.4657
32.735          1.0636
33.255          0.76640
33.774          0.68528
34.294          0.73402
34.813          0.97457
35.333          1.4051
35.853          1.4191
36.372          0.99032
36.892          0.73926
37.411          0.68469
37.931          0.75897
38.451          1.0447
38.970          1.4563
39.490          1.3519
40.009          0.92564
40.529          0.71906
41.049          0.68918
41.568          0.79574
42.088          1.1321
42.607          1.4872
43.127          1.2602
43.647          0.86257
44.166          0.70267
44.686          0.69940
45.205          0.84820
45.725          1.2355
46.245          1.4909
46.764          1.1559
47.284          0.80688
47.803          0.69109
48.323          0.71480
48.843          0.91041
49.362          1.3322
49.882          1.4657
50.401          1.0636
50.921          0.76642
51.441          0.68528
51.960          0.73401
52.480          0.97453
52.999          1.4051
