0.0000          0.68062
0.51960         0.73533
1.0392          0.97171
1.5588          1.4195
2.0784          1.4790
2.5980          1.0398
3.1176          0.75918
3.6372          0.68324
4.1568          0.70874
4.6764          0.87899
5.1960          1.2942
5.7156          1.5358
6.2352          1.1690
6.7548          0.81336
7.2744          0.69362
7.7940          0.69190
8.3136          0.80519
8.8332          1.1512
9.3528          1.5317
9.8724          1.3119
10.392          0.88987
10.912          0.71151
11.431          0.68245
11.951          0.75378
12.470          1.0252
12.990          1.4682
13.510          1.4329
14.029          0.98484
14.549          0.73966
15.068          0.68089
15.588          0.72056
16.108          0.92319
16.627          1.3611
17.147          1.5140
17.666          1.1012
18.186          0.78351
18.706          0.68753
19.225          0.69932
19.745          0.83937
20.264          1.2224
20.784          1.5420
21.304          1.2409
21.823          0.84900
22.343          0.70152
22.862          0.68626
23.382          0.77680
23.902          1.0848
24.421          1.5062
24.941          1.3769
25.460          0.93516
25.980          0.72402
26.500          0.68062
27.019          0.73533
27.539          0.97171
28.059          1.4195
28.578          1.4790
29.098          1.0398
29.617          0.75918
30.137          0.68324
30.657          0.70874
31.176          0.87900
31.696          1.2942
32.215          1.5358
32.735          1.1690
33.255          0.81336
33.774          0.69362
34.294          0.69190
34.813          0.80520
35.333          1.1512
35.853          1.5317
36.372          1.3119
36.892          0.88986
37.411          0.71151
37.931          0.68245
38.451          0.75378
38.970          1.0252
39.490          1.4682
40.009          1.4329
40.529          0.98482
41.049          0.73965
41.568          0.68089
42.088          0.72056
42.607          0.92321
43.127          1.3611
43.647          1.5140
44.166          1.1011
44.686          0.78350
45.205          0.68753
45.725          0.69932
46.245          0.83938
46.764          1.2225
47.284          1.5420
47.803          1.2409
48.323          0.84900
48.843          0.70152
49.362          0.68626
49.882          0.77680
50.401          1.0848
50.921          1.5062
51.441          1.3769
51.960          0.93515
52.480          0.72402
52.999          0.68062
