0.0000          0.85554
0.51960         0.70105
1.0392          0.70098
1.5588          0.85521
2.0784          1.2477
2.5980          1.4892
3.1176          1.1440
3.6372          0.80126
4.1568          0.69011
4.6764          0.71692
5.1960          0.91806
5.7156          1.3422
6.2352          1.4610
6.7548          1.0539
7.2744          0.76256
7.7940          0.68496
8.3136          0.73667
8.8332          0.98260
9.3528          1.4124
9.8724          1.4120
10.392          0.98215
10.912          0.73652
11.431          0.68498
11.951          0.76277
12.470          1.0544
12.990          1.4612
13.510          1.3418
14.029          0.91769
14.549          0.71682
15.068          0.69015
15.588          0.80149
16.108          1.1444
16.627          1.4893
17.147          1.2473
17.666          0.85502
18.186          0.70093
18.706          0.70107
19.225          0.85562
19.745          1.2484
20.264          1.4892
20.784          1.1435
21.304          0.80102
21.823          0.69006
22.343          0.71694
22.862          0.91816
23.382          1.3424
23.902          1.4611
24.421          1.0539
24.941          0.76256
25.460          0.68494
25.980          0.73654
26.500          0.98224
27.019          1.4121
27.539          1.4125
28.059          0.98263
28.578          0.73667
29.098          0.68492
29.617          0.76238
30.137          1.0535
30.657          1.4609
31.176          1.3429
31.696          0.91853
32.215          0.71705
32.735          0.69001
33.255          0.80074
33.774          1.1429
34.294          1.4891
34.813          1.2490
35.333          0.85595
35.853          0.70114
36.372          0.70085
36.892          0.85468
37.411          1.2468
37.931          1.4894
38.451          1.1450
38.970          0.80172
39.490          0.69018
40.009          0.71672
40.529          0.91735
41.049          1.3413
41.568          1.4615
42.088          1.0549
42.607          0.76294
43.127          0.68499
43.647          0.73640
44.166          0.98179
44.686          1.4117
45.205          1.4127
45.725          0.98297
46.245          0.73679
46.764          0.68495
47.284          0.76240
47.803          1.0535
48.323          1.4608
48.843          1.3427
49.362          0.91841
49.882          0.71702
50.401          0.69007
50.921          0.80100
51.441          1.1434
51.960          1.4891
52.480          1.2483
52.999          0.85554
