0.0000          0.69655
0.51960         0.83493
1.0392          1.2113
1.5588          1.4927
2.0784          1.1797
2.5980          0.81861
3.1176          0.69328
3.6372          0.71091
4.1568          0.89575
4.6764          1.3116
5.1960          1.4735
5.7156          1.0832
6.2352          0.77446
6.7548          0.68617
7.2744          0.72929
7.7940          0.95973
8.3136          1.3904
8.8332          1.4312
9.3528          1.0059
9.8724          0.74468
10.392          0.68444
10.912          0.75262
11.431          1.0279
11.951          1.4463
12.470          1.3688
12.990          0.93985
13.510          0.72321
14.029          0.68775
14.549          0.78637
15.068          1.1112
15.588          1.4824
16.108          1.2820
16.627          0.87603
17.147          0.70590
17.666          0.69672
18.186          0.83577
18.706          1.2129
19.225          1.4926
19.745          1.1779
20.264          0.81766
20.784          0.69309
21.304          0.71122
21.823          0.89698
22.343          1.3135
22.862          1.4729
23.382          1.0813
23.902          0.77363
24.421          0.68606
24.941          0.72971
25.460          0.96110
25.980          1.3919
26.500          1.4302
27.019          1.0044
27.539          0.74413
28.059          0.68443
28.578          0.75314
29.098          1.0293
29.617          1.4473
30.137          1.3676
30.657          0.93870
31.176          0.72286
31.696          0.68782
32.215          0.78697
32.735          1.1125
33.255          1.4828
33.774          1.2807
34.294          0.87522
34.813          0.70569
35.333          0.69683
35.853          0.83630
36.372          1.2139
36.892          1.4927
37.411          1.1771
37.931          0.81726
38.451          0.69300
38.970          0.71125
39.490          0.89715
40.009          1.3138
40.529          1.4730
41.049          1.0813
41.568          0.77359
42.088          0.68602
42.607          0.72956
43.127          0.96066
43.647          1.3916
44.166          1.4308
44.686          1.0050
45.205          0.74434
45.725          0.68438
46.245          0.75266
46.764          1.0280
47.284          1.4466
47.803          1.3690
48.323          0.93989
48.843          0.72321
49.362          0.68767
49.882          0.78603
50.401          1.1104
50.921          1.4823
51.441          1.2831
51.960          0.87671
52.480          0.70607
52.999          0.69655
