0.0000          0.78510
0.51960         1.1083
1.0392          1.4817
1.5588          1.2851
2.0784          0.87802
2.5980          0.70638
3.1176          0.69631
3.6372          0.83384
4.1568          1.2093
4.6764          1.4928
5.1960          1.1816
5.7156          0.81948
6.2352          0.69343
6.7548          0.71060
7.2744          0.89464
7.7940          1.3101
8.3136          1.4742
8.8332          1.0846
9.3528          0.77498
9.8724          0.68621
10.392          0.72889
10.912          0.95851
11.431          1.3893
11.951          1.4323
12.470          1.0072
12.990          0.74512
13.510          0.68439
14.029          0.75197
14.549          1.0261
15.068          1.4453
15.588          1.3708
16.108          0.94148
16.627          0.72368
17.147          0.68756
17.666          0.78517
18.186          1.1084
18.706          1.4817
19.225          1.2850
19.745          0.87796
20.264          0.70636
20.784          0.69631
21.304          0.83385
21.823          1.2093
22.343          1.4929
22.862          1.1816
23.382          0.81948
23.902          0.69343
24.421          0.71058
24.941          0.89456
25.460          1.3101
25.980          1.4743
26.500          1.0847
27.019          0.77503
27.539          0.68621
28.059          0.72883
28.578          0.95832
29.098          1.3891
29.617          1.4325
30.137          1.0074
30.657          0.74520
31.176          0.68438
31.696          0.75183
32.215          1.0258
32.735          1.4451
33.255          1.3712
33.774          0.94178
34.294          0.72377
34.813          0.68752
35.333          0.78494
35.853          1.1079
36.372          1.4816
36.892          1.2855
37.411          0.87829
37.931          0.70645
38.451          0.69626
38.970          0.83359
39.490          1.2088
40.009          1.4928
40.529          1.1820
41.049          0.81976
41.568          0.69349
42.088          0.71052
42.607          0.89435
43.127          1.3097
43.647          1.4743
44.166          1.0850
44.686          0.77518
45.205          0.68624
45.725          0.72880
46.245          0.95823
46.764          1.3890
47.284          1.4325
47.803          1.0075
48.323          0.74523
48.843          0.68439
49.362          0.75187
49.882          1.0259
50.401          1.4452
50.921          1.3710
51.441          0.94164
51.960          0.72373
52.480          0.68755
52.999          0.78510
