0.0000          0.74101
0.51960         0.99544
1.0392          1.4233
1.5588          1.4005
2.0784          0.96966
2.5980          0.73242
3.1176          0.68551
3.6372          0.76884
4.1568          1.0697
4.6764          1.4684
5.1960          1.3259
5.7156          0.90579
6.2352          0.71355
6.7548          0.69172
7.2744          0.81040
7.7940          1.1632
8.3136          1.4917
8.8332          1.2280
9.3528          0.84402
9.8724          0.69848
10.392          0.70369
10.912          0.86691
11.431          1.2674
11.951          1.4859
12.470          1.1252
12.990          0.79262
13.510          0.68868
14.029          0.72035
14.549          0.93014
15.068          1.3574
15.588          1.4533
16.108          1.0393
16.627          0.75690
17.147          0.68458
17.666          0.74090
18.186          0.99511
18.706          1.4230
19.225          1.4007
19.745          0.96991
20.264          0.73251
20.784          0.68552
21.304          0.76882
21.823          1.0696
22.343          1.4683
22.862          1.3259
23.382          0.90580
23.902          0.71356
24.421          0.69174
24.941          0.81051
25.460          1.1634
25.980          1.4916
26.500          1.2277
27.019          0.84387
27.539          0.69845
28.059          0.70376
28.578          0.86718
29.098          1.2678
29.617          1.4857
30.137          1.1247
30.657          0.79242
31.176          0.68866
31.696          0.72047
32.215          0.93055
32.735          1.3579
33.255          1.4529
33.774          1.0388
34.294          0.75670
34.813          0.68457
35.333          0.74108
35.853          0.99564
36.372          1.4234
36.892          1.4002
37.411          0.96939
37.931          0.73234
38.451          0.68555
38.970          0.76909
39.490          1.0703
40.009          1.4686
40.529          1.3252
41.049          0.90530
41.568          0.71342
42.088          0.69181
42.607          0.81086
43.127          1.1641
43.647          1.4917
44.166          1.2270
44.686          0.84347
45.205          0.69836
45.725          0.70383
46.245          0.86750
46.764          1.2683
47.284          1.4857
47.803          1.1243
48.323          0.79221
48.843          0.68862
49.362          0.72050
49.882          0.93067
50.401          1.3581
50.921          1.4530
51.441          1.0387
51.960          0.75668
52.480          0.68455
52.999          0.74101
