0.0000          1.3950
0.51960         1.4280
1.0392          1.0013
1.5588          0.74304
2.0784          0.68444
2.5980          0.75422
3.1176          1.0322
3.6372          1.4492
4.1568          1.3647
4.6764          0.93622
5.1960          0.72212
5.7156          0.68804
6.2352          0.78849
6.7548          1.1160
7.2744          1.4838
7.7940          1.2771
8.3136          0.87292
8.8332          0.70513
9.3528          0.69728
9.8724          0.83842
10.392          1.2178
10.912          1.4924
11.431          1.1732
11.951          0.81530
12.470          0.69263
12.990          0.71194
13.510          0.89974
14.029          1.3174
14.549          1.4716
15.068          1.0776
15.588          0.77210
16.108          0.68588
16.627          0.73054
17.147          0.96375
17.666          1.3946
18.186          1.4281
18.706          1.0016
19.225          0.74314
19.745          0.68447
20.264          0.75426
20.784          1.0323
21.304          1.4491
21.823          1.3645
22.343          0.93606
22.862          0.72208
23.382          0.68809
23.902          0.78875
24.421          1.1165
24.941          1.4838
25.460          1.2764
25.980          0.87249
26.500          0.70503
27.019          0.69739
27.539          0.83892
28.059          1.2187
28.578          1.4923
29.098          1.1722
29.617          0.81482
30.137          0.69255
30.657          0.71211
31.176          0.90038
31.696          1.3183
32.215          1.4712
32.735          1.0768
33.255          0.77174
33.774          0.68584
34.294          0.73075
34.813          0.96440
35.333          1.3953
35.853          1.4276
36.372          1.0009
36.892          0.74290
37.411          0.68447
37.931          0.75448
38.451          1.0329
38.970          1.4495
39.490          1.3639
40.009          0.93557
40.529          0.72193
41.049          0.68812
41.568          0.78898
42.088          1.1171
42.607          1.4840
43.127          1.2759
43.647          0.87218
44.166          0.70496
44.686          0.69742
45.205          0.83909
45.725          1.2190
46.245          1.4924
46.764          1.1720
47.284          0.81471
47.803          0.69252
48.323          0.71209
48.843          0.90035
49.362          1.3183
49.882          1.4713
50.401          1.0769
50.921          0.77179
51.441          0.68583
51.960          0.73064
52.480          0.96407
52.999          1.3950
