0.0000          1.0321         1.0230         1.0212         1.0214         1.0216         1.0217         1.0218         1.0218         1.0219         1.0220         1.0220         1.0220         1.0220         1.0220         1.0221         1.0221         1.0221         1.0221         1.0221         1.0221         1.0221         1.0221         1.0221         1.0221         1.0221         1.0221         1.0221         1.0221         1.0222         1.0222         1.0222
0.51960         1.1182         1.2321         1.2671         1.2700         1.2706         1.2708         1.2709         1.2710         1.2710         1.2711         1.2711         1.2711         1.2711         1.2711         1.2712         1.2712         1.2712         1.2712         1.2712         1.2712         1.2712         1.2712         1.2712         1.2712         1.2712         1.2712         1.2712         1.2712         1.2712         1.2712         1.2712
1.0392          1.1206         1.2401         1.2758         1.2783         1.2785         1.2785         1.2785         1.2785         1.2784         1.2784         1.2784         1.2784         1.2784         1.2784         1.2783         1.2783         1.2783         1.2783         1.2783         1.2783         1.2783         1.2783         1.2783         1.2783         1.2783         1.2783         1.2783         1.2783         1.2783         1.2783         1.2783
1.5588          1.0391         1.0351         1.0338         1.0332         1.0330         1.0328         1.0327         1.0326         1.0326         1.0325         1.0325         1.0325         1.0324         1.0324         1.0324         1.0324         1.0324         1.0324         1.0324         1.0324         1.0323         1.0323         1.0323         1.0323         1.0323         1.0323         1.0323         1.0323         1.0323         1.0323         1.0323
2.0784          0.94293        0.86439        0.84430        0.84262        0.84228        0.84216        0.84209        0.84205        0.84201        0.84198        0.84197        0.84196        0.84194        0.84193        0.84191        0.84191        0.84190        0.84190        0.84190        0.84189        0.84189        0.84189        0.84188        0.84188        0.84188        0.84187        0.84187        0.84187        0.84187        0.84187        0.84187
2.5980          0.89377        0.80342        0.78057        0.77887        0.77862        0.77856        0.77852        0.77851        0.77850        0.77849        0.77849        0.77849        0.77848        0.77848        0.77848        0.77848        0.77848        0.77848        0.77848        0.77847        0.77847        0.77847        0.77847        0.77847        0.77847        0.77847        0.77847        0.77847        0.77847        0.77847        0.77847
3.1176          0.91464        0.83257        0.81108        0.80958        0.80942        0.80941        0.80941        0.80943        0.80945        0.80946        0.80947        0.80947        0.80948        0.80949        0.80950        0.80950        0.80951        0.80951        0.80951        0.80951        0.80951        0.80952        0.80952        0.80952        0.80952        0.80953        0.80953        0.80953        0.80953        0.80953        0.80953
3.6372          0.99867        0.96516        0.95559        0.95505        0.95510        0.95520        0.95527        0.95533        0.95539        0.95543        0.95545        0.95548        0.95550        0.95553        0.95555        0.95556        0.95557        0.95558        0.95558        0.95559        0.95560        0.95560        0.95561        0.95562        0.95562        0.95563        0.95564        0.95564        0.95564        0.95564        0.95564
4.1568          1.0989         1.1817         1.2065         1.2086         1.2090         1.2092         1.2094         1.2094         1.2095         1.2096         1.2096         1.2096         1.2097         1.2097         1.2097         1.2097         1.2097         1.2097         1.2097         1.2098         1.2098         1.2098         1.2098         1.2098         1.2098         1.2098         1.2098         1.2098         1.2098         1.2098         1.2098
4.6764          1.1303         1.2680         1.3097         1.3127         1.3132         1.3132         1.3133         1.3132         1.3132         1.3132         1.3132         1.3132         1.3132         1.3132         1.3132         1.3132         1.3132         1.3132         1.3132         1.3132         1.3132         1.3132         1.3132         1.3132         1.3132         1.3132         1.3132         1.3132         1.3132         1.3132         1.3132
5.1960          1.0638         1.0988         1.1079         1.1083         1.1082         1.1081         1.1080         1.1079         1.1078         1.1078         1.1077         1.1077         1.1077         1.1076         1.1076         1.1076         1.1076         1.1076         1.1076         1.1076         1.1076         1.1076         1.1075         1.1075         1.1075         1.1075         1.1075         1.1075         1.1075         1.1075         1.1075
5.7156          0.96289        0.90120        0.88429        0.88289        0.88259        0.88247        0.88239        0.88234        0.88230        0.88226        0.88224        0.88223        0.88221        0.88219        0.88217        0.88216        0.88215        0.88215        0.88214        0.88214        0.88213        0.88213        0.88212        0.88212        0.88211        0.88211        0.88210        0.88210        0.88210        0.88210        0.88210
6.2352          0.89750        0.81110        0.78854        0.78689        0.78664        0.78657        0.78653        0.78651        0.78650        0.78649        0.78648        0.78648        0.78648        0.78647        0.78647        0.78646        0.78646        0.78646        0.78646        0.78646        0.78646        0.78646        0.78645        0.78645        0.78645        0.78645        0.78645        0.78645        0.78645        0.78645        0.78645
6.7548          0.89908        0.81527        0.79287        0.79128        0.79108        0.79105        0.79104        0.79104        0.79105        0.79106        0.79107        0.79107        0.79108        0.79108        0.79109        0.79109        0.79109        0.79110        0.79110        0.79110        0.79110        0.79110        0.79110        0.79111        0.79111        0.79111        0.79111        0.79111        0.79111        0.79111        0.79111
7.2744          0.96949        0.91574        0.90028        0.89916        0.89906        0.89909        0.89913        0.89917        0.89921        0.89924        0.89926        0.89928        0.89930        0.89932        0.89934        0.89935        0.89935        0.89936        0.89936        0.89937        0.89938        0.89938        0.89939        0.89939        0.89940        0.89940        0.89941        0.89941        0.89941        0.89941        0.89941
7.7940          1.0717         1.1203         1.1334         1.1343         1.1345         1.1347         1.1348         1.1348         1.1349         1.1350         1.1350         1.1350         1.1350         1.1351         1.1351         1.1351         1.1351         1.1351         1.1351         1.1352         1.1352         1.1352         1.1352         1.1352         1.1352         1.1352         1.1352         1.1352         1.1352         1.1352         1.1352
8.3136          1.1275         1.2719         1.3147         1.3179         1.3184         1.3185         1.3186         1.3186         1.3186         1.3186         1.3186         1.3186         1.3186         1.3187         1.3187         1.3187         1.3187         1.3187         1.3187         1.3187         1.3187         1.3187         1.3187         1.3187         1.3187         1.3187         1.3187         1.3187         1.3187         1.3187         1.3187
8.8332          1.0890         1.1619         1.1829         1.1844         1.1845         1.1845         1.1844         1.1844         1.1843         1.1843         1.1843         1.1842         1.1842         1.1842         1.1841         1.1841         1.1841         1.1841         1.1841         1.1841         1.1841         1.1841         1.1841         1.1841         1.1841         1.1841         1.1840         1.1840         1.1840         1.1840         1.1840
9.3528          0.99260        0.94768        0.93582        0.93490        0.93471        0.93462        0.93455        0.93450        0.93446        0.93442        0.93440        0.93438        0.93436        0.93434        0.93432        0.93431        0.93430        0.93429        0.93429        0.93428        0.93428        0.93427        0.93426        0.93426        0.93425        0.93425        0.93424        0.93424        0.93424        0.93424        0.93423
9.8724          0.91273        0.82603        0.80403        0.80243        0.80220        0.80212        0.80208        0.80206        0.80204        0.80203        0.80203        0.80202        0.80201        0.80201        0.80200        0.80200        0.80199        0.80199        0.80199        0.80199        0.80199        0.80199        0.80198        0.80198        0.80198        0.80198        0.80198        0.80198        0.80198        0.80198        0.80197
10.392          0.89465        0.80531        0.78241        0.78074        0.78051        0.78047        0.78044        0.78044        0.78045        0.78045        0.78045        0.78045        0.78046        0.78046        0.78046        0.78046        0.78047        0.78047        0.78047        0.78047        0.78047        0.78047        0.78047        0.78047        0.78047        0.78047        0.78047        0.78047        0.78047        0.78047        0.78047
10.912          0.94622        0.87566        0.85644        0.85495        0.85475        0.85473        0.85474        0.85476        0.85478        0.85480        0.85481        0.85482        0.85483        0.85485        0.85486        0.85487        0.85487        0.85487        0.85488        0.85488        0.85488        0.85489        0.85489        0.85490        0.85490        0.85490        0.85491        0.85491        0.85491        0.85491        0.85491
11.431          1.0448         1.0560         1.0581         1.0581         1.0581         1.0582         1.0583         1.0583         1.0584         1.0584         1.0584         1.0584         1.0585         1.0585         1.0585         1.0585         1.0585         1.0585         1.0585         1.0585         1.0585         1.0585         1.0586         1.0586         1.0586         1.0586         1.0586         1.0586         1.0586         1.0586         1.0586
11.951          1.1222         1.2517         1.2902         1.2931         1.2935         1.2936         1.2937         1.2937         1.2938         1.2938         1.2938         1.2938         1.2938         1.2938         1.2938         1.2938         1.2938         1.2938         1.2939         1.2939         1.2939         1.2939         1.2939         1.2939         1.2939         1.2939         1.2939         1.2939         1.2939         1.2939         1.2939
12.470          1.1080         1.2169         1.2488         1.2513         1.2516         1.2517         1.2517         1.2516         1.2516         1.2516         1.2516         1.2515         1.2515         1.2515         1.2515         1.2515         1.2515         1.2515         1.2515         1.2515         1.2515         1.2515         1.2515         1.2514         1.2514         1.2514         1.2514         1.2514         1.2514         1.2514         1.2514
12.990          1.0194         1.0029         0.99805        0.99770        0.99763        0.99758        0.99754        0.99750        0.99746        0.99743        0.99742        0.99740        0.99738        0.99736        0.99734        0.99733        0.99733        0.99732        0.99732        0.99731        0.99731        0.99730        0.99730        0.99729        0.99729        0.99728        0.99728        0.99728        0.99727        0.99727        0.99727
13.510          0.92876        0.84876        0.82803        0.82650        0.82627        0.82620        0.82616        0.82614        0.82612        0.82611        0.82610        0.82610        0.82609        0.82608        0.82608        0.82607        0.82607        0.82607        0.82607        0.82607        0.82607        0.82606        0.82606        0.82606        0.82606        0.82606        0.82606        0.82605        0.82605        0.82605        0.82605
14.029          0.88841        0.80221        0.77929        0.77760        0.77735        0.77729        0.77726        0.77726        0.77726        0.77726        0.77726        0.77726        0.77726        0.77726        0.77726        0.77726        0.77726        0.77726        0.77726        0.77726        0.77726        0.77726        0.77726        0.77726        0.77726        0.77726        0.77726        0.77726        0.77726        0.77726        0.77726
14.549          0.91986        0.84506        0.82389        0.82227        0.82204        0.82199        0.82198        0.82198        0.82199        0.82200        0.82201        0.82201        0.82202        0.82202        0.82203        0.82203        0.82203        0.82204        0.82204        0.82204        0.82204        0.82204        0.82205        0.82205        0.82205        0.82205        0.82205        0.82205        0.82205        0.82206        0.82206
15.068          1.0133         0.99481        0.98824        0.98764        0.98755        0.98756        0.98757        0.98760        0.98762        0.98763        0.98765        0.98766        0.98767        0.98768        0.98769        0.98770        0.98770        0.98771        0.98771        0.98771        0.98772        0.98772        0.98772        0.98773        0.98773        0.98774        0.98774        0.98774        0.98774        0.98774        0.98774
15.588          1.1072         1.2103         1.2400         1.2422         1.2425         1.2426         1.2427         1.2427         1.2428         1.2428         1.2428         1.2428         1.2428         1.2428         1.2428         1.2428         1.2428         1.2428         1.2428         1.2428         1.2428         1.2428         1.2428         1.2429         1.2429         1.2429         1.2429         1.2429         1.2429         1.2429         1.2429
16.108          1.1211         1.2561         1.2956         1.2986         1.2991         1.2991         1.2992         1.2992         1.2992         1.2992         1.2992         1.2992         1.2992         1.2992         1.2991         1.2991         1.2991         1.2991         1.2991         1.2991         1.2991         1.2991         1.2991         1.2991         1.2991         1.2991         1.2991         1.2991         1.2991         1.2991         1.2991
16.627          1.0455         1.0649         1.0691         1.0694         1.0694         1.0694         1.0694         1.0693         1.0693         1.0693         1.0693         1.0693         1.0693         1.0693         1.0693         1.0693         1.0693         1.0692         1.0692         1.0692         1.0692         1.0692         1.0692         1.0692         1.0692         1.0692         1.0692         1.0692         1.0692         1.0692         1.0692
17.147          0.94820        0.88062        0.86227        0.86086        0.86064        0.86059        0.86055        0.86054        0.86053        0.86052        0.86051        0.86051        0.86051        0.86050        0.86050        0.86050        0.86050        0.86050        0.86049        0.86049        0.86049        0.86049        0.86049        0.86049        0.86049        0.86049        0.86049        0.86049        0.86049        0.86049        0.86049
17.666          0.89246        0.80617        0.78355        0.78188        0.78163        0.78157        0.78154        0.78153        0.78153        0.78153        0.78153        0.78153        0.78153        0.78153        0.78153        0.78153        0.78153        0.78153        0.78153        0.78153        0.78153        0.78153        0.78153        0.78153        0.78153        0.78153        0.78153        0.78153        0.78153        0.78153        0.78153
18.186          0.90745        0.82325        0.80122        0.79959        0.79935        0.79930        0.79927        0.79927        0.79927        0.79927        0.79927        0.79928        0.79928        0.79928        0.79928        0.79928        0.79928        0.79928        0.79928        0.79928        0.79929        0.79929        0.79929        0.79929        0.79929        0.79929        0.79929        0.79929        0.79929        0.79929        0.79929
18.706          0.98913        0.94015        0.92728        0.92630        0.92616        0.92614        0.92613        0.92613        0.92613        0.92613        0.92613        0.92614        0.92614        0.92614        0.92614        0.92614        0.92614        0.92614        0.92614        0.92614        0.92614        0.92615        0.92615        0.92615        0.92615        0.92615        0.92615        0.92615        0.92615        0.92615        0.92615
19.225          1.0900         1.1530         1.1717         1.1731         1.1734         1.1734         1.1735         1.1735         1.1735         1.1735         1.1735         1.1735         1.1735         1.1735         1.1735         1.1735         1.1735         1.1735         1.1735         1.1735         1.1735         1.1735         1.1735         1.1735         1.1735         1.1735         1.1735         1.1735         1.1735         1.1735         1.1735
19.745          1.1334         1.2733         1.3159         1.3191         1.3196         1.3197         1.3198         1.3198         1.3198         1.3198         1.3198         1.3198         1.3198         1.3198         1.3198         1.3198         1.3198         1.3198         1.3198         1.3198         1.3198         1.3198         1.3198         1.3198         1.3198         1.3198         1.3198         1.3198         1.3198         1.3198         1.3198
20.264          1.0816         1.1302         1.1450         1.1460         1.1461         1.1461         1.1461         1.1461         1.1461         1.1461         1.1461         1.1461         1.1461         1.1461         1.1461         1.1461         1.1461         1.1462         1.1462         1.1462         1.1462         1.1462         1.1462         1.1462         1.1462         1.1462         1.1462         1.1462         1.1462         1.1462         1.1462
20.784          0.98140        0.92266        0.90809        0.90692        0.90672        0.90668        0.90666        0.90666        0.90666        0.90666        0.90666        0.90666        0.90667        0.90667        0.90667        0.90667        0.90667        0.90668        0.90668        0.90668        0.90668        0.90668        0.90668        0.90668        0.90668        0.90668        0.90668        0.90668        0.90668        0.90668        0.90668
21.304          0.90484        0.81731        0.79519        0.79354        0.79329        0.79324        0.79321        0.79321        0.79320        0.79320        0.79321        0.79321        0.79321        0.79321        0.79321        0.79322        0.79322        0.79322        0.79322        0.79322        0.79322        0.79322        0.79322        0.79322        0.79322        0.79322        0.79322        0.79322        0.79322        0.79322        0.79322
21.823          0.89514        0.80917        0.78684        0.78520        0.78497        0.78491        0.78488        0.78487        0.78487        0.78487        0.78487        0.78487        0.78487        0.78487        0.78487        0.78487        0.78487        0.78487        0.78487        0.78487        0.78487        0.78487        0.78487        0.78487        0.78487        0.78487        0.78487        0.78487        0.78487        0.78487        0.78487
22.343          0.95939        0.89430        0.87728        0.87601        0.87583        0.87578        0.87576        0.87574        0.87573        0.87572        0.87572        0.87571        0.87571        0.87570        0.87570        0.87569        0.87569        0.87569        0.87569        0.87569        0.87569        0.87569        0.87568        0.87568        0.87568        0.87568        0.87568        0.87568        0.87568        0.87568        0.87568
22.862          1.0637         1.0883         1.0960         1.0966         1.0967         1.0967         1.0967         1.0967         1.0967         1.0967         1.0967         1.0967         1.0967         1.0966         1.0966         1.0966         1.0966         1.0966         1.0966         1.0966         1.0966         1.0966         1.0966         1.0966         1.0966         1.0966         1.0966         1.0966         1.0966         1.0966         1.0966
23.382          1.1317         1.2655         1.3062         1.3093         1.3098         1.3099         1.3100         1.3100         1.3100         1.3100         1.3100         1.3100         1.3100         1.3099         1.3099         1.3099         1.3099         1.3099         1.3099         1.3099         1.3099         1.3099         1.3099         1.3099         1.3099         1.3099         1.3099         1.3099         1.3099         1.3099         1.3099
23.902          1.1039         1.1916         1.2172         1.2190         1.2193         1.2193         1.2194         1.2194         1.2194         1.2195         1.2195         1.2195         1.2195         1.2195         1.2195         1.2195         1.2195         1.2195         1.2195         1.2195         1.2195         1.2195         1.2195         1.2195         1.2196         1.2196         1.2196         1.2196         1.2196         1.2196         1.2196
24.421          1.0075         0.97429        0.96524        0.96443        0.96429        0.96429        0.96430        0.96432        0.96434        0.96436        0.96437        0.96438        0.96439        0.96441        0.96442        0.96442        0.96443        0.96443        0.96443        0.96444        0.96444        0.96445        0.96445        0.96445        0.96446        0.96446        0.96446        0.96446        0.96447        0.96447        0.96447
24.941          0.91741        0.83597        0.81467        0.81305        0.81281        0.81277        0.81275        0.81276        0.81277        0.81277        0.81278        0.81279        0.81279        0.81280        0.81280        0.81281        0.81281        0.81281        0.81281        0.81281        0.81282        0.81282        0.81282        0.81282        0.81282        0.81282        0.81283        0.81283        0.81283        0.81283        0.81283
25.460          0.88594        0.80238        0.77992        0.77826        0.77803        0.77797        0.77795        0.77794        0.77794        0.77794        0.77794        0.77794        0.77794        0.77794        0.77794        0.77794        0.77794        0.77794        0.77794        0.77794        0.77794        0.77794        0.77794        0.77794        0.77794        0.77794        0.77794        0.77794        0.77794        0.77794        0.77794
25.980          0.92868        0.85861        0.83901        0.83757        0.83735        0.83729        0.83725        0.83722        0.83720        0.83719        0.83718        0.83717        0.83717        0.83716        0.83715        0.83715        0.83714        0.83714        0.83714        0.83714        0.83713        0.83713        0.83713        0.83713        0.83713        0.83712        0.83712        0.83712        0.83712        0.83712        0.83712
26.500          1.0280         1.0244         1.0227         1.0226         1.0226         1.0225         1.0225         1.0224         1.0224         1.0224         1.0224         1.0223         1.0223         1.0223         1.0223         1.0223         1.0223         1.0222         1.0222         1.0222         1.0222         1.0222         1.0222         1.0222         1.0222         1.0222         1.0222         1.0222         1.0222         1.0222         1.0222
27.019          1.1167         1.2339         1.2684         1.2710         1.2714         1.2715         1.2715         1.2714         1.2714         1.2714         1.2714         1.2714         1.2714         1.2713         1.2713         1.2713         1.2713         1.2713         1.2713         1.2713         1.2713         1.2713         1.2713         1.2713         1.2713         1.2713         1.2713         1.2713         1.2713         1.2713         1.2713
27.539          1.1191         1.2399         1.2748         1.2774         1.2778         1.2779         1.2780         1.2781         1.2781         1.2781         1.2781         1.2782         1.2782         1.2782         1.2782         1.2782         1.2782         1.2782         1.2782         1.2782         1.2782         1.2782         1.2782         1.2782         1.2782         1.2782         1.2783         1.2783         1.2783         1.2783         1.2783
28.059          1.0371         1.0335         1.0320         1.0318         1.0318         1.0319         1.0319         1.0320         1.0320         1.0320         1.0321         1.0321         1.0321         1.0321         1.0322         1.0322         1.0322         1.0322         1.0322         1.0322         1.0322         1.0322         1.0322         1.0322         1.0322         1.0322         1.0323         1.0323         1.0323         1.0323         1.0323
28.578          0.94094        0.86311        0.84337        0.84188        0.84168        0.84167        0.84167        0.84170        0.84172        0.84174        0.84175        0.84176        0.84177        0.84178        0.84180        0.84180        0.84181        0.84181        0.84181        0.84182        0.84182        0.84182        0.84183        0.84183        0.84183        0.84184        0.84184        0.84184        0.84184        0.84184        0.84184
29.098          0.89299        0.80281        0.78036        0.77873        0.77851        0.77847        0.77844        0.77844        0.77844        0.77845        0.77845        0.77845        0.77845        0.77845        0.77846        0.77846        0.77846        0.77846        0.77846        0.77846        0.77846        0.77846        0.77846        0.77846        0.77846        0.77846        0.77846        0.77846        0.77847        0.77847        0.77847
29.617          0.91466        0.83275        0.81160        0.81004        0.80980        0.80972        0.80967        0.80965        0.80963        0.80962        0.80961        0.80960        0.80959        0.80958        0.80957        0.80957        0.80957        0.80957        0.80956        0.80956        0.80956        0.80956        0.80956        0.80955        0.80955        0.80955        0.80955        0.80955        0.80955        0.80954        0.80954
30.137          1.0004         0.96657        0.95723        0.95644        0.95623        0.95613        0.95605        0.95599        0.95593        0.95590        0.95587        0.95585        0.95582        0.95580        0.95577        0.95576        0.95576        0.95575        0.95574        0.95574        0.95573        0.95572        0.95572        0.95571        0.95570        0.95570        0.95569        0.95569        0.95569        0.95569        0.95569
30.657          1.1015         1.1838         1.2085         1.2102         1.2104         1.2103         1.2103         1.2102         1.2102         1.2101         1.2101         1.2101         1.2100         1.2100         1.2100         1.2100         1.2100         1.2099         1.2099         1.2099         1.2099         1.2099         1.2099         1.2099         1.2099         1.2099         1.2099         1.2099         1.2099         1.2099         1.2099
31.176          1.1315         1.2682         1.3092         1.3123         1.3128         1.3129         1.3130         1.3130         1.3131         1.3131         1.3131         1.3131         1.3131         1.3131         1.3131         1.3131         1.3131         1.3131         1.3131         1.3131         1.3131         1.3131         1.3131         1.3131         1.3131         1.3131         1.3131         1.3131         1.3131         1.3131         1.3131
31.696          1.0636         1.0970         1.1058         1.1065         1.1067         1.1069         1.1070         1.1070         1.1071         1.1072         1.1072         1.1072         1.1073         1.1073         1.1073         1.1073         1.1073         1.1074         1.1074         1.1074         1.1074         1.1074         1.1074         1.1074         1.1074         1.1074         1.1074         1.1074         1.1074         1.1074         1.1074
32.215          0.96343        0.89960        0.88293        0.88178        0.88170        0.88174        0.88178        0.88183        0.88187        0.88190        0.88192        0.88194        0.88195        0.88197        0.88199        0.88200        0.88201        0.88201        0.88202        0.88202        0.88203        0.88203        0.88204        0.88204        0.88205        0.88205        0.88206        0.88206        0.88206        0.88206        0.88206
32.735          0.90007        0.81037        0.78816        0.78661        0.78642        0.78639        0.78638        0.78638        0.78639        0.78640        0.78640        0.78641        0.78641        0.78642        0.78642        0.78642        0.78642        0.78643        0.78643        0.78643        0.78643        0.78643        0.78643        0.78643        0.78644        0.78644        0.78644        0.78644        0.78644        0.78644        0.78644
33.255          0.90110        0.81541        0.79326        0.79162        0.79136        0.79128        0.79123        0.79121        0.79119        0.79118        0.79117        0.79116        0.79116        0.79115        0.79114        0.79114        0.79114        0.79114        0.79114        0.79114        0.79113        0.79113        0.79113        0.79113        0.79113        0.79113        0.79112        0.79112        0.79112        0.79112        0.79112
33.774          0.97072        0.91713        0.90175        0.90036        0.90002        0.89988        0.89979        0.89973        0.89967        0.89964        0.89962        0.89959        0.89957        0.89955        0.89953        0.89952        0.89951        0.89951        0.89950        0.89950        0.89949        0.89948        0.89948        0.89947        0.89947        0.89946        0.89946        0.89946        0.89945        0.89945        0.89945
34.294          1.0744         1.1228         1.1356         1.1361         1.1360         1.1359         1.1358         1.1357         1.1356         1.1356         1.1355         1.1355         1.1355         1.1354         1.1354         1.1354         1.1354         1.1354         1.1354         1.1353         1.1353         1.1353         1.1353         1.1353         1.1353         1.1353         1.1353         1.1353         1.1353         1.1353         1.1353
34.813          1.1328         1.2726         1.3150         1.3181         1.3186         1.3187         1.3187         1.3187         1.3187         1.3187         1.3187         1.3187         1.3187         1.3187         1.3187         1.3187         1.3187         1.3187         1.3187         1.3187         1.3187         1.3187         1.3187         1.3187         1.3187         1.3187         1.3187         1.3187         1.3187         1.3187         1.3187
35.333          1.0918         1.1599         1.1807         1.1827         1.1831         1.1833         1.1835         1.1836         1.1837         1.1837         1.1837         1.1838         1.1838         1.1838         1.1839         1.1839         1.1839         1.1839         1.1839         1.1839         1.1839         1.1839         1.1839         1.1840         1.1840         1.1840         1.1840         1.1840         1.1840         1.1840         1.1840
35.853          0.99147        0.94572        0.93418        0.93360        0.93367        0.93376        0.93384        0.93390        0.93396        0.93399        0.93402        0.93404        0.93406        0.93409        0.93411        0.93412        0.93413        0.93413        0.93414        0.93415        0.93415        0.93416        0.93416        0.93417        0.93418        0.93418        0.93419        0.93419        0.93419        0.93419        0.93420
36.372          0.91190        0.82525        0.80352        0.80204        0.80188        0.80187        0.80186        0.80188        0.80189        0.80190        0.80191        0.80192        0.80192        0.80193        0.80194        0.80194        0.80194        0.80194        0.80195        0.80195        0.80195        0.80195        0.80195        0.80196        0.80196        0.80196        0.80196        0.80196        0.80196        0.80196        0.80196
36.892          0.89447        0.80558        0.78266        0.78094        0.78067        0.78059        0.78055        0.78053        0.78052        0.78051        0.78051        0.78050        0.78050        0.78050        0.78049        0.78049        0.78049        0.78049        0.78049        0.78049        0.78049        0.78049        0.78049        0.78048        0.78048        0.78048        0.78048        0.78048        0.78048        0.78048        0.78048
37.411          0.94808        0.87708        0.85750        0.85577        0.85540        0.85527        0.85518        0.85514        0.85509        0.85506        0.85505        0.85503        0.85502        0.85500        0.85499        0.85498        0.85498        0.85497        0.85497        0.85497        0.85496        0.85496        0.85495        0.85495        0.85495        0.85494        0.85494        0.85494        0.85494        0.85494        0.85494
37.931          1.0500         1.0583         1.0600         1.0596         1.0593         1.0592         1.0591         1.0590         1.0589         1.0589         1.0588         1.0588         1.0588         1.0588         1.0587         1.0587         1.0587         1.0587         1.0587         1.0587         1.0587         1.0587         1.0587         1.0587         1.0587         1.0586         1.0586         1.0586         1.0586         1.0586         1.0586
38.451          1.1259         1.2524         1.2910         1.2937         1.2940         1.2941         1.2941         1.2940         1.2940         1.2940         1.2940         1.2940         1.2940         1.2940         1.2939         1.2939         1.2939         1.2939         1.2939         1.2939         1.2939         1.2939         1.2939         1.2939         1.2939         1.2939         1.2939         1.2939         1.2939         1.2939         1.2939
38.970          1.1109         1.2149         1.2473         1.2501         1.2507         1.2509         1.2510         1.2511         1.2512         1.2512         1.2512         1.2513         1.2513         1.2513         1.2513         1.2513         1.2513         1.2513         1.2513         1.2514         1.2514         1.2514         1.2514         1.2514         1.2514         1.2514         1.2514         1.2514         1.2514         1.2514         1.2514
39.490          1.0224         1.0010         0.99657        0.99654        0.99670        0.99682        0.99690        0.99696        0.99702        0.99705        0.99707        0.99710        0.99712        0.99714        0.99716        0.99717        0.99718        0.99718        0.99719        0.99719        0.99720        0.99720        0.99721        0.99721        0.99722        0.99723        0.99723        0.99723        0.99723        0.99723        0.99724
40.009          0.93182        0.84838        0.82755        0.82610        0.82595        0.82594        0.82594        0.82595        0.82597        0.82598        0.82599        0.82599        0.82600        0.82601        0.82602        0.82602        0.82602        0.82602        0.82602        0.82603        0.82603        0.82603        0.82603        0.82603        0.82604        0.82604        0.82604        0.82604        0.82604        0.82604        0.82604
40.529          0.89488        0.80285        0.77945        0.77768        0.77742        0.77735        0.77731        0.77730        0.77729        0.77728        0.77728        0.77728        0.77728        0.77727        0.77727        0.77727        0.77727        0.77727        0.77727        0.77727        0.77727        0.77727        0.77727        0.77727        0.77727        0.77727        0.77727        0.77727        0.77727        0.77727        0.77727
41.049          0.92800        0.84632        0.82450        0.82271        0.82238        0.82227        0.82221        0.82218        0.82215        0.82214        0.82213        0.82212        0.82211        0.82210        0.82210        0.82209        0.82209        0.82209        0.82209        0.82208        0.82208        0.82208        0.82208        0.82208        0.82207        0.82207        0.82207        0.82207        0.82207        0.82207        0.82207
41.568          1.0175         0.99612        0.98925        0.98843        0.98817        0.98807        0.98800        0.98796        0.98792        0.98789        0.98788        0.98786        0.98785        0.98783        0.98782        0.98781        0.98781        0.98780        0.98780        0.98779        0.98779        0.98779        0.98778        0.98778        0.98778        0.98777        0.98777        0.98777        0.98777        0.98777        0.98777
42.088          1.1102         1.2101         1.2406         1.2428         1.2430         1.2430         1.2430         1.2430         1.2430         1.2430         1.2430         1.2429         1.2429         1.2429         1.2429         1.2429         1.2429         1.2429         1.2429         1.2429         1.2429         1.2429         1.2429         1.2429         1.2429         1.2429         1.2429         1.2429         1.2429         1.2429         1.2429
42.607          1.1240         1.2544         1.2949         1.2982         1.2987         1.2989         1.2990         1.2990         1.2990         1.2990         1.2991         1.2991         1.2991         1.2991         1.2991         1.2991         1.2991         1.2991         1.2991         1.2991         1.2991         1.2991         1.2991         1.2991         1.2991         1.2991         1.2991         1.2991         1.2991         1.2991         1.2991
43.127          1.0474         1.0640         1.0683         1.0687         1.0689         1.0690         1.0690         1.0690         1.0691         1.0691         1.0691         1.0691         1.0691         1.0691         1.0692         1.0692         1.0692         1.0692         1.0692         1.0692         1.0692         1.0692         1.0692         1.0692         1.0692         1.0692         1.0692         1.0692         1.0692         1.0692         1.0692
43.647          0.95161        0.88101        0.86208        0.86066        0.86047        0.86044        0.86043        0.86044        0.86044        0.86045        0.86045        0.86045        0.86046        0.86046        0.86046        0.86047        0.86047        0.86047        0.86047        0.86047        0.86047        0.86047        0.86047        0.86047        0.86048        0.86048        0.86048        0.86048        0.86048        0.86048        0.86048
44.166          0.89601        0.80707        0.78372        0.78195        0.78168        0.78161        0.78157        0.78156        0.78155        0.78154        0.78154        0.78154        0.78154        0.78154        0.78154        0.78154        0.78153        0.78153        0.78153        0.78153        0.78153        0.78153        0.78153        0.78153        0.78153        0.78153        0.78153        0.78153        0.78153        0.78153        0.78153
44.686          0.90743        0.82411        0.80148        0.79975        0.79948        0.79940        0.79935        0.79934        0.79933        0.79932        0.79932        0.79931        0.79931        0.79931        0.79930        0.79930        0.79930        0.79930        0.79930        0.79930        0.79930        0.79930        0.79930        0.79930        0.79930        0.79930        0.79930        0.79929        0.79929        0.79929        0.79929
45.205          0.98462        0.94040        0.92744        0.92642        0.92625        0.92621        0.92619        0.92618        0.92618        0.92617        0.92617        0.92617        0.92616        0.92616        0.92616        0.92616        0.92616        0.92616        0.92616        0.92616        0.92616        0.92616        0.92616        0.92615        0.92615        0.92615        0.92615        0.92615        0.92615        0.92615        0.92615
45.725          1.0843         1.1519         1.1715         1.1731         1.1733         1.1734         1.1734         1.1735         1.1735         1.1735         1.1735         1.1735         1.1735         1.1735         1.1735         1.1735         1.1735         1.1735         1.1735         1.1735         1.1735         1.1735         1.1735         1.1735         1.1735         1.1735         1.1735         1.1735         1.1735         1.1735         1.1735
46.245          1.1262         1.2719         1.3156         1.3190         1.3195         1.3196         1.3197         1.3197         1.3197         1.3197         1.3198         1.3198         1.3198         1.3198         1.3198         1.3198         1.3198         1.3198         1.3198         1.3198         1.3198         1.3198         1.3198         1.3198         1.3198         1.3198         1.3198         1.3198         1.3198         1.3198         1.3198
46.764          1.0734         1.1303         1.1451         1.1461         1.1462         1.1462         1.1462         1.1462         1.1462         1.1462         1.1462         1.1462         1.1462         1.1462         1.1462         1.1462         1.1462         1.1462         1.1462         1.1462         1.1462         1.1462         1.1462         1.1462         1.1462         1.1462         1.1462         1.1462         1.1462         1.1462         1.1462
47.284          0.97585        0.92371        0.90846        0.90714        0.90689        0.90681        0.90677        0.90675        0.90674        0.90673        0.90672        0.90672        0.90671        0.90671        0.90670        0.90670        0.90670        0.90670        0.90670        0.90670        0.90670        0.90670        0.90670        0.90669        0.90669        0.90669        0.90669        0.90669        0.90669        0.90669        0.90669
47.803          0.90196        0.81828        0.79549        0.79372        0.79343        0.79334        0.79330        0.79328        0.79327        0.79326        0.79325        0.79325        0.79325        0.79324        0.79324        0.79324        0.79324        0.79324        0.79324        0.79324        0.79323        0.79323        0.79323        0.79323        0.79323        0.79323        0.79323        0.79323        0.79323        0.79323        0.79323
48.323          0.89195        0.80974        0.78693        0.78523        0.78499        0.78492        0.78489        0.78488        0.78488        0.78487        0.78487        0.78487        0.78487        0.78487        0.78487        0.78487        0.78487        0.78487        0.78487        0.78487        0.78487        0.78487        0.78487        0.78487        0.78487        0.78487        0.78487        0.78487        0.78487        0.78487        0.78487
48.843          0.95289        0.89408        0.87689        0.87569        0.87557        0.87557        0.87558        0.87559        0.87561        0.87561        0.87562        0.87563        0.87563        0.87564        0.87565        0.87565        0.87565        0.87565        0.87565        0.87565        0.87566        0.87566        0.87566        0.87566        0.87566        0.87566        0.87567        0.87567        0.87567        0.87567        0.87567
49.362          1.0551         1.0868         1.0950         1.0959         1.0961         1.0962         1.0963         1.0964         1.0964         1.0964         1.0964         1.0965         1.0965         1.0965         1.0965         1.0965         1.0965         1.0965         1.0965         1.0965         1.0965         1.0965         1.0965         1.0965         1.0965         1.0966         1.0966         1.0966         1.0966         1.0966         1.0966
49.882          1.1259         1.2640         1.3056         1.3090         1.3095         1.3097         1.3098         1.3098         1.3098         1.3099         1.3099         1.3099         1.3099         1.3099         1.3099         1.3099         1.3099         1.3099         1.3099         1.3099         1.3099         1.3099         1.3099         1.3099         1.3099         1.3099         1.3099         1.3099         1.3099         1.3099         1.3099
50.401          1.1012         1.1920         1.2180         1.2197         1.2198         1.2198         1.2198         1.2198         1.2197         1.2197         1.2197         1.2197         1.2197         1.2196         1.2196         1.2196         1.2196         1.2196         1.2196         1.2196         1.2196         1.2196         1.2196         1.2196         1.2196         1.2196         1.2196         1.2196         1.2196         1.2196         1.2196
50.921          1.0065         0.97568        0.96631        0.96526        0.96495        0.96483        0.96475        0.96470        0.96465        0.96463        0.96461        0.96459        0.96458        0.96456        0.96455        0.96454        0.96454        0.96453        0.96453        0.96452        0.96452        0.96452        0.96451        0.96451        0.96450        0.96450        0.96450        0.96450        0.96449        0.96449        0.96449
51.441          0.91933        0.83703        0.81523        0.81346        0.81314        0.81304        0.81297        0.81295        0.81292        0.81291        0.81290        0.81289        0.81288        0.81287        0.81287        0.81286        0.81286        0.81286        0.81286        0.81286        0.81285        0.81285        0.81285        0.81285        0.81285        0.81284        0.81284        0.81284        0.81284        0.81284        0.81284
51.960          0.88911        0.80290        0.78000        0.77830        0.77806        0.77799        0.77796        0.77795        0.77795        0.77794        0.77794        0.77794        0.77794        0.77794        0.77794        0.77794        0.77794        0.77794        0.77794        0.77794        0.77794        0.77794        0.77794        0.77794        0.77794        0.77794        0.77794        0.77794        0.77794        0.77794        0.77794
52.480          0.93346        0.85838        0.83845        0.83708        0.83695        0.83696        0.83697        0.83699        0.83701        0.83702        0.83703        0.83704        0.83705        0.83706        0.83707        0.83708        0.83708        0.83708        0.83708        0.83708        0.83709        0.83709        0.83709        0.83709        0.83710        0.83710        0.83710        0.83710        0.83710        0.83710        0.83710
52.999          1.0321         1.0230         1.0212         1.0214         1.0216         1.0217         1.0218         1.0218         1.0219         1.0220         1.0220         1.0220         1.0220         1.0220         1.0221         1.0221         1.0221         1.0221         1.0221         1.0221         1.0221         1.0221         1.0221         1.0221         1.0221         1.0221         1.0221         1.0221         1.0222         1.0222         1.0222
