0.0000          1.0354         1.0229         1.0211         1.0188         1.0166         1.0143         1.0118         1.0087         1.0047         0.99927        0.99159        0.97867        0.95403        0.90197        0.81477        0.78585        0.78813        0.79249        0.79712        0.80125        0.80487        0.80800        0.81064        0.81281        0.81458        0.81599        0.81711        0.81797        0.81864        0.81916        0.81959
0.51960         1.1184         1.1487         1.1703         1.1821         1.1863         1.1860         1.1831         1.1785         1.1720         1.1633         1.1511         1.1310         1.0928         1.0136         0.87988        0.81006        0.79081        0.78250        0.77867        0.77666        0.77568        0.77533        0.77534        0.77551        0.77579        0.77609        0.77638        0.77656        0.77668        0.77679        0.77686
1.0392          1.1283         1.1674         1.1957         1.2129         1.2211         1.2243         1.2249         1.2242         1.2227         1.2208         1.2179         1.2129         1.2023         1.1673         1.0701         0.96818        0.91688        0.88844        0.87071        0.85865        0.85010        0.84402        0.83964        0.83647        0.83422        0.83262        0.83147        0.83049        0.82968        0.82913        0.82864
1.5588          1.0588         1.0559         1.0638         1.0694         1.0733         1.0765         1.0796         1.0831         1.0877         1.0938         1.1024         1.1166         1.1431         1.1939         1.2558         1.2231         1.1697         1.1298         1.0999         1.0771         1.0595         1.0459         1.0353         1.0271         1.0209         1.0162         1.0126         1.0098         1.0075         1.0059         1.0045
2.0784          0.96391        0.93362        0.92346        0.91819        0.91682        0.91769        0.91997        0.92336        0.92803        0.93425        0.94295        0.95739        0.98490        1.0487         1.1849         1.2835         1.3119         1.3163         1.3124         1.3056         1.2981         1.2907         1.2838         1.2778         1.2727         1.2685         1.2652         1.2627         1.2608         1.2593         1.2580
2.5980          0.90045        0.87101        0.85446        0.84516        0.84126        0.84039        0.84114        0.84277        0.84510        0.84811        0.85215        0.85854        0.87022        0.89673        0.96284        1.0565         1.1259         1.1728         1.2052         1.2285         1.2455         1.2578         1.2668         1.2734         1.2780         1.2813         1.2837         1.2857         1.2873         1.2884         1.2893
3.1176          0.89453        0.86851        0.85061        0.83999        0.83481        0.83264        0.83195        0.83183        0.83182        0.83174        0.83153        0.83083        0.82915        0.82541        0.82368        0.85111        0.88821        0.91972        0.94587        0.96742        0.98513        0.99969        1.0117         1.0213         1.0289         1.0348         1.0393         1.0429         1.0457         1.0478         1.0497
3.6372          0.95053        0.92572        0.91103        0.90126        0.89570        0.89229        0.88993        0.88774        0.88510        0.88169        0.87721        0.87003        0.85729        0.83403        0.79538        0.77926        0.78401        0.79230        0.80126        0.80952        0.81698        0.82366        0.82949        0.83440        0.83846        0.84169        0.84427        0.84626        0.84778        0.84897        0.84995
4.1568          1.0492         1.0448         1.0460         1.0449         1.0426         1.0396         1.0361         1.0320         1.0268         1.0202         1.0116         0.99868        0.97647        0.93733        0.86906        0.81579        0.79261        0.78203        0.77723        0.77504        0.77428        0.77443        0.77505        0.77580        0.77663        0.77743        0.77812        0.77858        0.77889        0.77916        0.77935
4.6764          1.1266         1.1631         1.1896         1.2050         1.2114         1.2130         1.2119         1.2094         1.2059         1.2014         1.1954         1.1863         1.1706         1.1380         1.0664         0.97895        0.91880        0.88206        0.85847        0.84261        0.83145        0.82363        0.81810        0.81410        0.81133        0.80947        0.80812        0.80692        0.80592        0.80526        0.80468
5.1960          1.1194         1.1570         1.1851         1.2034         1.2134         1.2190         1.2224         1.2250         1.2279         1.2316         1.2363         1.2433         1.2549         1.2697         1.2765         1.2334         1.1700         1.1167         1.0750         1.0432         1.0186         0.99955        0.98474        0.97339        0.96481        0.95843        0.95364        0.94981        0.94683        0.94469        0.94288
5.7156          1.0389         1.0340         1.0383         1.0420         1.0454         1.0486         1.0520         1.0560         1.0611         1.0675         1.0759         1.0885         1.1102         1.1498         1.2246         1.2920         1.3167         1.3160         1.3041         1.2886         1.2728         1.2576         1.2437         1.2319         1.2221         1.2143         1.2081         1.2034         1.2000         1.1972         1.1948
6.2352          0.94683        0.91886        0.90595        0.89866        0.89582        0.89544        0.89644        0.89826        0.90074        0.90391        0.90795        0.91399        0.92421        0.94447        0.99131        1.0665         1.1386         1.1932         1.2322         1.2596         1.2787         1.2917         1.3004         1.3062         1.3098         1.3120         1.3133         1.3146         1.3156         1.3161         1.3166
6.7548          0.89238        0.86653        0.84830        0.83746        0.83214        0.82987        0.82914        0.82901        0.82903        0.82909        0.82917        0.82912        0.82891        0.82952        0.83568        0.86128        0.90009        0.93861        0.97328        1.0030         1.0283         1.0496         1.0673         1.0817         1.0931         1.1017         1.1084         1.1136         1.1176         1.1207         1.1233
7.2744          0.89744        0.87317        0.85447        0.84285        0.83666        0.83340        0.83158        0.83019        0.82862        0.82674        0.82443        0.82089        0.81508        0.80586        0.79157        0.78492        0.79073        0.80152        0.81396        0.82617        0.83770        0.84833        0.85783        0.86599        0.87276        0.87806        0.88233        0.88560        0.88808        0.89005        0.89166
7.7940          0.96290        0.94061        0.92745        0.91836        0.91298        0.90944        0.90682        0.90436        0.90149        0.89795        0.89361        0.88732        0.87732        0.86145        0.83417        0.80591        0.78852        0.77989        0.77644        0.77567        0.77634        0.77789        0.77981        0.78172        0.78352        0.78509        0.78640        0.78732        0.78797        0.78852        0.78893
8.3136          1.0613         1.0665         1.0732         1.0760         1.0763         1.0752         1.0733         1.0708         1.0677         1.0638         1.0588         1.0517         1.0404         1.0216         0.98549        0.93529        0.89014        0.85820        0.83662        0.82202        0.81176        0.80466        0.79974        0.79622        0.79387        0.79240        0.79135        0.79037        0.78954        0.78903        0.78857
8.8332          1.1301         1.1729         1.2039         1.2232         1.2327         1.2371         1.2387         1.2392         1.2392         1.2391         1.2387         1.2381         1.2368         1.2322         1.2164         1.1753         1.1188         1.0668         1.0245         0.99170        0.96614        0.94640        0.93122        0.91961        0.91100        0.90485        0.90026        0.89656        0.89371        0.89173        0.89007
9.3528          1.1123         1.1429         1.1680         1.1844         1.1936         1.1991         1.2026         1.2057         1.2091         1.2134         1.2186         1.2259         1.2373         1.2546         1.2823         1.3069         1.3105         1.2961         1.2728         1.2475         1.2234         1.2013         1.1822         1.1663         1.1535         1.1437         1.1360         1.1303         1.1261         1.1228         1.1200
9.8724          1.0271         1.0130         1.0122         1.0119         1.0125         1.0135         1.0150         1.0169         1.0194         1.0226         1.0266         1.0323         1.0415         1.0570         1.0878         1.1386         1.1953         1.2417         1.2745         1.2959         1.3091         1.3164         1.3197         1.3208         1.3204         1.3193         1.3181         1.3173         1.3169         1.3162         1.3156
10.392          0.93889        0.90615        0.89061        0.88112        0.87648        0.87442        0.87379        0.87380        0.87405        0.87453        0.87520        0.87618        0.87785        0.88135        0.89059        0.91343        0.94983        0.99022        1.0290         1.0632         1.0926         1.1174         1.1377         1.1539         1.1664         1.1757         1.1828         1.1882         1.1923         1.1954         1.1980
10.912          0.89125        0.86331        0.84428        0.83269        0.82665        0.82365        0.82219        0.82125        0.82028        0.81926        0.81812        0.81648        0.81410        0.81087        0.80671        0.80620        0.81354        0.82660        0.84241        0.85854        0.87409        0.88849        0.90130        0.91227        0.92129        0.92826        0.93383        0.93804        0.94122        0.94373        0.94581
11.431          0.90445        0.87889        0.86069        0.84941        0.84345        0.84034        0.83862        0.83731        0.83589        0.83420        0.83221        0.82938        0.82516        0.81892        0.80868        0.79612        0.78646        0.78193        0.78130        0.78289        0.78558        0.78883        0.79220        0.79537        0.79818        0.80046        0.80235        0.80372        0.80473        0.80556        0.80623
11.951          0.97800        0.95712        0.94695        0.94022        0.93661        0.93452        0.93313        0.93190        0.93048        0.92857        0.92616        0.92272        0.91745        0.90931        0.89479        0.87242        0.84752        0.82707        0.81219        0.80190        0.79465        0.78968        0.78633        0.78406        0.78261        0.78173        0.78115        0.78059        0.78012        0.77986        0.77962
12.470          1.0764         1.0888         1.1013         1.1088         1.1125         1.1141         1.1145         1.1144         1.1140         1.1130         1.1117         1.1096         1.1061         1.1000         1.0871         1.0616         1.0246         0.98659        0.95354        0.92729        0.90670        0.89092        0.87895        0.86990        0.86330        0.85869        0.85529        0.85254        0.85042        0.84902        0.84783
12.990          1.1324         1.1800         1.2131         1.2340         1.2447         1.2501         1.2527         1.2542         1.2556         1.2570         1.2587         1.2609         1.2639         1.2675         1.2713         1.2699         1.2559         1.2303         1.1994         1.1693         1.1424         1.1194         1.1003         1.0850         1.0731         1.0643         1.0576         1.0525         1.0487         1.0459         1.0435
13.510          1.1004         1.1257         1.1459         1.1582         1.1645         1.1676         1.1692         1.1705         1.1720         1.1740         1.1766         1.1804         1.1863         1.1953         1.2112         1.2369         1.2675         1.2926         1.3080         1.3151         1.3164         1.3139         1.3097         1.3048         1.2999         1.2956         1.2920         1.2895         1.2877         1.2860         1.2846
14.029          1.0083         0.99150        0.98610        0.98223        0.98013        0.97895        0.97846        0.97840        0.97857        0.97909        0.97986        0.98121        0.98354        0.98768        0.99636        1.0146         1.0450         1.0818         1.1187         1.1510         1.1782         1.2002         1.2172         1.2303         1.2401         1.2470         1.2521         1.2561         1.2590         1.2611         1.2629
14.549          0.92240        0.89420        0.87708        0.86651        0.86108        0.85838        0.85711        0.85640        0.85578        0.85522        0.85465        0.85397        0.85320        0.85251        0.85237        0.85513        0.86410        0.87927        0.89798        0.91698        0.93504        0.95138        0.96549        0.97729        0.98683        0.99413        0.99986        1.0042         1.0074         1.0099         1.0120
15.068          0.88627        0.86149        0.84234        0.83094        0.82518        0.82249        0.82128        0.82055        0.81981        0.81896        0.81800        0.81663        0.81471        0.81207        0.80807        0.80289        0.79865        0.79755        0.79938        0.80286        0.80712        0.81163        0.81600        0.81998        0.82341        0.82612        0.82835        0.82998        0.83120        0.83218        0.83299
15.588          0.91159        0.88713        0.86993        0.85974        0.85479        0.85261        0.85173        0.85126        0.85080        0.85008        0.84917        0.84772        0.84552        0.84222        0.83663        0.82751        0.81562        0.80438        0.79552        0.78930        0.78502        0.78222        0.78049        0.77947        0.77893        0.77864        0.77852        0.77836        0.77822        0.77817        0.77812
16.108          0.99174        0.97675        0.97020        0.96627        0.96467        0.96418        0.96418        0.96434        0.96449        0.96428        0.96380        0.96283        0.96103        0.95794        0.95201        0.94059        0.92226        0.90084        0.88076        0.86449        0.85177        0.84211        0.83487        0.82950        0.82561        0.82286        0.82086        0.81925        0.81801        0.81719        0.81648
16.627          1.0873         1.1111         1.1291         1.1403         1.1462         1.1492         1.1508         1.1518         1.1526         1.1532         1.1538         1.1542         1.1544         1.1540         1.1520         1.1456         1.1308         1.1082         1.0827         1.0593         1.0393         1.0229         1.0097         0.99945        0.99159        0.98583        0.98150        0.97816        0.97565        0.97386        0.97236
17.147          1.1303         1.1816         1.2148         1.2351         1.2450         1.2494         1.2512         1.2519         1.2525         1.2533         1.2545         1.2562         1.2587         1.2622         1.2676         1.2754         1.2838         1.2882         1.2867         1.2812         1.2734         1.2650         1.2569         1.2497         1.2435         1.2387         1.2347         1.2319         1.2299         1.2282         1.2268
17.666          1.0864         1.1045         1.1190         1.1270         1.1304         1.1314         1.1313         1.1310         1.1307         1.1307         1.1310         1.1318         1.1336         1.1366         1.1426         1.1543         1.1746         1.2005         1.2265         1.2480         1.2647         1.2770         1.2860         1.2923         1.2968         1.2998         1.3018         1.3035         1.3048         1.3056         1.3063
18.186          0.99657        0.97068        0.96154        0.95542        0.95209        0.95018        0.94910        0.94841        0.94781        0.94731        0.94683        0.94647        0.94632        0.94657        0.94785        0.95175        0.96095        0.97595        0.99407        1.0117         1.0277         1.0415         1.0530         1.0623         1.0696         1.0751         1.0794         1.0826         1.0851         1.0869         1.0884
18.706          0.91926        0.88459        0.86682        0.85623        0.85100        0.84865        0.84769        0.84723        0.84685        0.84639        0.84588        0.84514        0.84418        0.84298        0.84138        0.83942        0.83795        0.83835        0.84079        0.84446        0.84867        0.85296        0.85697        0.86050        0.86350        0.86588        0.86779        0.86920        0.87023        0.87106        0.87174
19.225          0.88948        0.86220        0.84373        0.83304        0.82795        0.82591        0.82530        0.82516        0.82510        0.82487        0.82457        0.82393        0.82290        0.82137        0.81886        0.81463        0.80828        0.80119        0.79507        0.79073        0.78788        0.78616        0.78521        0.78474        0.78457        0.78454        0.78459        0.78458        0.78455        0.78457        0.78457
19.745          0.92449        0.89809        0.88267        0.87367        0.86958        0.86808        0.86780        0.86800        0.86832        0.86845        0.86844        0.86810        0.86731        0.86590        0.86326        0.85826        0.84965        0.83857        0.82772        0.81898        0.81232        0.80741        0.80383        0.80125        0.79941        0.79811        0.79718        0.79641        0.79581        0.79541        0.79507
20.264          1.0150         0.99814        0.99531        0.99361        0.99312        0.99321        0.99361        0.99418        0.99484        0.99536        0.99575        0.99598        0.99585        0.99521        0.99352        0.98964        0.98185        0.97042        0.95801        0.94714        0.93826        0.93124        0.92579        0.92161        0.91846        0.91614        0.91441        0.91304        0.91199        0.91125        0.91062
20.784          1.1090         1.1305         1.1521         1.1653         1.1717         1.1747         1.1760         1.1765         1.1769         1.1775         1.1781         1.1789         1.1799         1.1810         1.1824         1.1839         1.1849         1.1843         1.1814         1.1774         1.1728         1.1684         1.1645         1.1611         1.1582         1.1560         1.1543         1.1530         1.1520         1.1513         1.1506
21.304          1.1339         1.1771         1.2078         1.2264         1.2350         1.2385         1.2394         1.2393         1.2388         1.2387         1.2388         1.2393         1.2405         1.2426         1.2462         1.2527         1.2637         1.2778         1.2911         1.3011         1.3079         1.3123         1.3151         1.3167         1.3177         1.3182         1.3185         1.3188         1.3191         1.3192         1.3194
21.823          1.0755         1.0816         1.0912         1.0963         1.0983         1.0988         1.0985         1.0979         1.0973         1.0967         1.0962         1.0960         1.0961         1.0968         1.0985         1.1022         1.1093         1.1194         1.1302         1.1394         1.1469         1.1527         1.1571         1.1605         1.1630         1.1649         1.1663         1.1674         1.1683         1.1689         1.1695
22.343          0.98279        0.95247        0.94172        0.93491        0.93154        0.92994        0.92923        0.92889        0.92864        0.92830        0.92789        0.92740        0.92683        0.92618        0.92541        0.92435        0.92285        0.92124        0.92009        0.91966        0.91977        0.92024        0.92085        0.92150        0.92212        0.92265        0.92311        0.92344        0.92369        0.92390        0.92406
22.862          0.91003        0.87816        0.86090        0.85079        0.84600        0.84407        0.84352        0.84346        0.84353        0.84346        0.84332        0.84291        0.84222        0.84115        0.83936        0.83618        0.83067        0.82343        0.81642        0.81101        0.80715        0.80452        0.80276        0.80160        0.80086        0.80038        0.80008        0.79980        0.79957        0.79944        0.79932
23.382          0.89094        0.86549        0.84785        0.83765        0.83287        0.83103        0.83059        0.83068        0.83090        0.83098        0.83100        0.83072        0.83008        0.82896        0.82696        0.82331        0.81708        0.80907        0.80141        0.79553        0.79132        0.78844        0.78649        0.78517        0.78431        0.78373        0.78335        0.78300        0.78271        0.78253        0.78237
23.902          0.93626        0.91067        0.89641        0.88793        0.88395        0.88236        0.88199        0.88214        0.88244        0.88265        0.88278        0.88267        0.88224        0.88138        0.87978        0.87700        0.87279        0.86815        0.86440        0.86206        0.86082        0.86034        0.86026        0.86040        0.86063        0.86086        0.86107        0.86117        0.86120        0.86126        0.86129
24.421          1.0281         1.0184         1.0180         1.0174         1.0172         1.0170         1.0171         1.0173         1.0176         1.0179         1.0181         1.0185         1.0187         1.0190         1.0193         1.0202         1.0231         1.0286         1.0356         1.0424         1.0484         1.0535         1.0576         1.0608         1.0633         1.0651         1.0665         1.0675         1.0682         1.0688         1.0692
24.941          1.1112         1.1446         1.1681         1.1823         1.1891         1.1920         1.1929         1.1931         1.1931         1.1933         1.1937         1.1944         1.1958         1.1978         1.2013         1.2079         1.2197         1.2357         1.2519         1.2650         1.2748         1.2819         1.2870         1.2905         1.2929         1.2946         1.2957         1.2967         1.2974         1.2979         1.2983
25.460          1.1227         1.1683         1.1971         1.2146         1.2230         1.2265         1.2276         1.2276         1.2273         1.2272         1.2273         1.2278         1.2290         1.2309         1.2343         1.2397         1.2471         1.2539         1.2577         1.2586         1.2575         1.2554         1.2530         1.2507         1.2486         1.2469         1.2455         1.2446         1.2440         1.2435         1.2431
25.980          1.0564         1.0609         1.0676         1.0713         1.0731         1.0738         1.0739         1.0738         1.0736         1.0733         1.0730         1.0728         1.0726         1.0724         1.0719         1.0701         1.0649         1.0553         1.0433         1.0320         1.0221         1.0140         1.0075         1.0024         0.99848        0.99562        0.99349        0.99188        0.99069        0.98984        0.98913
26.500          0.96452        0.93842        0.92691        0.91984        0.91643        0.91495        0.91441        0.91425        0.91421        0.91398        0.91362        0.91299        0.91198        0.91040        0.90758        0.90212        0.89228        0.87918        0.86604        0.85519        0.84672        0.84030        0.83551        0.83197        0.82941        0.82757        0.82625        0.82520        0.82439        0.82384        0.82337
27.019          0.90002        0.87384        0.85675        0.84666        0.84176        0.83969        0.83899        0.83881        0.83874        0.83851        0.83818        0.83747        0.83627        0.83437        0.83110        0.82540        0.81668        0.80689        0.79829        0.79190        0.78734        0.78423        0.78213        0.78075        0.77986        0.77926        0.77889        0.77854        0.77825        0.77808        0.77792
27.539          0.89214        0.86874        0.85124        0.84085        0.83576        0.83357        0.83281        0.83260        0.83248        0.83227        0.83196        0.83130        0.83018        0.82846        0.82565        0.82141        0.81645        0.81282        0.81137        0.81165        0.81297        0.81483        0.81684        0.81877        0.82048        0.82186        0.82299        0.82378        0.82434        0.82480        0.82517
28.059          0.94709        0.92197        0.90824        0.89976        0.89559        0.89370        0.89304        0.89292        0.89291        0.89289        0.89281        0.89258        0.89217        0.89159        0.89102        0.89155        0.89571        0.90481        0.91726        0.93026        0.94264        0.95377        0.96326        0.97109        0.97738        0.98219        0.98591        0.98867        0.99071        0.99226        0.99355
28.578          1.0436         1.0369         1.0386         1.0392         1.0396         1.0397         1.0399         1.0401         1.0405         1.0410         1.0417         1.0427         1.0442         1.0467         1.0516         1.0619         1.0814         1.1079         1.1361         1.1612         1.1821         1.1990         1.2120         1.2220         1.2295         1.2349         1.2389         1.2419         1.2442         1.2458         1.2472
29.098          1.1248         1.1571         1.1829         1.1989         1.2069         1.2107         1.2122         1.2130         1.2136         1.2146         1.2159         1.2180         1.2213         1.2264         1.2351         1.2497         1.2697         1.2887         1.3019         1.3090         1.3115         1.3112         1.3093         1.3067         1.3041         1.3017         1.2997         1.2983         1.2974         1.2965         1.2957
29.617          1.1246         1.1602         1.1878         1.2049         1.2133         1.2172         1.2186         1.2190         1.2192         1.2195         1.2199         1.2208         1.2221         1.2239         1.2259         1.2259         1.2187         1.2022         1.1803         1.1582         1.1381         1.1208         1.1066         1.0951         1.0861         1.0795         1.0744         1.0706         1.0678         1.0657         1.0640
30.137          1.0474         1.0422         1.0464         1.0486         1.0495         1.0497         1.0495         1.0491         1.0487         1.0481         1.0472         1.0460         1.0441         1.0409         1.0348         1.0219         0.99966        0.97264        0.94674        0.92534        0.90831        0.89510        0.88501        0.87740        0.87179        0.86775        0.86480        0.86245        0.86067        0.85945        0.85842
30.657          0.95536        0.92478        0.91205        0.90400        0.89987        0.89780        0.89677        0.89612        0.89548        0.89456        0.89336        0.89154        0.88871        0.88435        0.87671        0.86380        0.84640        0.82948        0.81578        0.80576        0.79849        0.79333        0.78972        0.78721        0.78551        0.78435        0.78356        0.78287        0.78231        0.78196        0.78165
31.176          0.89689        0.86846        0.85068        0.83993        0.83452        0.83200        0.83090        0.83028        0.82967        0.82885        0.82783        0.82620        0.82367        0.81990        0.81371        0.80489        0.79591        0.79000        0.78738        0.78703        0.78795        0.78963        0.79161        0.79360        0.79543        0.79693        0.79819        0.79907        0.79971        0.80024        0.80067
31.696          0.89578        0.87120        0.85306        0.84220        0.83682        0.83441        0.83348        0.83308        0.83270        0.83223        0.83164        0.83064        0.82908        0.82691        0.82394        0.82207        0.82490        0.83324        0.84505        0.85780        0.87040        0.88220        0.89269        0.90165        0.90902        0.91473        0.91927        0.92267        0.92521        0.92720        0.92884
32.215          0.95835        0.93434        0.92126        0.91330        0.90955        0.90802        0.90768        0.90786        0.90822        0.90869        0.90925        0.90999        0.91112        0.91327        0.91846        0.93173        0.95661        0.98859        1.0220         1.0526         1.0794         1.1021         1.1207         1.1356         1.1471         1.1558         1.1623         1.1673         1.1711         1.1739         1.1763
32.735          1.0600         1.0580         1.0635         1.0670         1.0691         1.0705         1.0717         1.0730         1.0745         1.0765         1.0791         1.0828         1.0887         1.0981         1.1158         1.1473         1.1896         1.2301         1.2624         1.2852         1.3004         1.3098         1.3152         1.3180         1.3191         1.3193         1.3191         1.3191         1.3192         1.3190         1.3188
33.255          1.1302         1.1701         1.2000         1.2188         1.2284         1.2332         1.2355         1.2370         1.2386         1.2407         1.2434         1.2475         1.2538         1.2632         1.2779         1.2942         1.3012         1.2940         1.2770         1.2565         1.2358         1.2164         1.1993         1.1850         1.1734         1.1645         1.1575         1.1524         1.1486         1.1456         1.1431
33.774          1.1150         1.1494         1.1751         1.1906         1.1980         1.2010         1.2018         1.2016         1.2012         1.2007         1.1999         1.1991         1.1977         1.1946         1.1859         1.1628         1.1236         1.0803         1.0410         1.0089         0.98322        0.96313        0.94756        0.93565        0.92678        0.92042        0.91568        0.91190        0.90902        0.90702        0.90535
34.294          1.0323         1.0211         1.0210         1.0201         1.0191         1.0180         1.0168         1.0154         1.0138         1.0115         1.0087         1.0046         0.99826        0.98805        0.96898        0.93798        0.90226        0.87216        0.84954        0.83332        0.82153        0.81313        0.80716        0.80287        0.79992        0.79797        0.79658        0.79535        0.79435        0.79371        0.79316
34.813          0.94277        0.91017        0.89483        0.88515        0.88009        0.87739        0.87583        0.87458        0.87313        0.87119        0.86873        0.86506        0.85926        0.85033        0.83503        0.81516        0.79815        0.78755        0.78183        0.77913        0.77818        0.77841        0.77930        0.78043        0.78163        0.78273        0.78369        0.78433        0.78477        0.78516        0.78545
35.333          0.89277        0.86337        0.84445        0.83315        0.82747        0.82484        0.82364        0.82287        0.82199        0.82082        0.81935        0.81700        0.81320        0.80746        0.79854        0.79130        0.79150        0.79775        0.80703        0.81710        0.82712        0.83668        0.84539        0.85298        0.85932        0.86429        0.86832        0.87137        0.87368        0.87551        0.87702
35.853          0.90190        0.87569        0.85778        0.84718        0.84209        0.83996        0.83932        0.83924        0.83925        0.83926        0.83924        0.83903        0.83861        0.83856        0.84116        0.85466        0.88104        0.91244        0.94400        0.97282        0.99838        1.0205         1.0391         1.0544         1.0665         1.0756         1.0828         1.0883         1.0925         1.0958         1.0985
36.372          0.97391        0.95081        0.94083        0.93491        0.93248        0.93190        0.93243        0.93362        0.93531        0.93754        0.94036        0.94449        0.95120        0.96333        0.98967        1.0383         1.0979         1.1515         1.1948         1.2279         1.2527         1.2706         1.2833         1.2921         1.2980         1.3018         1.3043         1.3065         1.3082         1.3092         1.3101
36.892          1.0755         1.0822         1.0942         1.1019         1.1064         1.1093         1.1117         1.1143         1.1175         1.1219         1.1277         1.1363         1.1504         1.1740         1.2173         1.2702         1.3057         1.3182         1.3159         1.3064         1.2939         1.2803         1.2672         1.2555         1.2455         1.2375         1.2310         1.2263         1.2227         1.2198         1.2174
37.411          1.1367         1.1798         1.2122         1.2325         1.2426         1.2475         1.2498         1.2512         1.2526         1.2546         1.2572         1.2612         1.2676         1.2756         1.2809         1.2603         1.2145         1.1652         1.1214         1.0852         1.0561         1.0329         1.0146         1.0005         0.98975        0.98192        0.97602        0.97135        0.96776        0.96519        0.96302
37.931          1.1100         1.1322         1.1522         1.1637         1.1686         1.1700         1.1694         1.1678         1.1654         1.1622         1.1580         1.1519         1.1418         1.1231         1.0831         1.0204         0.96113        0.91852        0.88855        0.86724        0.85165        0.84041        0.83229        0.82630        0.82212        0.81936        0.81732        0.81555        0.81411        0.81316        0.81233
38.451          1.0188         0.99757        0.99207        0.98777        0.98495        0.98269        0.98058        0.97821        0.97514        0.97100        0.96563        0.95755        0.94419        0.92211        0.88272        0.83940        0.81056        0.79471        0.78605        0.78106        0.77819        0.77679        0.77632        0.77627        0.77655        0.77702        0.77745        0.77769        0.77782        0.77797        0.77805
38.970          0.93079        0.89679        0.87991        0.86942        0.86394        0.86106        0.85937        0.85793        0.85614        0.85371        0.85052        0.84542        0.83671        0.82232        0.79848        0.78121        0.77829        0.78219        0.78885        0.79598        0.80299        0.80966        0.81574        0.82103        0.82548        0.82904        0.83192        0.83413        0.83580        0.83713        0.83822
39.490          0.89023        0.86147        0.84309        0.83216        0.82676        0.82439        0.82349        0.82309        0.82269        0.82211        0.82129        0.81970        0.81670        0.81190        0.80724        0.81985        0.84630        0.87387        0.89979        0.92293        0.94322        0.96075        0.97564        0.98797        0.99786        1.0054         1.0114         1.0161         1.0197         1.0225         1.0248
40.009          0.91208        0.88490        0.86885        0.85940        0.85508        0.85359        0.85365        0.85451        0.85586        0.85766        0.86001        0.86351        0.86951        0.88218        0.91525        0.97926        1.0462         1.0996         1.1410         1.1737         1.1991         1.2187         1.2336         1.2449         1.2532         1.2591         1.2634         1.2669         1.2696         1.2715         1.2732
40.529          0.99355        0.97176        0.96582        0.96255        0.96169        0.96228        0.96394        0.96655        0.97026        0.97533        0.98223        0.99324        1.0129         1.0523         1.1357         1.2309         1.2873         1.3119         1.3202         1.3208         1.3175         1.3119         1.3055         1.2993         1.2936         1.2887         1.2846         1.2817         1.2795         1.2776         1.2760
41.049          1.0925         1.1049         1.1217         1.1326         1.1388         1.1427         1.1457         1.1488         1.1528         1.1584         1.1661         1.1784         1.2002         1.2377         1.2912         1.2913         1.2507         1.2085         1.1715         1.1407         1.1155         1.0950         1.0785         1.0655         1.0554         1.0477         1.0419         1.0374         1.0339         1.0313         1.0291
41.568          1.1366         1.1800         1.2111         1.2303         1.2396         1.2436         1.2446         1.2443         1.2434         1.2422         1.2405         1.2377         1.2323         1.2145         1.1577         1.0637         0.99221        0.94829        0.91900        0.89812        0.88262        0.87114        0.86261        0.85619        0.85152        0.84826        0.84582        0.84378        0.84215        0.84103        0.84007
42.088          1.0949         1.1092         1.1231         1.1305         1.1331         1.1328         1.1307         1.1273         1.1225         1.1158         1.1067         1.0924         1.0667         1.0180         0.92877        0.85413        0.81853        0.80136        0.79227        0.78671        0.78315        0.78099        0.77970        0.77889        0.77848        0.77837        0.77833        0.77821        0.77809        0.77804        0.77797
42.607          1.0018         0.97681        0.96839        0.96232        0.95857        0.95586        0.95351        0.95093        0.94749        0.94276        0.93629        0.92569        0.90644        0.87083        0.81116        0.77970        0.77532        0.77725        0.78137        0.78570        0.78992        0.79390        0.79750        0.80059        0.80321        0.80534        0.80705        0.80837        0.80937        0.81015        0.81078
43.127          0.91871        0.88916        0.87255        0.86234        0.85715        0.85466        0.85353        0.85286        0.85212        0.85107        0.84950        0.84656        0.84064        0.82765        0.80669        0.81665        0.84081        0.86171        0.87952        0.89472        0.90772        0.91882        0.92825        0.93607        0.94241        0.94734        0.95126        0.95432        0.95669        0.95853        0.96005
43.647          0.88812        0.86457        0.84745        0.83742        0.83273        0.83108        0.83109        0.83195        0.83336        0.83531        0.83797        0.84217        0.84980        0.86638        0.90851        0.98212        1.0419         1.0832         1.1129         1.1362         1.1545         1.1690         1.1806         1.1898         1.1968         1.2021         1.2062         1.2094         1.2119         1.2138         1.2153
44.166          0.91994        0.89664        0.88241        0.87423        0.87084        0.87024        0.87133        0.87360        0.87701        0.88179        0.88871        0.90060        0.92390        0.98166        1.1151         1.2327         1.2836         1.3054         1.3153         1.3199         1.3216         1.3216         1.3205         1.3191         1.3174         1.3159         1.3145         1.3135         1.3127         1.3121         1.3115
44.686          1.0043         0.99028        0.98717        0.98574        0.98591        0.98717        0.98932        0.99244        0.99690        1.0031         1.0123         1.0282         1.0595         1.1314         1.2539         1.2725         1.2426         1.2152         1.1928         1.1741         1.1587         1.1459         1.1352         1.1266         1.1197         1.1143         1.1101         1.1068         1.1043         1.1024         1.1008
45.205          1.0972         1.1191         1.1379         1.1498         1.1561         1.1593         1.1610         1.1622         1.1634         1.1650         1.1672         1.1708         1.1769         1.1765         1.1288         1.0373         0.98341        0.95333        0.93412        0.92028        0.90983        0.90183        0.89562        0.89082        0.88716        0.88442        0.88234        0.88066        0.87935        0.87840        0.87761
45.725          1.1301         1.1740         1.2025         1.2196         1.2272         1.2294         1.2283         1.2252         1.2203         1.2134         1.2033         1.1858         1.1510         1.0699         0.92286        0.83965        0.81377        0.80197        0.79595        0.79220        0.78974        0.78813        0.78704        0.78630        0.78583        0.78555        0.78536        0.78518        0.78502        0.78493        0.78485
46.245          1.0777         1.0902         1.1004         1.1055         1.1068         1.1059         1.1036         1.1000         1.0948         1.0876         1.0772         1.0591         1.0237         0.94808        0.82651        0.78194        0.77760        0.77770        0.77922        0.78099        0.78280        0.78455        0.78615        0.78756        0.78877        0.78978        0.79060        0.79122        0.79170        0.79207        0.79236
46.764          0.98482        0.96324        0.95411        0.94798        0.94463        0.94275        0.94168        0.94087        0.93992        0.93859        0.93654        0.93274        0.92482        0.90222        0.85348        0.84654        0.85790        0.86681        0.87378        0.87956        0.88449        0.88874        0.89242        0.89553        0.89812        0.90019        0.90185        0.90316        0.90416        0.90493        0.90554
47.284          0.91035        0.88502        0.86937        0.86015        0.85598        0.85470        0.85508        0.85645        0.85863        0.86170        0.86624        0.87413        0.88988        0.92657        0.99344        1.0477         1.0767         1.0939         1.1052         1.1137         1.1204         1.1258         1.1304         1.1341         1.1371         1.1395         1.1413         1.1428         1.1439         1.1448         1.1455
47.803          0.88616        0.86693        0.85086        0.84178        0.83800        0.83733        0.83848        0.84085        0.84444        0.84952        0.85725        0.87114        0.89992        0.98103        1.1656         1.2685         1.2952         1.3066         1.3124         1.3158         1.3179         1.3191         1.3197         1.3201         1.3202         1.3202         1.3202         1.3202         1.3202         1.3201         1.3201
48.323          0.92454        0.90489        0.89148        0.88384        0.88081        0.88046        0.88171        0.88409        0.88764        0.89262        0.90015        0.91375        0.94192        1.0176         1.1625         1.2060         1.2038         1.1999         1.1963         1.1930         1.1899         1.1870         1.1843         1.1819         1.1798         1.1781         1.1767         1.1756         1.1747         1.1741         1.1736
48.843          1.0134         1.0047         1.0025         1.0011         1.0006         1.0007         1.0011         1.0017         1.0026         1.0038         1.0054         1.0081         1.0132         1.0166         0.99131        0.95828        0.94627        0.94034        0.93706        0.93476        0.93298        0.93150        0.93021        0.92909        0.92815        0.92740        0.92680        0.92632        0.92596        0.92569        0.92549
49.362          1.1030         1.1320         1.1512         1.1624         1.1671         1.1680         1.1666         1.1637         1.1592         1.1529         1.1435         1.1266         1.0920         1.0066         0.86188        0.80807        0.80020        0.79743        0.79668        0.79656        0.79670        0.79695        0.79721        0.79747        0.79771        0.79792        0.79809        0.79822        0.79832        0.79841        0.79848
49.882          1.1281         1.1715         1.1987         1.2147         1.2214         1.2227         1.2209         1.2170         1.2111         1.2030         1.1908         1.1691         1.1248         1.0198         0.85243        0.79287        0.78389        0.78035        0.77906        0.77859        0.77856        0.77878        0.77913        0.77952        0.77991        0.78028        0.78059        0.78083        0.78100        0.78114        0.78125
50.401          1.0693         1.0752         1.0842         1.0893         1.0916         1.0923         1.0923         1.0919         1.0913         1.0904         1.0889         1.0859         1.0788         1.0497         0.96661        0.90817        0.88945        0.87969        0.87372        0.86969        0.86695        0.86513        0.86393        0.86317        0.86271        0.86244        0.86230        0.86215        0.86202        0.86193        0.86183
50.921          0.97453        0.94979        0.94090        0.93578        0.93392        0.93398        0.93532        0.93767        0.94110        0.94589        0.95300        0.96559        0.99115        1.0537         1.1493         1.1491         1.1298         1.1161         1.1056         1.0975         1.0912         1.0865         1.0829         1.0802         1.0782         1.0767         1.0756         1.0747         1.0740         1.0735         1.0730
51.441          0.90416        0.87812        0.86289        0.85441        0.85112        0.85085        0.85234        0.85506        0.85904        0.86458        0.87285        0.88758        0.91785        1.0025         1.1920         1.2880         1.3065         1.3117         1.3126         1.3119         1.3106         1.3091         1.3076         1.3062         1.3050         1.3040         1.3032         1.3026         1.3021         1.3017         1.3014
51.960          0.88907        0.86664        0.85021        0.84097        0.83712        0.83634        0.83724        0.83914        0.84195        0.84577        0.85130        0.86086        0.87989        0.92718        1.0283         1.1134         1.1549         1.1796         1.1961         1.2080         1.2166         1.2229         1.2275         1.2309         1.2333         1.2350         1.2363         1.2373         1.2381         1.2387         1.2393
52.480          0.93965        0.91320        0.89893        0.89028        0.88613        0.88441        0.88393        0.88398        0.88423        0.88448        0.88473        0.88494        0.88499        0.88088        0.86722        0.88403        0.90710        0.92414        0.93726        0.94767        0.95592        0.96245        0.96762        0.97166        0.97478        0.97714        0.97895        0.98039        0.98152        0.98239        0.98314
52.999          1.0354         1.0229         1.0211         1.0188         1.0166         1.0143         1.0118         1.0087         1.0047         0.99927        0.99159        0.97867        0.95403        0.90197        0.81477        0.78585        0.78813        0.79249        0.79712        0.80125        0.80487        0.80800        0.81064        0.81281        0.81458        0.81599        0.81711        0.81797        0.81864        0.81916        0.81959
