0.0000          1.0291         1.0210         1.0198         1.0198         1.0199         1.0200         1.0201         1.0201         1.0202         1.0202         1.0202         1.0203         1.0203         1.0203         1.0204         1.0204         1.0204         1.0204         1.0204         1.0204         1.0204         1.0204         1.0204         1.0204         1.0205         1.0205         1.0205         1.0205         1.0205         1.0205         1.0205
0.51960         1.1177         1.2389         1.2630         1.2656         1.2664         1.2666         1.2667         1.2668         1.2668         1.2668         1.2669         1.2669         1.2669         1.2669         1.2670         1.2670         1.2670         1.2670         1.2670         1.2670         1.2670         1.2670         1.2670         1.2670         1.2670         1.2670         1.2671         1.2671         1.2671         1.2671         1.2671
1.0392          1.1118         1.2243         1.2462         1.2485         1.2491         1.2492         1.2492         1.2492         1.2492         1.2491         1.2491         1.2491         1.2491         1.2491         1.2491         1.2491         1.2491         1.2491         1.2491         1.2491         1.2491         1.2490         1.2490         1.2490         1.2490         1.2490         1.2490         1.2490         1.2490         1.2490         1.2490
1.5588          1.0198         0.99975        0.99618        0.99577        0.99557        0.99550        0.99544        0.99540        0.99535        0.99533        0.99531        0.99528        0.99526        0.99524        0.99522        0.99521        0.99520        0.99520        0.99519        0.99518        0.99518        0.99517        0.99516        0.99515        0.99515        0.99514        0.99514        0.99514        0.99513        0.99513        0.99513
2.0784          0.92623        0.83615        0.82121        0.81960        0.81916        0.81908        0.81904        0.81901        0.81899        0.81897        0.81896        0.81895        0.81894        0.81893        0.81892        0.81892        0.81892        0.81891        0.81891        0.81891        0.81890        0.81890        0.81890        0.81890        0.81889        0.81889        0.81889        0.81889        0.81889        0.81888        0.81888
2.5980          0.89580        0.79696        0.78057        0.77878        0.77834        0.77828        0.77825        0.77824        0.77824        0.77823        0.77823        0.77823        0.77823        0.77822        0.77822        0.77822        0.77822        0.77822        0.77822        0.77822        0.77822        0.77822        0.77822        0.77822        0.77822        0.77822        0.77822        0.77822        0.77822        0.77822        0.77822
3.1176          0.94536        0.87112        0.85785        0.85638        0.85596        0.85591        0.85588        0.85588        0.85588        0.85588        0.85588        0.85589        0.85589        0.85589        0.85589        0.85589        0.85590        0.85590        0.85590        0.85590        0.85590        0.85590        0.85590        0.85590        0.85590        0.85590        0.85590        0.85591        0.85591        0.85591        0.85591
3.6372          1.0482         1.0694         1.0725         1.0727         1.0727         1.0727         1.0727         1.0727         1.0727         1.0727         1.0727         1.0727         1.0728         1.0728         1.0728         1.0728         1.0728         1.0728         1.0728         1.0728         1.0728         1.0728         1.0728         1.0728         1.0728         1.0728         1.0728         1.0728         1.0728         1.0728         1.0728
4.1568          1.1246         1.2619         1.2888         1.2916         1.2924         1.2925         1.2926         1.2926         1.2926         1.2926         1.2927         1.2927         1.2927         1.2927         1.2927         1.2927         1.2927         1.2927         1.2927         1.2927         1.2927         1.2927         1.2927         1.2927         1.2927         1.2927         1.2927         1.2927         1.2927         1.2927         1.2927
4.6764          1.0965         1.1853         1.2027         1.2047         1.2053         1.2054         1.2055         1.2055         1.2055         1.2055         1.2056         1.2056         1.2056         1.2056         1.2056         1.2056         1.2056         1.2056         1.2056         1.2056         1.2056         1.2056         1.2056         1.2056         1.2056         1.2056         1.2056         1.2056         1.2056         1.2056         1.2056
5.1960          0.99449        0.95607        0.94926        0.94872        0.94856        0.94857        0.94857        0.94858        0.94858        0.94859        0.94859        0.94859        0.94859        0.94859        0.94859        0.94859        0.94859        0.94859        0.94859        0.94859        0.94859        0.94859        0.94859        0.94859        0.94859        0.94859        0.94859        0.94859        0.94859        0.94859        0.94859
5.7156          0.90989        0.81884        0.80337        0.80177        0.80137        0.80133        0.80131        0.80131        0.80130        0.80130        0.80130        0.80130        0.80130        0.80130        0.80130        0.80130        0.80130        0.80130        0.80130        0.80130        0.80130        0.80130        0.80130        0.80130        0.80129        0.80129        0.80129        0.80129        0.80129        0.80129        0.80129
6.2352          0.89642        0.80270        0.78643        0.78465        0.78420        0.78412        0.78409        0.78407        0.78406        0.78405        0.78405        0.78404        0.78404        0.78403        0.78403        0.78403        0.78403        0.78402        0.78402        0.78402        0.78402        0.78402        0.78402        0.78402        0.78402        0.78401        0.78401        0.78401        0.78401        0.78401        0.78401
6.7548          0.96209        0.90233        0.89072        0.88934        0.88888        0.88878        0.88872        0.88868        0.88865        0.88863        0.88862        0.88861        0.88859        0.88858        0.88857        0.88856        0.88856        0.88856        0.88855        0.88855        0.88854        0.88854        0.88854        0.88853        0.88853        0.88852        0.88852        0.88852        0.88852        0.88852        0.88852
7.2744          1.0690         1.1191         1.1273         1.1279         1.1280         1.1279         1.1278         1.1278         1.1278         1.1277         1.1277         1.1277         1.1277         1.1277         1.1276         1.1276         1.1276         1.1276         1.1276         1.1276         1.1276         1.1276         1.1276         1.1276         1.1276         1.1276         1.1276         1.1276         1.1276         1.1276         1.1276
7.7940          1.1252         1.2719         1.3001         1.3030         1.3039         1.3040         1.3040         1.3041         1.3041         1.3041         1.3041         1.3041         1.3041         1.3041         1.3041         1.3041         1.3041         1.3041         1.3041         1.3041         1.3041         1.3041         1.3041         1.3041         1.3041         1.3041         1.3041         1.3041         1.3041         1.3041         1.3041
8.3136          1.0748         1.1395         1.1515         1.1529         1.1535         1.1536         1.1537         1.1538         1.1538         1.1539         1.1539         1.1539         1.1540         1.1540         1.1540         1.1540         1.1540         1.1540         1.1540         1.1540         1.1541         1.1541         1.1541         1.1541         1.1541         1.1541         1.1541         1.1541         1.1541         1.1541         1.1541
8.8332          0.97342        0.91708        0.90743        0.90660        0.90642        0.90646        0.90650        0.90654        0.90658        0.90660        0.90662        0.90663        0.90665        0.90667        0.90669        0.90669        0.90670        0.90670        0.90671        0.90671        0.90672        0.90672        0.90673        0.90673        0.90674        0.90675        0.90675        0.90675        0.90675        0.90675        0.90675
9.3528          0.90254        0.80647        0.79056        0.78891        0.78852        0.78848        0.78847        0.78848        0.78848        0.78849        0.78849        0.78849        0.78850        0.78850        0.78850        0.78851        0.78851        0.78851        0.78851        0.78851        0.78851        0.78851        0.78851        0.78851        0.78852        0.78852        0.78852        0.78852        0.78852        0.78852        0.78852
9.8724          0.90618        0.81294        0.79700        0.79526        0.79479        0.79471        0.79466        0.79463        0.79460        0.79459        0.79458        0.79457        0.79456        0.79455        0.79454        0.79453        0.79453        0.79453        0.79453        0.79452        0.79452        0.79452        0.79451        0.79451        0.79451        0.79450        0.79450        0.79450        0.79450        0.79450        0.79450
10.392          0.98707        0.93872        0.92977        0.92870        0.92828        0.92814        0.92805        0.92798        0.92791        0.92787        0.92784        0.92781        0.92778        0.92775        0.92772        0.92771        0.92770        0.92769        0.92768        0.92767        0.92766        0.92765        0.92764        0.92763        0.92763        0.92762        0.92761        0.92761        0.92761        0.92760        0.92760
10.912          1.0913         1.1664         1.1805         1.1817         1.1820         1.1819         1.1818         1.1817         1.1817         1.1816         1.1816         1.1816         1.1815         1.1815         1.1815         1.1814         1.1814         1.1814         1.1814         1.1814         1.1814         1.1814         1.1814         1.1814         1.1813         1.1813         1.1813         1.1813         1.1813         1.1813         1.1813
11.431          1.1252         1.2682         1.2960         1.2988         1.2997         1.2999         1.2999         1.3000         1.3000         1.3000         1.3000         1.3001         1.3001         1.3001         1.3001         1.3001         1.3001         1.3001         1.3001         1.3001         1.3001         1.3001         1.3001         1.3001         1.3001         1.3001         1.3001         1.3001         1.3001         1.3001         1.3002
11.951          1.0564         1.0912         1.0972         1.0980         1.0983         1.0985         1.0986         1.0987         1.0988         1.0989         1.0989         1.0990         1.0990         1.0990         1.0991         1.0991         1.0991         1.0991         1.0991         1.0992         1.0992         1.0992         1.0992         1.0992         1.0992         1.0992         1.0992         1.0993         1.0993         1.0993         1.0993
12.470          0.95289        0.88404        0.87190        0.87072        0.87045        0.87050        0.87054        0.87059        0.87064        0.87068        0.87070        0.87073        0.87075        0.87078        0.87080        0.87081        0.87082        0.87083        0.87084        0.87084        0.87085        0.87086        0.87087        0.87088        0.87088        0.87089        0.87090        0.87090        0.87090        0.87090        0.87091
12.990          0.89478        0.79882        0.78259        0.78087        0.78046        0.78042        0.78041        0.78041        0.78041        0.78042        0.78042        0.78042        0.78043        0.78043        0.78043        0.78044        0.78044        0.78044        0.78044        0.78044        0.78044        0.78044        0.78044        0.78044        0.78045        0.78045        0.78045        0.78045        0.78045        0.78045        0.78045
13.510          0.91465        0.82751        0.81227        0.81061        0.81014        0.81004        0.80997        0.80993        0.80989        0.80987        0.80985        0.80984        0.80982        0.80980        0.80978        0.80978        0.80977        0.80977        0.80976        0.80975        0.80975        0.80974        0.80974        0.80973        0.80973        0.80972        0.80972        0.80972        0.80972        0.80971        0.80971
14.029          1.0032         0.97911        0.97386        0.97323        0.97290        0.97275        0.97264        0.97254        0.97245        0.97239        0.97235        0.97230        0.97226        0.97221        0.97217        0.97216        0.97214        0.97213        0.97211        0.97210        0.97208        0.97207        0.97205        0.97204        0.97203        0.97201        0.97201        0.97200        0.97200        0.97199        0.97199
14.549          1.1010         1.2077         1.2274         1.2294         1.2298         1.2298         1.2297         1.2296         1.2296         1.2295         1.2295         1.2294         1.2294         1.2294         1.2293         1.2293         1.2293         1.2293         1.2293         1.2293         1.2292         1.2292         1.2292         1.2292         1.2292         1.2292         1.2292         1.2292         1.2292         1.2292         1.2292
15.068          1.1177         1.2516         1.2770         1.2796         1.2805         1.2807         1.2808         1.2808         1.2809         1.2809         1.2810         1.2810         1.2810         1.2811         1.2811         1.2811         1.2811         1.2811         1.2811         1.2811         1.2811         1.2812         1.2812         1.2812         1.2812         1.2812         1.2812         1.2812         1.2812         1.2812         1.2812
15.588          1.0354         1.0436         1.0442         1.0443         1.0445         1.0446         1.0447         1.0448         1.0449         1.0450         1.0451         1.0451         1.0452         1.0452         1.0453         1.0453         1.0453         1.0453         1.0453         1.0454         1.0454         1.0454         1.0454         1.0454         1.0454         1.0455         1.0455         1.0455         1.0455         1.0455         1.0455
16.108          0.93486        0.85703        0.84309        0.84166        0.84133        0.84135        0.84139        0.84144        0.84149        0.84152        0.84155        0.84157        0.84160        0.84162        0.84165        0.84166        0.84166        0.84167        0.84168        0.84169        0.84170        0.84171        0.84171        0.84172        0.84173        0.84174        0.84174        0.84175        0.84175        0.84175        0.84175
16.627          0.88950        0.79565        0.77930        0.77753        0.77711        0.77706        0.77704        0.77704        0.77703        0.77703        0.77703        0.77703        0.77703        0.77703        0.77703        0.77703        0.77704        0.77704        0.77704        0.77704        0.77704        0.77704        0.77704        0.77704        0.77704        0.77704        0.77704        0.77704        0.77704        0.77704        0.77704
17.147          0.92530        0.84682        0.83254        0.83097        0.83049        0.83038        0.83030        0.83024        0.83019        0.83016        0.83014        0.83011        0.83009        0.83006        0.83004        0.83003        0.83002        0.83001        0.83001        0.83000        0.82999        0.82998        0.82997        0.82997        0.82996        0.82995        0.82995        0.82994        0.82994        0.82994        0.82994
17.666          1.0255         1.0232         1.0221         1.0219         1.0216         1.0215         1.0214         1.0212         1.0211         1.0211         1.0210         1.0210         1.0209         1.0209         1.0208         1.0208         1.0208         1.0208         1.0207         1.0207         1.0207         1.0207         1.0207         1.0206         1.0206         1.0206         1.0206         1.0206         1.0206         1.0206         1.0206
18.186          1.1191         1.2404         1.2646         1.2670         1.2677         1.2676         1.2676         1.2675         1.2675         1.2674         1.2674         1.2674         1.2673         1.2673         1.2673         1.2673         1.2672         1.2672         1.2672         1.2672         1.2672         1.2672         1.2672         1.2672         1.2672         1.2671         1.2671         1.2671         1.2671         1.2671         1.2671
18.706          1.1146         1.2232         1.2449         1.2473         1.2480         1.2482         1.2484         1.2484         1.2485         1.2486         1.2486         1.2487         1.2487         1.2488         1.2488         1.2488         1.2488         1.2488         1.2488         1.2489         1.2489         1.2489         1.2489         1.2489         1.2489         1.2489         1.2489         1.2489         1.2489         1.2490         1.2490
19.225          1.0183         0.99807        0.99431        0.99406        0.99407        0.99419        0.99431        0.99441        0.99451        0.99457        0.99462        0.99467        0.99473        0.99478        0.99483        0.99484        0.99486        0.99488        0.99489        0.99491        0.99493        0.99494        0.99496        0.99498        0.99499        0.99501        0.99502        0.99502        0.99503        0.99503        0.99504
19.745          0.92447        0.83539        0.82041        0.81887        0.81852        0.81852        0.81855        0.81859        0.81863        0.81865        0.81867        0.81869        0.81872        0.81874        0.81876        0.81876        0.81877        0.81878        0.81878        0.81879        0.81880        0.81881        0.81881        0.81882        0.81883        0.81883        0.81884        0.81884        0.81884        0.81884        0.81884
20.264          0.89670        0.79698        0.78058        0.77880        0.77837        0.77831        0.77827        0.77826        0.77825        0.77825        0.77824        0.77824        0.77824        0.77823        0.77823        0.77823        0.77823        0.77823        0.77823        0.77823        0.77822        0.77822        0.77822        0.77822        0.77822        0.77822        0.77822        0.77822        0.77822        0.77822        0.77822
20.784          0.94840        0.87176        0.85857        0.85708        0.85659        0.85646        0.85637        0.85631        0.85625        0.85621        0.85618        0.85615        0.85612        0.85609        0.85607        0.85606        0.85605        0.85604        0.85603        0.85602        0.85601        0.85600        0.85599        0.85598        0.85597        0.85596        0.85596        0.85595        0.85595        0.85595        0.85595
21.304          1.0508         1.0705         1.0739         1.0740         1.0739         1.0738         1.0736         1.0735         1.0734         1.0734         1.0733         1.0733         1.0732         1.0731         1.0731         1.0731         1.0731         1.0730         1.0730         1.0730         1.0730         1.0730         1.0730         1.0729         1.0729         1.0729         1.0729         1.0729         1.0729         1.0729         1.0729
21.823          1.1252         1.2624         1.2895         1.2922         1.2930         1.2930         1.2930         1.2930         1.2930         1.2929         1.2929         1.2929         1.2929         1.2929         1.2928         1.2928         1.2928         1.2928         1.2928         1.2928         1.2928         1.2928         1.2928         1.2928         1.2928         1.2928         1.2928         1.2928         1.2928         1.2928         1.2928
22.343          1.0979         1.1847         1.2019         1.2039         1.2046         1.2047         1.2049         1.2050         1.2051         1.2051         1.2052         1.2052         1.2053         1.2053         1.2053         1.2054         1.2054         1.2054         1.2054         1.2054         1.2054         1.2054         1.2055         1.2055         1.2055         1.2055         1.2055         1.2055         1.2055         1.2055         1.2055
22.862          0.99728        0.95543        0.94839        0.94785        0.94775        0.94785        0.94794        0.94802        0.94811        0.94816        0.94820        0.94824        0.94829        0.94833        0.94837        0.94838        0.94839        0.94841        0.94842        0.94843        0.94845        0.94846        0.94848        0.94849        0.94850        0.94852        0.94852        0.94853        0.94853        0.94853        0.94854
23.382          0.91291        0.81866        0.80304        0.80144        0.80107        0.80106        0.80108        0.80110        0.80112        0.80114        0.80116        0.80117        0.80119        0.80120        0.80121        0.80122        0.80122        0.80123        0.80123        0.80124        0.80124        0.80125        0.80125        0.80126        0.80126        0.80127        0.80127        0.80127        0.80127        0.80127        0.80127
23.902          0.89960        0.80279        0.78644        0.78467        0.78422        0.78415        0.78411        0.78409        0.78407        0.78407        0.78406        0.78405        0.78405        0.78404        0.78404        0.78403        0.78403        0.78403        0.78403        0.78403        0.78403        0.78402        0.78402        0.78402        0.78402        0.78402        0.78402        0.78402        0.78402        0.78401        0.78401
24.421          0.96468        0.90253        0.89097        0.88963        0.88917        0.88904        0.88895        0.88889        0.88883        0.88879        0.88876        0.88873        0.88871        0.88868        0.88865        0.88864        0.88863        0.88862        0.88862        0.88861        0.88860        0.88859        0.88858        0.88857        0.88856        0.88855        0.88855        0.88855        0.88854        0.88854        0.88854
24.941          1.0681         1.1193         1.1277         1.1284         1.1284         1.1283         1.1282         1.1281         1.1281         1.1280         1.1280         1.1279         1.1279         1.1278         1.1278         1.1278         1.1278         1.1277         1.1277         1.1277         1.1277         1.1277         1.1277         1.1277         1.1276         1.1276         1.1276         1.1276         1.1276         1.1276         1.1276
25.460          1.1220         1.2720         1.3004         1.3033         1.3041         1.3042         1.3042         1.3042         1.3042         1.3042         1.3042         1.3042         1.3042         1.3042         1.3042         1.3042         1.3042         1.3042         1.3042         1.3042         1.3042         1.3042         1.3042         1.3042         1.3042         1.3042         1.3042         1.3042         1.3042         1.3042         1.3042
25.980          1.0724         1.1395         1.1514         1.1528         1.1533         1.1535         1.1536         1.1536         1.1537         1.1538         1.1538         1.1538         1.1539         1.1539         1.1540         1.1540         1.1540         1.1540         1.1540         1.1540         1.1540         1.1540         1.1540         1.1541         1.1541         1.1541         1.1541         1.1541         1.1541         1.1541         1.1541
26.500          0.97134        0.91716        0.90732        0.90644        0.90625        0.90630        0.90636        0.90641        0.90647        0.90650        0.90653        0.90655        0.90658        0.90661        0.90663        0.90664        0.90665        0.90666        0.90667        0.90668        0.90668        0.90669        0.90670        0.90671        0.90672        0.90673        0.90673        0.90673        0.90674        0.90674        0.90674
27.019          0.90075        0.80652        0.79050        0.78883        0.78844        0.78841        0.78841        0.78842        0.78843        0.78844        0.78845        0.78846        0.78846        0.78847        0.78848        0.78848        0.78849        0.78849        0.78849        0.78849        0.78850        0.78850        0.78850        0.78850        0.78851        0.78851        0.78851        0.78851        0.78851        0.78851        0.78851
27.539          0.90475        0.81284        0.79687        0.79513        0.79468        0.79461        0.79457        0.79456        0.79454        0.79453        0.79453        0.79452        0.79452        0.79451        0.79451        0.79451        0.79451        0.79451        0.79450        0.79450        0.79450        0.79450        0.79450        0.79450        0.79449        0.79449        0.79449        0.79449        0.79449        0.79449        0.79449
28.059          0.98537        0.93834        0.92943        0.92841        0.92802        0.92792        0.92786        0.92781        0.92777        0.92775        0.92773        0.92771        0.92769        0.92767        0.92766        0.92765        0.92764        0.92764        0.92763        0.92763        0.92762        0.92762        0.92761        0.92761        0.92760        0.92759        0.92759        0.92759        0.92759        0.92759        0.92759
28.578          1.0911         1.1659         1.1801         1.1814         1.1817         1.1817         1.1817         1.1816         1.1816         1.1815         1.1815         1.1815         1.1814         1.1814         1.1814         1.1814         1.1814         1.1814         1.1814         1.1814         1.1814         1.1813         1.1813         1.1813         1.1813         1.1813         1.1813         1.1813         1.1813         1.1813         1.1813
29.098          1.1294         1.2685         1.2963         1.2992         1.3000         1.3001         1.3002         1.3002         1.3002         1.3002         1.3002         1.3002         1.3002         1.3002         1.3002         1.3002         1.3002         1.3002         1.3002         1.3002         1.3002         1.3002         1.3002         1.3002         1.3002         1.3002         1.3002         1.3002         1.3002         1.3002         1.3002
29.617          1.0601         1.0919         1.0979         1.0987         1.0989         1.0990         1.0991         1.0991         1.0991         1.0992         1.0992         1.0992         1.0992         1.0992         1.0992         1.0992         1.0992         1.0993         1.0993         1.0993         1.0993         1.0993         1.0993         1.0993         1.0993         1.0993         1.0993         1.0993         1.0993         1.0993         1.0993
30.137          0.95491        0.88446        0.87228        0.87107        0.87076        0.87076        0.87078        0.87080        0.87082        0.87083        0.87084        0.87085        0.87086        0.87087        0.87088        0.87089        0.87089        0.87089        0.87090        0.87090        0.87090        0.87091        0.87091        0.87091        0.87092        0.87092        0.87092        0.87092        0.87092        0.87092        0.87092
30.657          0.89681        0.79887        0.78261        0.78087        0.78047        0.78043        0.78041        0.78041        0.78042        0.78042        0.78042        0.78043        0.78043        0.78043        0.78044        0.78044        0.78044        0.78044        0.78044        0.78044        0.78044        0.78044        0.78044        0.78044        0.78045        0.78045        0.78045        0.78045        0.78045        0.78045        0.78045
31.176          0.91630        0.82716        0.81184        0.81020        0.80977        0.80971        0.80969        0.80968        0.80968        0.80968        0.80968        0.80968        0.80968        0.80968        0.80968        0.80968        0.80968        0.80968        0.80969        0.80969        0.80969        0.80969        0.80969        0.80969        0.80969        0.80969        0.80969        0.80969        0.80969        0.80969        0.80969
31.696          1.0051         0.97824        0.97281        0.97222        0.97199        0.97196        0.97194        0.97193        0.97192        0.97192        0.97192        0.97192        0.97192        0.97192        0.97192        0.97193        0.97193        0.97193        0.97193        0.97193        0.97193        0.97193        0.97193        0.97193        0.97193        0.97193        0.97193        0.97193        0.97193        0.97193        0.97193
32.215          1.1048         1.2069         1.2266         1.2285         1.2291         1.2291         1.2291         1.2291         1.2291         1.2291         1.2291         1.2291         1.2291         1.2291         1.2291         1.2291         1.2291         1.2291         1.2291         1.2291         1.2291         1.2291         1.2291         1.2291         1.2291         1.2291         1.2291         1.2291         1.2291         1.2291         1.2291
32.735          1.1232         1.2523         1.2779         1.2805         1.2813         1.2813         1.2814         1.2814         1.2813         1.2813         1.2813         1.2813         1.2813         1.2813         1.2813         1.2813         1.2813         1.2813         1.2813         1.2813         1.2813         1.2813         1.2813         1.2813         1.2813         1.2813         1.2813         1.2813         1.2813         1.2813         1.2813
33.255          1.0394         1.0448         1.0456         1.0457         1.0457         1.0457         1.0457         1.0457         1.0457         1.0456         1.0456         1.0456         1.0456         1.0456         1.0456         1.0456         1.0456         1.0456         1.0456         1.0456         1.0456         1.0456         1.0456         1.0456         1.0456         1.0456         1.0456         1.0456         1.0456         1.0456         1.0456
33.774          0.93753        0.85765        0.84377        0.84231        0.84191        0.84187        0.84184        0.84184        0.84183        0.84182        0.84182        0.84182        0.84181        0.84181        0.84181        0.84180        0.84180        0.84180        0.84180        0.84180        0.84180        0.84180        0.84180        0.84179        0.84179        0.84179        0.84179        0.84179        0.84179        0.84179        0.84179
34.294          0.89254        0.79567        0.77926        0.77749        0.77708        0.77703        0.77702        0.77702        0.77702        0.77702        0.77702        0.77702        0.77702        0.77703        0.77703        0.77703        0.77703        0.77703        0.77703        0.77703        0.77703        0.77703        0.77703        0.77703        0.77703        0.77703        0.77703        0.77703        0.77704        0.77704        0.77704
34.813          0.92950        0.84612        0.83165        0.83014        0.82975        0.82973        0.82974        0.82976        0.82977        0.82979        0.82980        0.82981        0.82982        0.82983        0.82984        0.82985        0.82985        0.82985        0.82986        0.82986        0.82987        0.82987        0.82987        0.82988        0.82988        0.82989        0.82989        0.82989        0.82989        0.82989        0.82989
35.333          1.0297         1.0216         1.0202         1.0201         1.0200         1.0201         1.0201         1.0202         1.0202         1.0203         1.0203         1.0203         1.0203         1.0204         1.0204         1.0204         1.0204         1.0204         1.0204         1.0204         1.0204         1.0204         1.0204         1.0205         1.0205         1.0205         1.0205         1.0205         1.0205         1.0205         1.0205
35.853          1.1173         1.2394         1.2635         1.2660         1.2667         1.2668         1.2669         1.2669         1.2670         1.2670         1.2670         1.2670         1.2670         1.2670         1.2670         1.2670         1.2670         1.2670         1.2670         1.2670         1.2670         1.2671         1.2671         1.2671         1.2671         1.2671         1.2671         1.2671         1.2671         1.2671         1.2671
36.372          1.1112         1.2246         1.2466         1.2488         1.2494         1.2494         1.2494         1.2494         1.2493         1.2493         1.2493         1.2492         1.2492         1.2492         1.2492         1.2491         1.2491         1.2491         1.2491         1.2491         1.2491         1.2491         1.2491         1.2491         1.2491         1.2491         1.2491         1.2490         1.2490         1.2490         1.2490
36.892          1.0193         0.99993        0.99637        0.99596        0.99574        0.99564        0.99557        0.99551        0.99545        0.99541        0.99538        0.99535        0.99532        0.99529        0.99526        0.99525        0.99524        0.99523        0.99522        0.99521        0.99520        0.99519        0.99518        0.99517        0.99516        0.99516        0.99515        0.99515        0.99515        0.99514        0.99514
37.411          0.92597        0.83628        0.82126        0.81964        0.81919        0.81911        0.81906        0.81904        0.81901        0.81899        0.81898        0.81897        0.81896        0.81895        0.81893        0.81893        0.81893        0.81892        0.81892        0.81892        0.81891        0.81891        0.81890        0.81890        0.81890        0.81889        0.81889        0.81889        0.81889        0.81889        0.81889
37.931          0.89615        0.79682        0.78036        0.77861        0.77820        0.77816        0.77815        0.77816        0.77816        0.77817        0.77817        0.77818        0.77818        0.77819        0.77819        0.77819        0.77819        0.77819        0.77820        0.77820        0.77820        0.77820        0.77820        0.77820        0.77820        0.77821        0.77821        0.77821        0.77821        0.77821        0.77821
38.451          0.94553        0.87024        0.85704        0.85573        0.85543        0.85547        0.85551        0.85556        0.85561        0.85564        0.85567        0.85570        0.85572        0.85575        0.85577        0.85578        0.85579        0.85580        0.85581        0.85581        0.85582        0.85583        0.85584        0.85585        0.85586        0.85587        0.85587        0.85587        0.85587        0.85588        0.85588
38.970          1.0504         1.0677         1.0711         1.0716         1.0718         1.0719         1.0721         1.0722         1.0723         1.0723         1.0724         1.0724         1.0725         1.0725         1.0726         1.0726         1.0726         1.0726         1.0726         1.0726         1.0727         1.0727         1.0727         1.0727         1.0727         1.0727         1.0727         1.0727         1.0727         1.0727         1.0727
39.490          1.1275         1.2615         1.2886         1.2914         1.2923         1.2924         1.2925         1.2925         1.2926         1.2926         1.2926         1.2926         1.2926         1.2927         1.2927         1.2927         1.2927         1.2927         1.2927         1.2927         1.2927         1.2927         1.2927         1.2927         1.2927         1.2927         1.2927         1.2927         1.2927         1.2927         1.2927
40.009          1.0995         1.1874         1.2046         1.2062         1.2065         1.2064         1.2063         1.2062         1.2061         1.2061         1.2060         1.2060         1.2059         1.2059         1.2058         1.2058         1.2058         1.2058         1.2058         1.2058         1.2057         1.2057         1.2057         1.2057         1.2057         1.2057         1.2057         1.2057         1.2057         1.2057         1.2056
40.529          1.0004         0.95811        0.95085        0.94997        0.94956        0.94939        0.94927        0.94918        0.94908        0.94903        0.94899        0.94894        0.94890        0.94886        0.94882        0.94880        0.94879        0.94877        0.94876        0.94875        0.94873        0.94872        0.94871        0.94869        0.94868        0.94867        0.94866        0.94866        0.94865        0.94865        0.94864
41.049          0.91581        0.81964        0.80388        0.80216        0.80168        0.80159        0.80153        0.80149        0.80146        0.80144        0.80142        0.80141        0.80140        0.80138        0.80137        0.80136        0.80136        0.80135        0.80135        0.80134        0.80134        0.80134        0.80133        0.80133        0.80132        0.80132        0.80132        0.80131        0.80131        0.80131        0.80131
41.568          0.89895        0.80219        0.78595        0.78426        0.78388        0.78386        0.78387        0.78388        0.78390        0.78391        0.78392        0.78393        0.78394        0.78395        0.78396        0.78396        0.78396        0.78397        0.78397        0.78397        0.78398        0.78398        0.78398        0.78398        0.78399        0.78399        0.78399        0.78399        0.78399        0.78399        0.78400
42.088          0.96361        0.89997        0.88882        0.88785        0.88769        0.88779        0.88788        0.88796        0.88805        0.88810        0.88814        0.88818        0.88822        0.88826        0.88830        0.88831        0.88832        0.88833        0.88835        0.88836        0.88837        0.88839        0.88840        0.88841        0.88842        0.88844        0.88844        0.88845        0.88845        0.88845        0.88846
42.607          1.0697         1.1155         1.1244         1.1256         1.1262         1.1264         1.1266         1.1267         1.1269         1.1269         1.1270         1.1271         1.1271         1.1272         1.1272         1.1273         1.1273         1.1273         1.1273         1.1273         1.1274         1.1274         1.1274         1.1274         1.1274         1.1275         1.1275         1.1275         1.1275         1.1275         1.1275
43.127          1.1258         1.2718         1.3002         1.3030         1.3039         1.3040         1.3041         1.3041         1.3041         1.3041         1.3041         1.3041         1.3041         1.3041         1.3041         1.3041         1.3041         1.3041         1.3041         1.3041         1.3041         1.3041         1.3041         1.3041         1.3041         1.3041         1.3041         1.3041         1.3041         1.3041         1.3041
43.647          1.0785         1.1433         1.1546         1.1554         1.1555         1.1553         1.1551         1.1550         1.1549         1.1548         1.1547         1.1546         1.1546         1.1545         1.1545         1.1544         1.1544         1.1544         1.1544         1.1544         1.1543         1.1543         1.1543         1.1543         1.1543         1.1542         1.1542         1.1542         1.1542         1.1542         1.1542
44.166          0.97630        0.92003        0.90968        0.90837        0.90783        0.90763        0.90749        0.90739        0.90729        0.90723        0.90718        0.90714        0.90709        0.90705        0.90701        0.90699        0.90698        0.90696        0.90695        0.90694        0.90692        0.90691        0.90689        0.90688        0.90686        0.90685        0.90684        0.90684        0.90684        0.90683        0.90683
44.686          0.90293        0.80731        0.79115        0.78936        0.78888        0.78878        0.78873        0.78869        0.78866        0.78865        0.78863        0.78862        0.78861        0.78860        0.78858        0.78858        0.78858        0.78857        0.78857        0.78857        0.78856        0.78856        0.78855        0.78855        0.78855        0.78854        0.78854        0.78854        0.78854        0.78854        0.78854
45.205          0.90368        0.81189        0.79617        0.79459        0.79425        0.79425        0.79427        0.79429        0.79432        0.79434        0.79435        0.79437        0.79438        0.79440        0.79441        0.79442        0.79442        0.79442        0.79443        0.79443        0.79444        0.79444        0.79445        0.79445        0.79446        0.79446        0.79446        0.79446        0.79447        0.79447        0.79447
45.725          0.98074        0.93536        0.92710        0.92656        0.92654        0.92669        0.92681        0.92691        0.92702        0.92708        0.92713        0.92718        0.92722        0.92727        0.92732        0.92733        0.92735        0.92736        0.92738        0.92739        0.92741        0.92742        0.92744        0.92745        0.92747        0.92748        0.92749        0.92749        0.92750        0.92750        0.92751
46.245          1.0845         1.1624         1.1772         1.1791         1.1798         1.1801         1.1803         1.1805         1.1806         1.1807         1.1807         1.1808         1.1808         1.1809         1.1810         1.1810         1.1810         1.1810         1.1810         1.1811         1.1811         1.1811         1.1811         1.1811         1.1812         1.1812         1.1812         1.1812         1.1812         1.1812         1.1812
46.764          1.1225         1.2690         1.2967         1.2994         1.3003         1.3003         1.3003         1.3003         1.3003         1.3003         1.3003         1.3003         1.3002         1.3002         1.3002         1.3002         1.3002         1.3002         1.3002         1.3002         1.3002         1.3002         1.3002         1.3002         1.3002         1.3002         1.3002         1.3002         1.3002         1.3002         1.3002
47.284          1.0568         1.0954         1.1007         1.1009         1.1007         1.1004         1.1003         1.1001         1.1000         1.0999         1.0999         1.0998         1.0998         1.0997         1.0996         1.0996         1.0996         1.0996         1.0996         1.0995         1.0995         1.0995         1.0995         1.0995         1.0994         1.0994         1.0994         1.0994         1.0994         1.0994         1.0994
47.803          0.95264        0.88662        0.87399        0.87240        0.87183        0.87165        0.87153        0.87144        0.87135        0.87131        0.87127        0.87123        0.87119        0.87116        0.87112        0.87111        0.87110        0.87109        0.87108        0.87107        0.87105        0.87104        0.87103        0.87102        0.87101        0.87100        0.87099        0.87099        0.87099        0.87098        0.87098
48.323          0.89231        0.79929        0.78297        0.78117        0.78070        0.78062        0.78058        0.78056        0.78054        0.78053        0.78052        0.78051        0.78050        0.78050        0.78049        0.78049        0.78049        0.78048        0.78048        0.78048        0.78048        0.78047        0.78047        0.78047        0.78047        0.78047        0.78046        0.78046        0.78046        0.78046        0.78046
48.843          0.91061        0.82625        0.81122        0.80974        0.80941        0.80942        0.80944        0.80947        0.80951        0.80953        0.80954        0.80956        0.80957        0.80959        0.80961        0.80961        0.80962        0.80962        0.80963        0.80963        0.80964        0.80964        0.80965        0.80965        0.80966        0.80966        0.80967        0.80967        0.80967        0.80967        0.80967
49.362          1.0003         0.97598        0.97109        0.97091        0.97097        0.97111        0.97123        0.97133        0.97142        0.97148        0.97152        0.97157        0.97162        0.97166        0.97170        0.97172        0.97173        0.97174        0.97176        0.97177        0.97179        0.97180        0.97181        0.97183        0.97184        0.97186        0.97186        0.97187        0.97187        0.97188        0.97188
49.882          1.1022         1.2048         1.2248         1.2271         1.2280         1.2282         1.2284         1.2285         1.2286         1.2287         1.2287         1.2287         1.2288         1.2288         1.2289         1.2289         1.2289         1.2289         1.2289         1.2289         1.2290         1.2290         1.2290         1.2290         1.2290         1.2290         1.2290         1.2290         1.2290         1.2290         1.2291
50.401          1.1206         1.2530         1.2783         1.2808         1.2815         1.2815         1.2815         1.2815         1.2815         1.2814         1.2814         1.2814         1.2814         1.2814         1.2813         1.2813         1.2813         1.2813         1.2813         1.2813         1.2813         1.2813         1.2813         1.2813         1.2813         1.2813         1.2813         1.2813         1.2813         1.2813         1.2813
50.921          1.0383         1.0467         1.0471         1.0468         1.0466         1.0464         1.0463         1.0462         1.0461         1.0460         1.0460         1.0459         1.0459         1.0458         1.0458         1.0458         1.0458         1.0457         1.0457         1.0457         1.0457         1.0457         1.0457         1.0457         1.0456         1.0456         1.0456         1.0456         1.0456         1.0456         1.0456
51.441          0.93773        0.85862        0.84455        0.84290        0.84237        0.84224        0.84216        0.84210        0.84205        0.84202        0.84200        0.84197        0.84195        0.84193        0.84190        0.84190        0.84189        0.84188        0.84188        0.84187        0.84186        0.84185        0.84185        0.84184        0.84183        0.84182        0.84182        0.84182        0.84182        0.84182        0.84181
51.960          0.89165        0.79581        0.77943        0.77764        0.77720        0.77713        0.77710        0.77709        0.77707        0.77707        0.77707        0.77706        0.77706        0.77706        0.77705        0.77705        0.77705        0.77705        0.77705        0.77705        0.77705        0.77705        0.77705        0.77704        0.77704        0.77704        0.77704        0.77704        0.77704        0.77704        0.77704
52.480          0.92854        0.84583        0.83154        0.83007        0.82972        0.82971        0.82972        0.82974        0.82976        0.82978        0.82979        0.82980        0.82981        0.82983        0.82984        0.82984        0.82985        0.82985        0.82986        0.82986        0.82986        0.82987        0.82987        0.82988        0.82988        0.82988        0.82989        0.82989        0.82989        0.82989        0.82989
52.999          1.0291         1.0210         1.0198         1.0198         1.0199         1.0200         1.0201         1.0201         1.0202         1.0202         1.0202         1.0203         1.0203         1.0203         1.0204         1.0204         1.0204         1.0204         1.0204         1.0204         1.0204         1.0204         1.0204         1.0204         1.0205         1.0205         1.0205         1.0205         1.0205         1.0205         1.0205
