0.0000          1.0266         1.0196         1.0193         1.0194         1.0195         1.0196         1.0197         1.0197         1.0198         1.0199         1.0199         1.0199         1.0200         1.0200         1.0201         1.0201         1.0201         1.0201         1.0202         1.0202         1.0202         1.0202         1.0202         1.0203         1.0203         1.0203         1.0203         1.0203         1.0203         1.0204         1.0204
0.51960         1.1166         1.2029         1.2249         1.2268         1.2272         1.2274         1.2276         1.2276         1.2277         1.2278         1.2278         1.2279         1.2279         1.2279         1.2280         1.2280         1.2281         1.2281         1.2281         1.2281         1.2281         1.2281         1.2282         1.2282         1.2282         1.2282         1.2282         1.2282         1.2283         1.2283         1.2283
1.0392          1.1016         1.1721         1.1898         1.1912         1.1914         1.1915         1.1915         1.1915         1.1915         1.1915         1.1915         1.1915         1.1915         1.1914         1.1914         1.1914         1.1914         1.1914         1.1914         1.1914         1.1914         1.1914         1.1914         1.1914         1.1914         1.1914         1.1914         1.1914         1.1914         1.1914         1.1914
1.5588          1.0006         0.97389        0.96866        0.96814        0.96799        0.96789        0.96784        0.96779        0.96774        0.96769        0.96767        0.96764        0.96761        0.96759        0.96756        0.96753        0.96751        0.96750        0.96749        0.96747        0.96746        0.96745        0.96743        0.96742        0.96741        0.96740        0.96738        0.96737        0.96736        0.96735        0.96734
2.0784          0.91372        0.84042        0.82509        0.82385        0.82358        0.82347        0.82341        0.82337        0.82333        0.82329        0.82327        0.82325        0.82323        0.82322        0.82320        0.82318        0.82316        0.82315        0.82315        0.82314        0.82313        0.82312        0.82311        0.82310        0.82309        0.82308        0.82308        0.82307        0.82306        0.82305        0.82305
2.5980          0.90607        0.83193        0.81619        0.81493        0.81467        0.81457        0.81452        0.81449        0.81446        0.81444        0.81443        0.81441        0.81440        0.81439        0.81438        0.81437        0.81436        0.81436        0.81435        0.81435        0.81434        0.81434        0.81433        0.81433        0.81432        0.81432        0.81432        0.81431        0.81431        0.81430        0.81430
3.1176          0.98351        0.94849        0.94114        0.94047        0.94032        0.94025        0.94023        0.94021        0.94019        0.94018        0.94018        0.94017        0.94017        0.94017        0.94016        0.94016        0.94016        0.94016        0.94016        0.94016        0.94015        0.94015        0.94015        0.94015        0.94015        0.94015        0.94015        0.94015        0.94015        0.94015        0.94015
3.6372          1.0893         1.1485         1.1634         1.1645         1.1647         1.1648         1.1648         1.1648         1.1649         1.1649         1.1649         1.1649         1.1649         1.1649         1.1649         1.1650         1.1650         1.1650         1.1650         1.1650         1.1650         1.1650         1.1650         1.1650         1.1650         1.1650         1.1650         1.1650         1.1651         1.1651         1.1651
4.1568          1.1198         1.2149         1.2388         1.2408         1.2412         1.2414         1.2415         1.2416         1.2416         1.2417         1.2417         1.2417         1.2418         1.2418         1.2418         1.2418         1.2419         1.2419         1.2419         1.2419         1.2419         1.2419         1.2419         1.2419         1.2419         1.2420         1.2420         1.2420         1.2420         1.2420         1.2420
4.6764          1.0399         1.0483         1.0510         1.0514         1.0515         1.0516         1.0516         1.0517         1.0517         1.0517         1.0517         1.0518         1.0518         1.0518         1.0518         1.0518         1.0518         1.0518         1.0518         1.0518         1.0518         1.0518         1.0518         1.0519         1.0519         1.0519         1.0519         1.0519         1.0519         1.0519         1.0519
5.1960          0.93553        0.87493        0.86188        0.86092        0.86077        0.86074        0.86073        0.86072        0.86072        0.86072        0.86071        0.86071        0.86071        0.86071        0.86071        0.86070        0.86070        0.86070        0.86070        0.86070        0.86069        0.86069        0.86069        0.86069        0.86069        0.86068        0.86068        0.86068        0.86068        0.86068        0.86068
5.7156          0.89438        0.82078        0.80447        0.80319        0.80294        0.80283        0.80279        0.80276        0.80273        0.80270        0.80269        0.80267        0.80266        0.80264        0.80263        0.80262        0.80261        0.80260        0.80259        0.80259        0.80258        0.80258        0.80257        0.80256        0.80256        0.80255        0.80254        0.80254        0.80253        0.80253        0.80252
6.2352          0.94385        0.89101        0.87876        0.87765        0.87736        0.87721        0.87713        0.87707        0.87700        0.87695        0.87692        0.87690        0.87687        0.87684        0.87681        0.87678        0.87676        0.87675        0.87674        0.87673        0.87672        0.87671        0.87669        0.87668        0.87667        0.87666        0.87665        0.87664        0.87662        0.87662        0.87661
6.7548          1.0525         1.0754         1.0806         1.0807         1.0806         1.0805         1.0804         1.0804         1.0803         1.0802         1.0802         1.0802         1.0801         1.0801         1.0801         1.0800         1.0800         1.0800         1.0800         1.0800         1.0800         1.0800         1.0799         1.0799         1.0799         1.0799         1.0799         1.0799         1.0799         1.0799         1.0799
7.2744          1.1222         1.2222         1.2467         1.2486         1.2489         1.2491         1.2491         1.2491         1.2492         1.2492         1.2492         1.2492         1.2492         1.2492         1.2492         1.2493         1.2493         1.2493         1.2493         1.2493         1.2493         1.2493         1.2493         1.2493         1.2493         1.2493         1.2493         1.2493         1.2493         1.2494         1.2494
7.7940          1.0753         1.1248         1.1369         1.1381         1.1385         1.1387         1.1388         1.1389         1.1390         1.1391         1.1391         1.1392         1.1392         1.1393         1.1393         1.1394         1.1394         1.1395         1.1395         1.1395         1.1395         1.1395         1.1396         1.1396         1.1396         1.1396         1.1396         1.1397         1.1397         1.1397         1.1397
8.3136          0.96737        0.92669        0.91800        0.91749        0.91752        0.91760        0.91766        0.91773        0.91779        0.91784        0.91787        0.91790        0.91793        0.91796        0.91798        0.91801        0.91804        0.91805        0.91806        0.91807        0.91808        0.91810        0.91811        0.91812        0.91813        0.91814        0.91816        0.91817        0.91818        0.91819        0.91819
8.8332          0.89962        0.82578        0.81003        0.80888        0.80870        0.80866        0.80865        0.80865        0.80865        0.80865        0.80865        0.80865        0.80865        0.80865        0.80865        0.80865        0.80865        0.80865        0.80864        0.80864        0.80864        0.80864        0.80864        0.80864        0.80864        0.80864        0.80864        0.80864        0.80864        0.80864        0.80864
9.3528          0.91705        0.84964        0.83493        0.83371        0.83343        0.83330        0.83323        0.83317        0.83312        0.83307        0.83304        0.83301        0.83298        0.83296        0.83293        0.83290        0.83288        0.83286        0.83285        0.83284        0.83282        0.83281        0.83280        0.83279        0.83277        0.83276        0.83275        0.83273        0.83272        0.83271        0.83270
9.8724          1.0130         0.99791        0.99475        0.99423        0.99399        0.99380        0.99367        0.99356        0.99345        0.99336        0.99331        0.99325        0.99320        0.99314        0.99308        0.99303        0.99299        0.99296        0.99294        0.99291        0.99289        0.99286        0.99284        0.99281        0.99279        0.99276        0.99273        0.99271        0.99268        0.99267        0.99265
10.392          1.1137         1.1909         1.2105         1.2118         1.2119         1.2119         1.2118         1.2118         1.2117         1.2117         1.2116         1.2116         1.2116         1.2115         1.2115         1.2115         1.2114         1.2114         1.2114         1.2114         1.2114         1.2114         1.2114         1.2114         1.2113         1.2113         1.2113         1.2113         1.2113         1.2113         1.2113
10.912          1.1104         1.1890         1.2088         1.2105         1.2109         1.2111         1.2112         1.2113         1.2114         1.2114         1.2115         1.2115         1.2116         1.2116         1.2117         1.2117         1.2118         1.2118         1.2118         1.2118         1.2119         1.2119         1.2119         1.2119         1.2120         1.2120         1.2120         1.2120         1.2120         1.2121         1.2121
11.431          1.0096         0.99504        0.99232        0.99230        0.99245        0.99261        0.99273        0.99284        0.99295        0.99304        0.99310        0.99316        0.99321        0.99327        0.99333        0.99339        0.99344        0.99346        0.99349        0.99352        0.99354        0.99357        0.99360        0.99363        0.99365        0.99368        0.99371        0.99374        0.99376        0.99378        0.99380
11.951          0.91583        0.84823        0.83381        0.83282        0.83272        0.83274        0.83278        0.83282        0.83286        0.83289        0.83291        0.83293        0.83296        0.83298        0.83300        0.83302        0.83304        0.83305        0.83306        0.83306        0.83307        0.83308        0.83309        0.83310        0.83311        0.83312        0.83313        0.83314        0.83315        0.83316        0.83316
12.470          0.89752        0.82587        0.81016        0.80897        0.80876        0.80869        0.80865        0.80863        0.80861        0.80859        0.80858        0.80856        0.80855        0.80854        0.80852        0.80851        0.80850        0.80849        0.80848        0.80848        0.80847        0.80846        0.80845        0.80845        0.80844        0.80843        0.80842        0.80842        0.80841        0.80840        0.80840
12.990          0.96821        0.92835        0.91946        0.91865        0.91841        0.91826        0.91816        0.91808        0.91799        0.91792        0.91786        0.91781        0.91776        0.91771        0.91766        0.91761        0.91757        0.91754        0.91752        0.91749        0.91746        0.91744        0.91741        0.91739        0.91736        0.91733        0.91731        0.91728        0.91726        0.91724        0.91722
13.510          1.0796         1.1274         1.1393         1.1399         1.1399         1.1398         1.1397         1.1396         1.1395         1.1394         1.1393         1.1393         1.1392         1.1391         1.1391         1.1390         1.1390         1.1389         1.1389         1.1389         1.1388         1.1388         1.1388         1.1387         1.1387         1.1387         1.1386         1.1386         1.1386         1.1386         1.1385
14.029          1.1213         1.2230         1.2472         1.2490         1.2493         1.2494         1.2494         1.2495         1.2495         1.2495         1.2495         1.2495         1.2495         1.2495         1.2495         1.2495         1.2496         1.2496         1.2496         1.2496         1.2496         1.2496         1.2496         1.2496         1.2496         1.2496         1.2496         1.2496         1.2497         1.2497         1.2497
14.549          1.0487         1.0738         1.0790         1.0795         1.0797         1.0799         1.0800         1.0801         1.0802         1.0803         1.0803         1.0804         1.0805         1.0805         1.0806         1.0807         1.0807         1.0808         1.0808         1.0808         1.0809         1.0809         1.0809         1.0810         1.0810         1.0810         1.0811         1.0811         1.0811         1.0812         1.0812
15.068          0.94407        0.88942        0.87739        0.87658        0.87653        0.87658        0.87664        0.87670        0.87677        0.87682        0.87686        0.87690        0.87694        0.87699        0.87703        0.87707        0.87710        0.87712        0.87714        0.87716        0.87718        0.87720        0.87722        0.87724        0.87727        0.87729        0.87731        0.87733        0.87735        0.87736        0.87738
15.588          0.89377        0.81989        0.80379        0.80263        0.80247        0.80244        0.80244        0.80245        0.80246        0.80246        0.80247        0.80247        0.80248        0.80248        0.80248        0.80249        0.80249        0.80249        0.80249        0.80249        0.80249        0.80250        0.80250        0.80250        0.80250        0.80250        0.80250        0.80250        0.80250        0.80250        0.80250
16.108          0.93101        0.87466        0.86176        0.86076        0.86057        0.86049        0.86044        0.86040        0.86036        0.86032        0.86029        0.86026        0.86023        0.86020        0.86017        0.86014        0.86011        0.86009        0.86008        0.86006        0.86004        0.86002        0.86000        0.85998        0.85996        0.85995        0.85993        0.85991        0.85989        0.85988        0.85987
16.627          1.0353         1.0490         1.0517         1.0518         1.0518         1.0517         1.0516         1.0515         1.0514         1.0513         1.0513         1.0512         1.0512         1.0511         1.0510         1.0510         1.0509         1.0509         1.0509         1.0508         1.0508         1.0508         1.0507         1.0507         1.0507         1.0506         1.0506         1.0505         1.0505         1.0505         1.0505
17.147          1.1172         1.2165         1.2402         1.2419         1.2421         1.2422         1.2421         1.2421         1.2420         1.2420         1.2420         1.2420         1.2419         1.2419         1.2419         1.2418         1.2418         1.2418         1.2418         1.2418         1.2418         1.2418         1.2417         1.2417         1.2417         1.2417         1.2417         1.2417         1.2417         1.2417         1.2416
17.666          1.0872         1.1495         1.1642         1.1653         1.1655         1.1655         1.1656         1.1657         1.1657         1.1658         1.1658         1.1659         1.1659         1.1659         1.1660         1.1660         1.1661         1.1661         1.1661         1.1662         1.1662         1.1662         1.1662         1.1663         1.1663         1.1663         1.1664         1.1664         1.1664         1.1664         1.1665
18.186          0.98445        0.94831        0.94097        0.94045        0.94041        0.94044        0.94049        0.94055        0.94060        0.94066        0.94070        0.94075        0.94080        0.94085        0.94089        0.94094        0.94098        0.94101        0.94104        0.94106        0.94109        0.94112        0.94115        0.94118        0.94121        0.94124        0.94126        0.94129        0.94132        0.94134        0.94136
18.706          0.90781        0.83114        0.81556        0.81444        0.81429        0.81426        0.81428        0.81430        0.81432        0.81434        0.81436        0.81437        0.81439        0.81441        0.81442        0.81444        0.81446        0.81447        0.81447        0.81448        0.81449        0.81450        0.81451        0.81452        0.81453        0.81454        0.81455        0.81456        0.81457        0.81458        0.81458
19.225          0.91086        0.83915        0.82398        0.82288        0.82271        0.82267        0.82266        0.82265        0.82264        0.82263        0.82262        0.82261        0.82260        0.82259        0.82258        0.82257        0.82256        0.82255        0.82254        0.82253        0.82252        0.82252        0.82251        0.82250        0.82249        0.82248        0.82248        0.82247        0.82246        0.82245        0.82245
19.745          0.99849        0.97238        0.96711        0.96670        0.96664        0.96661        0.96657        0.96654        0.96650        0.96647        0.96643        0.96639        0.96635        0.96631        0.96627        0.96623        0.96619        0.96617        0.96614        0.96611        0.96609        0.96606        0.96603        0.96601        0.96598        0.96595        0.96592        0.96590        0.96587        0.96585        0.96583
20.264          1.1062         1.1721         1.1895         1.1908         1.1909         1.1910         1.1910         1.1909         1.1909         1.1908         1.1908         1.1908         1.1907         1.1907         1.1906         1.1906         1.1906         1.1905         1.1905         1.1905         1.1904         1.1904         1.1904         1.1904         1.1903         1.1903         1.1903         1.1903         1.1902         1.1902         1.1902
20.784          1.1206         1.2052         1.2272         1.2288         1.2290         1.2291         1.2291         1.2291         1.2291         1.2291         1.2291         1.2291         1.2291         1.2292         1.2292         1.2292         1.2292         1.2292         1.2292         1.2292         1.2292         1.2293         1.2293         1.2293         1.2293         1.2293         1.2293         1.2293         1.2293         1.2293         1.2294
21.304          1.0261         1.0216         1.0215         1.0214         1.0214         1.0213         1.0214         1.0214         1.0214         1.0214         1.0215         1.0215         1.0216         1.0216         1.0216         1.0217         1.0217         1.0218         1.0218         1.0218         1.0218         1.0219         1.0219         1.0219         1.0219         1.0220         1.0220         1.0220         1.0221         1.0221         1.0221
21.823          0.92586        0.86012        0.84644        0.84541        0.84523        0.84519        0.84519        0.84521        0.84522        0.84524        0.84526        0.84529        0.84531        0.84533        0.84535        0.84538        0.84539        0.84541        0.84543        0.84544        0.84546        0.84547        0.84549        0.84550        0.84552        0.84553        0.84555        0.84556        0.84558        0.84559        0.84560
22.343          0.89821        0.82150        0.80571        0.80456        0.80439        0.80434        0.80433        0.80434        0.80434        0.80434        0.80434        0.80434        0.80434        0.80435        0.80435        0.80435        0.80435        0.80435        0.80435        0.80435        0.80435        0.80435        0.80435        0.80435        0.80435        0.80435        0.80435        0.80435        0.80435        0.80435        0.80435
22.862          0.95894        0.90748        0.89702        0.89628        0.89619        0.89618        0.89617        0.89616        0.89615        0.89614        0.89612        0.89610        0.89609        0.89607        0.89605        0.89603        0.89601        0.89600        0.89598        0.89597        0.89595        0.89594        0.89593        0.89591        0.89590        0.89588        0.89587        0.89585        0.89584        0.89583        0.89582
23.382          1.0698         1.1011         1.1095         1.1102         1.1103         1.1104         1.1104         1.1104         1.1104         1.1103         1.1103         1.1103         1.1102         1.1102         1.1102         1.1101         1.1101         1.1101         1.1101         1.1100         1.1100         1.1100         1.1100         1.1099         1.1099         1.1099         1.1099         1.1098         1.1098         1.1098         1.1098
23.902          1.1284         1.2260         1.2503         1.2521         1.2524         1.2525         1.2525         1.2525         1.2525         1.2525         1.2525         1.2525         1.2525         1.2525         1.2525         1.2525         1.2525         1.2525         1.2524         1.2524         1.2524         1.2524         1.2524         1.2524         1.2524         1.2524         1.2524         1.2524         1.2524         1.2524         1.2524
24.421          1.0677         1.1017         1.1100         1.1105         1.1106         1.1106         1.1106         1.1106         1.1106         1.1106         1.1106         1.1106         1.1107         1.1107         1.1107         1.1107         1.1108         1.1108         1.1108         1.1108         1.1108         1.1109         1.1109         1.1109         1.1109         1.1109         1.1109         1.1110         1.1110         1.1110         1.1110
24.941          0.95574        0.90794        0.89743        0.89655        0.89637        0.89630        0.89629        0.89629        0.89630        0.89631        0.89633        0.89635        0.89637        0.89639        0.89641        0.89643        0.89645        0.89646        0.89648        0.89650        0.89651        0.89653        0.89654        0.89656        0.89658        0.89659        0.89661        0.89662        0.89664        0.89665        0.89666
25.460          0.89276        0.82158        0.80582        0.80463        0.80442        0.80436        0.80434        0.80434        0.80434        0.80434        0.80435        0.80435        0.80436        0.80437        0.80437        0.80438        0.80439        0.80439        0.80440        0.80440        0.80441        0.80442        0.80442        0.80443        0.80443        0.80444        0.80444        0.80445        0.80445        0.80446        0.80446
25.980          0.91997        0.85983        0.84629        0.84530        0.84515        0.84511        0.84510        0.84509        0.84509        0.84508        0.84507        0.84507        0.84506        0.84506        0.84505        0.84505        0.84504        0.84504        0.84503        0.84503        0.84503        0.84502        0.84502        0.84502        0.84501        0.84501        0.84500        0.84500        0.84500        0.84499        0.84499
26.500          1.0225         1.0210         1.0210         1.0211         1.0212         1.0212         1.0212         1.0212         1.0212         1.0212         1.0211         1.0211         1.0211         1.0211         1.0211         1.0211         1.0210         1.0210         1.0210         1.0210         1.0210         1.0210         1.0210         1.0209         1.0209         1.0209         1.0209         1.0209         1.0209         1.0209         1.0209
27.019          1.1150         1.2049         1.2268         1.2286         1.2289         1.2290         1.2290         1.2290         1.2290         1.2290         1.2290         1.2290         1.2290         1.2290         1.2290         1.2289         1.2289         1.2289         1.2289         1.2289         1.2289         1.2289         1.2289         1.2288         1.2288         1.2288         1.2288         1.2288         1.2288         1.2288         1.2288
27.539          1.1000         1.1725         1.1896         1.1908         1.1910         1.1911         1.1911         1.1911         1.1912         1.1912         1.1912         1.1912         1.1912         1.1912         1.1912         1.1912         1.1912         1.1912         1.1912         1.1912         1.1912         1.1912         1.1912         1.1912         1.1912         1.1912         1.1913         1.1913         1.1913         1.1913         1.1913
28.059          0.99859        0.97291        0.96742        0.96689        0.96678        0.96674        0.96673        0.96674        0.96674        0.96675        0.96676        0.96678        0.96679        0.96681        0.96682        0.96683        0.96685        0.96686        0.96687        0.96688        0.96689        0.96690        0.96691        0.96692        0.96693        0.96694        0.96695        0.96696        0.96697        0.96698        0.96699
28.578          0.91184        0.83939        0.82418        0.82299        0.82277        0.82269        0.82268        0.82267        0.82267        0.82267        0.82268        0.82269        0.82269        0.82270        0.82271        0.82272        0.82272        0.82273        0.82274        0.82274        0.82275        0.82276        0.82276        0.82277        0.82278        0.82278        0.82279        0.82280        0.82280        0.82281        0.82281
29.098          0.90529        0.83114        0.81566        0.81448        0.81426        0.81419        0.81417        0.81416        0.81415        0.81414        0.81414        0.81414        0.81414        0.81415        0.81415        0.81415        0.81415        0.81416        0.81416        0.81416        0.81416        0.81417        0.81417        0.81417        0.81417        0.81418        0.81418        0.81418        0.81419        0.81419        0.81419
29.617          0.98352        0.94809        0.94100        0.94044        0.94033        0.94028        0.94026        0.94024        0.94023        0.94022        0.94021        0.94021        0.94020        0.94020        0.94019        0.94019        0.94018        0.94018        0.94018        0.94018        0.94018        0.94018        0.94018        0.94017        0.94017        0.94017        0.94017        0.94017        0.94017        0.94017        0.94017
30.137          1.0912         1.1491         1.1640         1.1652         1.1654         1.1655         1.1655         1.1655         1.1655         1.1654         1.1654         1.1654         1.1654         1.1654         1.1654         1.1654         1.1654         1.1654         1.1654         1.1654         1.1653         1.1653         1.1653         1.1653         1.1653         1.1653         1.1653         1.1653         1.1653         1.1653         1.1653
30.657          1.1225         1.2163         1.2400         1.2419         1.2422         1.2423         1.2424         1.2424         1.2424         1.2424         1.2424         1.2424         1.2424         1.2424         1.2424         1.2424         1.2424         1.2424         1.2424         1.2424         1.2424         1.2423         1.2423         1.2423         1.2423         1.2423         1.2423         1.2423         1.2423         1.2423         1.2423
31.176          1.0409         1.0490         1.0516         1.0518         1.0518         1.0519         1.0519         1.0519         1.0520         1.0520         1.0520         1.0520         1.0520         1.0520         1.0520         1.0520         1.0520         1.0520         1.0520         1.0520         1.0520         1.0520         1.0520         1.0520         1.0520         1.0520         1.0520         1.0520         1.0520         1.0520         1.0520
31.696          0.93541        0.87474        0.86170        0.86072        0.86056        0.86053        0.86052        0.86053        0.86053        0.86054        0.86055        0.86055        0.86056        0.86056        0.86057        0.86057        0.86058        0.86058        0.86058        0.86058        0.86059        0.86059        0.86059        0.86059        0.86060        0.86060        0.86060        0.86060        0.86061        0.86061        0.86061
32.215          0.89504        0.82003        0.80383        0.80259        0.80236        0.80229        0.80227        0.80227        0.80226        0.80226        0.80226        0.80227        0.80227        0.80228        0.80229        0.80229        0.80230        0.80230        0.80231        0.80231        0.80231        0.80232        0.80232        0.80233        0.80233        0.80234        0.80234        0.80235        0.80235        0.80236        0.80236
32.735          0.94681        0.88976        0.87758        0.87655        0.87633        0.87624        0.87620        0.87619        0.87617        0.87617        0.87617        0.87618        0.87619        0.87619        0.87620        0.87621        0.87621        0.87622        0.87623        0.87624        0.87624        0.87625        0.87626        0.87627        0.87627        0.87628        0.87629        0.87630        0.87630        0.87631        0.87631
33.255          1.0553         1.0744         1.0794         1.0796         1.0796         1.0795         1.0795         1.0795         1.0795         1.0795         1.0795         1.0795         1.0795         1.0795         1.0795         1.0795         1.0795         1.0795         1.0795         1.0795         1.0795         1.0795         1.0795         1.0795         1.0795         1.0795         1.0795         1.0796         1.0796         1.0796         1.0796
33.774          1.1238         1.2230         1.2474         1.2493         1.2496         1.2497         1.2497         1.2497         1.2497         1.2497         1.2497         1.2497         1.2497         1.2497         1.2497         1.2496         1.2496         1.2496         1.2496         1.2496         1.2496         1.2496         1.2496         1.2496         1.2496         1.2496         1.2496         1.2496         1.2496         1.2496         1.2496
34.294          1.0779         1.1267         1.1390         1.1401         1.1404         1.1405         1.1405         1.1405         1.1406         1.1406         1.1405         1.1405         1.1405         1.1405         1.1405         1.1405         1.1405         1.1404         1.1404         1.1404         1.1404         1.1404         1.1404         1.1404         1.1403         1.1403         1.1403         1.1403         1.1403         1.1403         1.1403
34.813          0.97123        0.92767        0.91911        0.91858        0.91856        0.91858        0.91860        0.91861        0.91862        0.91863        0.91863        0.91862        0.91861        0.91861        0.91860        0.91860        0.91859        0.91859        0.91858        0.91857        0.91856        0.91856        0.91855        0.91854        0.91853        0.91853        0.91852        0.91851        0.91850        0.91850        0.91849
35.333          0.90159        0.82549        0.80987        0.80874        0.80857        0.80853        0.80853        0.80854        0.80854        0.80855        0.80855        0.80855        0.80856        0.80856        0.80857        0.80857        0.80857        0.80858        0.80858        0.80858        0.80858        0.80858        0.80858        0.80859        0.80859        0.80859        0.80859        0.80859        0.80859        0.80860        0.80860
35.853          0.91614        0.84822        0.83355        0.83238        0.83217        0.83210        0.83209        0.83209        0.83209        0.83210        0.83211        0.83212        0.83214        0.83215        0.83217        0.83218        0.83219        0.83220        0.83222        0.83223        0.83224        0.83225        0.83226        0.83227        0.83228        0.83229        0.83230        0.83231        0.83232        0.83233        0.83234
36.372          1.0123         0.99568        0.99226        0.99179        0.99165        0.99157        0.99156        0.99155        0.99155        0.99156        0.99158        0.99161        0.99163        0.99165        0.99167        0.99170        0.99172        0.99174        0.99176        0.99177        0.99179        0.99181        0.99183        0.99185        0.99187        0.99189        0.99191        0.99193        0.99194        0.99196        0.99197
36.892          1.1135         1.1902         1.2094         1.2107         1.2108         1.2108         1.2108         1.2108         1.2108         1.2108         1.2108         1.2108         1.2108         1.2108         1.2108         1.2108         1.2108         1.2109         1.2109         1.2109         1.2109         1.2109         1.2109         1.2109         1.2109         1.2109         1.2109         1.2109         1.2109         1.2110         1.2110
37.411          1.1124         1.1914         1.2114         1.2129         1.2132         1.2133         1.2133         1.2133         1.2133         1.2132         1.2132         1.2132         1.2131         1.2131         1.2131         1.2131         1.2130         1.2130         1.2130         1.2130         1.2129         1.2129         1.2129         1.2129         1.2129         1.2128         1.2128         1.2128         1.2128         1.2128         1.2128
37.931          1.0144         0.99743        0.99505        0.99499        0.99504        0.99507        0.99507        0.99506        0.99505        0.99504        0.99501        0.99498        0.99495        0.99492        0.99489        0.99487        0.99484        0.99482        0.99480        0.99478        0.99475        0.99473        0.99471        0.99469        0.99467        0.99465        0.99463        0.99460        0.99458        0.99456        0.99455
38.451          0.91869        0.84875        0.83463        0.83367        0.83355        0.83353        0.83353        0.83353        0.83354        0.83354        0.83353        0.83352        0.83352        0.83351        0.83350        0.83350        0.83349        0.83349        0.83348        0.83347        0.83347        0.83346        0.83345        0.83345        0.83344        0.83343        0.83343        0.83342        0.83341        0.83341        0.83341
38.970          0.89958        0.82465        0.80919        0.80808        0.80792        0.80789        0.80790        0.80792        0.80794        0.80795        0.80797        0.80798        0.80800        0.80801        0.80803        0.80804        0.80805        0.80806        0.80807        0.80808        0.80808        0.80809        0.80810        0.80811        0.80812        0.80812        0.80813        0.80814        0.80815        0.80815        0.80816
39.490          0.97088        0.92550        0.91654        0.91584        0.91574        0.91573        0.91576        0.91580        0.91584        0.91587        0.91591        0.91595        0.91599        0.91603        0.91606        0.91610        0.91613        0.91616        0.91618        0.91621        0.91623        0.91625        0.91628        0.91630        0.91632        0.91635        0.91637        0.91640        0.91642        0.91644        0.91645
40.009          1.0836         1.1249         1.1361         1.1368         1.1369         1.1369         1.1369         1.1370         1.1370         1.1371         1.1371         1.1371         1.1372         1.1372         1.1372         1.1373         1.1373         1.1373         1.1374         1.1374         1.1374         1.1374         1.1375         1.1375         1.1375         1.1376         1.1376         1.1376         1.1376         1.1377         1.1377
40.529          1.1311         1.2247         1.2485         1.2502         1.2504         1.2504         1.2504         1.2503         1.2503         1.2502         1.2502         1.2502         1.2502         1.2502         1.2501         1.2501         1.2501         1.2501         1.2501         1.2501         1.2501         1.2500         1.2500         1.2500         1.2500         1.2500         1.2500         1.2500         1.2500         1.2500         1.2500
41.049          1.0592         1.0777         1.0831         1.0834         1.0834         1.0834         1.0833         1.0832         1.0832         1.0831         1.0830         1.0830         1.0829         1.0829         1.0828         1.0828         1.0827         1.0827         1.0826         1.0826         1.0826         1.0825         1.0825         1.0825         1.0824         1.0824         1.0824         1.0823         1.0823         1.0823         1.0823
41.568          0.94817        0.89129        0.87964        0.87878        0.87863        0.87857        0.87853        0.87850        0.87846        0.87843        0.87840        0.87837        0.87834        0.87832        0.87829        0.87826        0.87823        0.87821        0.87819        0.87818        0.87816        0.87814        0.87812        0.87810        0.87808        0.87806        0.87805        0.87803        0.87801        0.87799        0.87798
42.088          0.89566        0.81942        0.80371        0.80261        0.80246        0.80244        0.80244        0.80245        0.80246        0.80247        0.80247        0.80248        0.80248        0.80249        0.80249        0.80249        0.80250        0.80250        0.80250        0.80250        0.80250        0.80250        0.80250        0.80250        0.80250        0.80250        0.80250        0.80251        0.80251        0.80251        0.80251
42.607          0.93304        0.87198        0.85934        0.85852        0.85847        0.85851        0.85857        0.85863        0.85869        0.85874        0.85878        0.85882        0.85886        0.85890        0.85893        0.85897        0.85900        0.85902        0.85904        0.85906        0.85908        0.85910        0.85912        0.85914        0.85916        0.85918        0.85920        0.85922        0.85924        0.85926        0.85927
43.127          1.0373         1.0449         1.0474         1.0477         1.0479         1.0480         1.0482         1.0483         1.0484         1.0484         1.0485         1.0486         1.0486         1.0487         1.0488         1.0488         1.0489         1.0489         1.0490         1.0490         1.0490         1.0491         1.0491         1.0491         1.0492         1.0492         1.0493         1.0493         1.0493         1.0494         1.0494
43.647          1.1219         1.2157         1.2388         1.2405         1.2408         1.2409         1.2409         1.2410         1.2410         1.2410         1.2410         1.2410         1.2410         1.2411         1.2411         1.2411         1.2411         1.2411         1.2411         1.2411         1.2412         1.2412         1.2412         1.2412         1.2412         1.2412         1.2412         1.2412         1.2412         1.2413         1.2413
44.166          1.0923         1.1536         1.1680         1.1689         1.1688         1.1687         1.1686         1.1685         1.1684         1.1683         1.1682         1.1682         1.1681         1.1680         1.1680         1.1679         1.1678         1.1678         1.1678         1.1677         1.1677         1.1677         1.1677         1.1676         1.1676         1.1676         1.1675         1.1675         1.1675         1.1674         1.1674
44.686          0.98468        0.95183        0.94461        0.94386        0.94361        0.94345        0.94334        0.94325        0.94315        0.94307        0.94301        0.94295        0.94289        0.94283        0.94278        0.94272        0.94267        0.94264        0.94261        0.94258        0.94255        0.94252        0.94249        0.94246        0.94243        0.94240        0.94237        0.94234        0.94231        0.94228        0.94227
45.205          0.90407        0.83205        0.81667        0.81550        0.81528        0.81521        0.81517        0.81514        0.81512        0.81509        0.81508        0.81506        0.81505        0.81503        0.81501        0.81500        0.81499        0.81498        0.81497        0.81496        0.81495        0.81494        0.81493        0.81492        0.81491        0.81490        0.81489        0.81489        0.81488        0.81487        0.81486
45.725          0.90647        0.83767        0.82276        0.82176        0.82167        0.82169        0.82173        0.82177        0.82182        0.82185        0.82188        0.82190        0.82192        0.82195        0.82197        0.82199        0.82201        0.82202        0.82203        0.82204        0.82206        0.82207        0.82208        0.82209        0.82210        0.82211        0.82212        0.82213        0.82214        0.82215        0.82215
46.245          0.99221        0.96854        0.96338        0.96325        0.96341        0.96358        0.96371        0.96383        0.96395        0.96405        0.96412        0.96418        0.96425        0.96432        0.96438        0.96445        0.96450        0.96453        0.96457        0.96460        0.96463        0.96466        0.96469        0.96472        0.96476        0.96479        0.96482        0.96485        0.96488        0.96491        0.96493
46.764          1.0972         1.1687         1.1859         1.1874         1.1878         1.1881         1.1882         1.1883         1.1884         1.1885         1.1886         1.1886         1.1887         1.1888         1.1888         1.1889         1.1889         1.1890         1.1890         1.1890         1.1890         1.1891         1.1891         1.1891         1.1892         1.1892         1.1892         1.1893         1.1893         1.1893         1.1893
47.284          1.1134         1.2070         1.2289         1.2303         1.2305         1.2304         1.2304         1.2303         1.2302         1.2302         1.2302         1.2301         1.2301         1.2301         1.2300         1.2300         1.2300         1.2299         1.2299         1.2299         1.2299         1.2299         1.2299         1.2299         1.2298         1.2298         1.2298         1.2298         1.2298         1.2298         1.2298
47.803          1.0224         1.0256         1.0254         1.0251         1.0248         1.0246         1.0244         1.0243         1.0241         1.0240         1.0239         1.0239         1.0238         1.0237         1.0237         1.0236         1.0235         1.0235         1.0235         1.0234         1.0234         1.0233         1.0233         1.0233         1.0232         1.0232         1.0232         1.0231         1.0231         1.0231         1.0231
48.323          0.92253        0.86232        0.84857        0.84736        0.84706        0.84690        0.84680        0.84673        0.84666        0.84660        0.84656        0.84652        0.84649        0.84645        0.84641        0.84637        0.84635        0.84633        0.84631        0.84629        0.84627        0.84626        0.84624        0.84622        0.84620        0.84618        0.84617        0.84615        0.84613        0.84612        0.84611
48.843          0.89257        0.82163        0.80576        0.80459        0.80440        0.80435        0.80434        0.80434        0.80434        0.80434        0.80434        0.80435        0.80435        0.80435        0.80435        0.80435        0.80435        0.80435        0.80435        0.80435        0.80435        0.80435        0.80435        0.80435        0.80435        0.80436        0.80436        0.80436        0.80436        0.80436        0.80436
49.362          0.95173        0.90553        0.89497        0.89435        0.89437        0.89447        0.89455        0.89462        0.89470        0.89477        0.89481        0.89485        0.89489        0.89493        0.89497        0.89502        0.89505        0.89507        0.89509        0.89510        0.89512        0.89514        0.89516        0.89518        0.89520        0.89522        0.89524        0.89526        0.89528        0.89529        0.89530
49.882          1.0643         1.0976         1.1059         1.1068         1.1072         1.1075         1.1076         1.1077         1.1079         1.1080         1.1081         1.1081         1.1082         1.1083         1.1083         1.1084         1.1085         1.1085         1.1085         1.1086         1.1086         1.1086         1.1087         1.1087         1.1087         1.1088         1.1088         1.1088         1.1089         1.1089         1.1089
50.401          1.1252         1.2247         1.2493         1.2513         1.2516         1.2518         1.2518         1.2519         1.2519         1.2520         1.2520         1.2520         1.2520         1.2520         1.2520         1.2521         1.2521         1.2521         1.2521         1.2521         1.2521         1.2521         1.2521         1.2521         1.2521         1.2521         1.2521         1.2521         1.2522         1.2522         1.2522
50.921          1.0665         1.1039         1.1126         1.1130         1.1129         1.1128         1.1126         1.1125         1.1124         1.1124         1.1123         1.1122         1.1122         1.1121         1.1121         1.1120         1.1120         1.1120         1.1119         1.1119         1.1119         1.1119         1.1118         1.1118         1.1118         1.1118         1.1118         1.1117         1.1117         1.1117         1.1117
51.441          0.95776        0.91022        0.89971        0.89867        0.89836        0.89818        0.89807        0.89798        0.89788        0.89781        0.89776        0.89772        0.89767        0.89763        0.89758        0.89754        0.89750        0.89748        0.89746        0.89744        0.89742        0.89740        0.89738        0.89736        0.89734        0.89732        0.89729        0.89727        0.89725        0.89724        0.89723
51.960          0.89601        0.82268        0.80669        0.80540        0.80514        0.80502        0.80497        0.80493        0.80490        0.80487        0.80485        0.80483        0.80482        0.80480        0.80478        0.80477        0.80476        0.80475        0.80474        0.80473        0.80473        0.80472        0.80471        0.80470        0.80470        0.80469        0.80468        0.80468        0.80467        0.80466        0.80466
52.480          0.92465        0.85978        0.84590        0.84487        0.84472        0.84469        0.84469        0.84471        0.84472        0.84473        0.84474        0.84475        0.84476        0.84477        0.84478        0.84479        0.84480        0.84480        0.84481        0.84481        0.84482        0.84482        0.84482        0.84483        0.84483        0.84484        0.84484        0.84485        0.84485        0.84486        0.84486
52.999          1.0266         1.0196         1.0193         1.0194         1.0195         1.0196         1.0197         1.0197         1.0198         1.0199         1.0199         1.0199         1.0200         1.0200         1.0201         1.0201         1.0201         1.0201         1.0202         1.0202         1.0202         1.0202         1.0202         1.0203         1.0203         1.0203         1.0203         1.0203         1.0203         1.0204         1.0204
