0.0000          1.0238         1.0150         1.0134         1.0107         1.0064         0.99928        0.98638        0.96631        0.92849        0.85714        0.79676        0.79186        0.79641        0.79830        0.79909        0.79929        0.79927        0.79914        0.79905        0.79896        0.79888        0.79883        0.79879        0.79875        0.79871        0.79866        0.79864        0.79863        0.79861        0.79860        0.79859
0.51960         1.1145         1.1353         1.1443         1.1461         1.1428         1.1351         1.1188         1.0920         1.0354         0.91553        0.80573        0.78596        0.78482        0.78447        0.78455        0.78463        0.78481        0.78496        0.78505        0.78514        0.78522        0.78527        0.78531        0.78536        0.78540        0.78544        0.78547        0.78548        0.78549        0.78551        0.78552
1.0392          1.0906         1.1048         1.1130         1.1167         1.1180         1.1181         1.1161         1.1113         1.0929         1.0269         0.92695        0.89916        0.89369        0.89185        0.89160        0.89188        0.89241        0.89295        0.89329        0.89364        0.89394        0.89410        0.89426        0.89442        0.89459        0.89475        0.89484        0.89489        0.89494        0.89499        0.89504
1.5588          0.98346        0.96690        0.96509        0.96591        0.96899        0.97467        0.98578        1.0037         1.0405         1.1139         1.1572         1.1450         1.1361         1.1331         1.1325         1.1329         1.1336         1.1344         1.1349         1.1354         1.1358         1.1360         1.1363         1.1365         1.1367         1.1370         1.1371         1.1372         1.1373         1.1373         1.1374
2.0784          0.90703        0.87912        0.87160        0.86982        0.87195        0.87739        0.88978        0.91102        0.96297        1.1060         1.2878         1.3130         1.3086         1.3065         1.3055         1.3050         1.3048         1.3048         1.3048         1.3048         1.3047         1.3047         1.3047         1.3047         1.3047         1.3047         1.3047         1.3047         1.3047         1.3046         1.3046
2.5980          0.92420        0.89913        0.89204        0.88972        0.89050        0.89364        0.90149        0.91520        0.94842        1.0331         1.1305         1.1502         1.1521         1.1518         1.1509         1.1497         1.1488         1.1479         1.1473         1.1468         1.1463         1.1460         1.1458         1.1455         1.1453         1.1450         1.1448         1.1448         1.1447         1.1446         1.1445
3.1176          1.0236         1.0172         1.0173         1.0168         1.0159         1.0147         1.0125         1.0090         0.99913        0.96392        0.91017        0.90311        0.90477        0.90473        0.90419        0.90345        0.90282        0.90223        0.90185        0.90148        0.90115        0.90097        0.90079        0.90061        0.90043        0.90025        0.90016        0.90010        0.90004        0.89999        0.89993
3.6372          1.1124         1.1358         1.1455         1.1479         1.1455         1.1391         1.1249         1.1009         1.0463         0.92145        0.80367        0.78706        0.78769        0.78773        0.78771        0.78755        0.78743        0.78729        0.78720        0.78711        0.78703        0.78699        0.78694        0.78690        0.78686        0.78681        0.78679        0.78678        0.78676        0.78675        0.78674
4.1568          1.0879         1.1027         1.1098         1.1116         1.1096         1.1040         1.0911         1.0691         1.0193         0.90747        0.80283        0.78975        0.79238        0.79375        0.79469        0.79525        0.79563        0.79588        0.79603        0.79618        0.79631        0.79638        0.79646        0.79653        0.79660        0.79667        0.79671        0.79674        0.79676        0.79678        0.79681
4.6764          0.98070        0.96467        0.96153        0.96027        0.95985        0.95941        0.95834        0.95629        0.95059        0.93239        0.90736        0.91265        0.92123        0.92575        0.92856        0.93030        0.93139        0.93213        0.93260        0.93306        0.93348        0.93370        0.93393        0.93415        0.93438        0.93460        0.93472        0.93480        0.93487        0.93494        0.93501
5.1960          0.90380        0.87809        0.87003        0.86748        0.86835        0.87158        0.87942        0.89294        0.92574        1.0131         1.1275         1.1632         1.1740         1.1795         1.1827         1.1847         1.1860         1.1868         1.1874         1.1879         1.1884         1.1887         1.1890         1.1892         1.1895         1.1898         1.1899         1.1900         1.1901         1.1902         1.1902
5.7156          0.92055        0.89948        0.89272        0.89107        0.89311        0.89854        0.91122        0.93312        0.98563        1.1232         1.2886         1.3114         1.3055         1.3024         1.3007         1.2997         1.2992         1.2989         1.2988         1.2986         1.2985         1.2984         1.2983         1.2982         1.2981         1.2981         1.2980         1.2980         1.2980         1.2979         1.2979
6.2352          1.0216         1.0191         1.0203         1.0218         1.0245         1.0295         1.0400         1.0571         1.0912         1.1486         1.1586         1.1300         1.1124         1.1036         1.0988         1.0960         1.0944         1.0935         1.0929         1.0923         1.0917         1.0914         1.0911         1.0909         1.0906         1.0903         1.0901         1.0900         1.0899         1.0898         1.0897
6.7548          1.1129         1.1381         1.1487         1.1528         1.1533         1.1520         1.1475         1.1388         1.1136         1.0358         0.92556        0.88914        0.87850        0.87332        0.87052        0.86889        0.86804        0.86750        0.86715        0.86680        0.86649        0.86632        0.86615        0.86598        0.86582        0.86565        0.86556        0.86550        0.86545        0.86540        0.86534
7.2744          1.0868         1.1033         1.1100         1.1113         1.1083         1.1012         1.0856         1.0597         1.0067         0.90002        0.80379        0.78365        0.78160        0.78073        0.78034        0.78005        0.77995        0.77987        0.77981        0.77976        0.77971        0.77968        0.77965        0.77963        0.77960        0.77957        0.77956        0.77955        0.77954        0.77953        0.77952
7.7940          0.97744        0.96361        0.95956        0.95670        0.95354        0.94832        0.93832        0.92233        0.89245        0.83920        0.79735        0.79711        0.80402        0.80763        0.80962        0.81074        0.81132        0.81164        0.81184        0.81203        0.81221        0.81230        0.81240        0.81250        0.81259        0.81269        0.81274        0.81277        0.81280        0.81283        0.81286
8.3136          0.90143        0.87667        0.86799        0.86420        0.86288        0.86228        0.86227        0.86275        0.86556        0.87754        0.90480        0.93599        0.95636        0.96648        0.97169        0.97474        0.97622        0.97701        0.97752        0.97803        0.97848        0.97873        0.97898        0.97922        0.97947        0.97972        0.97986        0.97994        0.98002        0.98010        0.98017
8.8332          0.92110        0.89818        0.89127        0.88914        0.89026        0.89412        0.90319        0.91864        0.95200        1.0291         1.1342         1.1911         1.2137         1.2240         1.2290         1.2318         1.2330         1.2337         1.2341         1.2346         1.2350         1.2352         1.2355         1.2357         1.2359         1.2361         1.2363         1.2363         1.2364         1.2365         1.2365
9.3528          1.0236         1.0185         1.0201         1.0224         1.0262         1.0334         1.0479         1.0715         1.1181         1.2079         1.2902         1.2995         1.2901         1.2843         1.2814         1.2794         1.2786         1.2782         1.2779         1.2776         1.2774         1.2772         1.2771         1.2770         1.2768         1.2767         1.2766         1.2766         1.2765         1.2765         1.2765
9.8724          1.1166         1.1390         1.1506         1.1565         1.1599         1.1636         1.1690         1.1765         1.1855         1.1831         1.1398         1.0913         1.0644         1.0517         1.0454         1.0420         1.0406         1.0397         1.0392         1.0387         1.0382         1.0379         1.0377         1.0374         1.0371         1.0369         1.0367         1.0366         1.0366         1.0365         1.0364
10.392          1.0924         1.1051         1.1123         1.1146         1.1134         1.1091         1.0993         1.0827         1.0496         0.98295        0.90528        0.86613        0.85131        0.84491        0.84167        0.84020        0.83934        0.83894        0.83868        0.83842        0.83820        0.83807        0.83794        0.83781        0.83769        0.83756        0.83749        0.83745        0.83741        0.83737        0.83733
10.912          0.98159        0.96465        0.96024        0.95708        0.95350        0.94746        0.93627        0.91871        0.88844        0.83895        0.79504        0.78054        0.77812        0.77747        0.77720        0.77711        0.77704        0.77702        0.77701        0.77700        0.77698        0.77698        0.77697        0.77696        0.77695        0.77695        0.77694        0.77694        0.77694        0.77694        0.77693
11.431          0.90292        0.87670        0.86731        0.86256        0.85968        0.85641        0.85143        0.84412        0.83255        0.81672        0.80869        0.81552        0.82379        0.82828        0.83054        0.83187        0.83249        0.83282        0.83302        0.83323        0.83341        0.83352        0.83362        0.83372        0.83382        0.83392        0.83398        0.83401        0.83405        0.83408        0.83411
11.951          0.91976        0.89742        0.88967        0.88629        0.88536        0.88569        0.88774        0.89169        0.89998        0.91878        0.95075        0.98446        1.0059         1.0166         1.0217         1.0247         1.0261         1.0268         1.0272         1.0277         1.0281         1.0283         1.0285         1.0288         1.0290         1.0292         1.0293         1.0294         1.0295         1.0295         1.0296
12.470          1.0202         1.0171         1.0182         1.0195         1.0217         1.0263         1.0357         1.0509         1.0785         1.1289         1.1922         1.2357         1.2551         1.2635         1.2676         1.2696         1.2703         1.2707         1.2710         1.2713         1.2716         1.2717         1.2719         1.2720         1.2722         1.2723         1.2724         1.2724         1.2725         1.2725         1.2726
12.990          1.1130         1.1380         1.1503         1.1568         1.1612         1.1669         1.1762         1.1901         1.2123         1.2442         1.2671         1.2648         1.2555         1.2497         1.2470         1.2450         1.2442         1.2437         1.2434         1.2431         1.2429         1.2427         1.2426         1.2424         1.2423         1.2422         1.2421         1.2420         1.2420         1.2419         1.2419
13.510          1.0884         1.1053         1.1140         1.1181         1.1198         1.1204         1.1194         1.1168         1.1096         1.0912         1.0581         1.0252         1.0062         0.99711        0.99268        0.99036        0.98936        0.98879        0.98841        0.98803        0.98769        0.98751        0.98732        0.98713        0.98694        0.98675        0.98665        0.98659        0.98653        0.98647        0.98641
14.029          0.97809        0.96551        0.96191        0.95987        0.95795        0.95450        0.94785        0.93720        0.91904        0.88941        0.85571        0.83355        0.82391        0.81989        0.81790        0.81703        0.81655        0.81633        0.81617        0.81601        0.81587        0.81580        0.81572        0.81564        0.81556        0.81548        0.81544        0.81541        0.81539        0.81536        0.81534
14.549          0.90100        0.87742        0.86787        0.86305        0.86000        0.85625        0.85037        0.84163        0.82803        0.80877        0.79045        0.78168        0.77954        0.77907        0.77889        0.77888        0.77887        0.77890        0.77891        0.77892        0.77893        0.77893        0.77894        0.77894        0.77895        0.77895        0.77895        0.77896        0.77896        0.77896        0.77896
15.068          0.91957        0.89783        0.88910        0.88463        0.88197        0.87926        0.87576        0.87110        0.86463        0.85707        0.85225        0.85330        0.85620        0.85810        0.85915        0.85979        0.86017        0.86041        0.86058        0.86074        0.86088        0.86096        0.86104        0.86112        0.86120        0.86129        0.86133        0.86136        0.86138        0.86141        0.86143
15.588          1.0202         1.0171         1.0167         1.0162         1.0158         1.0158         1.0169         1.0194         1.0246         1.0346         1.0493         1.0634         1.0720         1.0762         1.0784         1.0797         1.0804         1.0809         1.0812         1.0815         1.0818         1.0819         1.0821         1.0822         1.0824         1.0825         1.0826         1.0827         1.0827         1.0828         1.0828
16.108          1.1103         1.1374         1.1490         1.1547         1.1581         1.1625         1.1697         1.1808         1.1988         1.2259         1.2569         1.2786         1.2880         1.2918         1.2936         1.2944         1.2948         1.2950         1.2951         1.2953         1.2954         1.2955         1.2955         1.2956         1.2957         1.2957         1.2958         1.2958         1.2958         1.2958         1.2959
16.627          1.0839         1.1048         1.1144         1.1198         1.1235         1.1280         1.1344         1.1434         1.1561         1.1726         1.1881         1.1964         1.1985         1.1987         1.1986         1.1982         1.1979         1.1976         1.1974         1.1972         1.1971         1.1970         1.1969         1.1968         1.1967         1.1966         1.1965         1.1965         1.1965         1.1964         1.1964
17.147          0.97665        0.96540        0.96311        0.96259        0.96301        0.96355        0.96377        0.96345        0.96153        0.95693        0.95054        0.94612        0.94422        0.94328        0.94266        0.94217        0.94185        0.94158        0.94139        0.94120        0.94103        0.94094        0.94084        0.94075        0.94065        0.94056        0.94051        0.94048        0.94045        0.94041        0.94038
17.666          0.90217        0.87753        0.86870        0.86460        0.86246        0.86000        0.85601        0.84987        0.83992        0.82552        0.81077        0.80280        0.80049        0.79980        0.79942        0.79922        0.79910        0.79901        0.79894        0.79887        0.79881        0.79877        0.79873        0.79870        0.79866        0.79863        0.79861        0.79860        0.79859        0.79857        0.79856
18.186          0.92287        0.89792        0.88926        0.88460        0.88129        0.87706        0.87051        0.86096        0.84649        0.82607        0.80491        0.79241        0.78804        0.78658        0.78593        0.78573        0.78566        0.78567        0.78567        0.78568        0.78568        0.78568        0.78568        0.78568        0.78568        0.78568        0.78568        0.78568        0.78568        0.78568        0.78568
18.706          1.0267         1.0170         1.0160         1.0143         1.0118         1.0078         1.0015         0.99244        0.97867        0.95756        0.93163        0.91137        0.90162        0.89760        0.89589        0.89526        0.89514        0.89522        0.89527        0.89532        0.89537        0.89539        0.89542        0.89545        0.89547        0.89550        0.89551        0.89552        0.89553        0.89554        0.89555
19.225          1.1167         1.1374         1.1479         1.1523         1.1539         1.1552         1.1571         1.1602         1.1652         1.1704         1.1683         1.1560         1.1457         1.1405         1.1385         1.1375         1.1374         1.1375         1.1376         1.1377         1.1378         1.1378         1.1379         1.1379         1.1379         1.1380         1.1380         1.1380         1.1381         1.1381         1.1381
19.745          1.0907         1.1050         1.1141         1.1194         1.1237         1.1300         1.1404         1.1563         1.1820         1.2225         1.2672         1.2922         1.2998         1.3023         1.3035         1.3038         1.3040         1.3040         1.3041         1.3042         1.3042         1.3043         1.3043         1.3043         1.3044         1.3044         1.3044         1.3044         1.3044         1.3044         1.3045
20.264          0.98371        0.96581        0.96369        0.96393        0.96609        0.97019        0.97741        0.98829        1.0059         1.0357         1.0759         1.1107         1.1294         1.1378         1.1414         1.1431         1.1435         1.1435         1.1435         1.1435         1.1435         1.1435         1.1435         1.1435         1.1435         1.1435         1.1435         1.1435         1.1435         1.1435         1.1435
20.784          0.90736        0.87786        0.86948        0.86610        0.86520        0.86491        0.86468        0.86419        0.86299        0.86232        0.86735        0.88018        0.89059        0.89574        0.89798        0.89907        0.89938        0.89938        0.89937        0.89936        0.89935        0.89934        0.89933        0.89933        0.89932        0.89931        0.89931        0.89931        0.89930        0.89930        0.89930
21.304          0.92228        0.89797        0.88988        0.88563        0.88262        0.87852        0.87151        0.86074        0.84296        0.81564        0.79082        0.78401        0.78501        0.78599        0.78643        0.78664        0.78670        0.78670        0.78668        0.78667        0.78666        0.78665        0.78664        0.78664        0.78663        0.78662        0.78662        0.78661        0.78661        0.78661        0.78661
21.823          1.0227         1.0165         1.0160         1.0142         1.0108         1.0045         0.99289        0.97499        0.94465        0.89342        0.83795        0.81112        0.80285        0.79978        0.79832        0.79781        0.79751        0.79745        0.79741        0.79736        0.79732        0.79730        0.79728        0.79725        0.79723        0.79721        0.79720        0.79719        0.79718        0.79717        0.79717
22.343          1.1168         1.1364         1.1469         1.1507         1.1506         1.1484         1.1436         1.1356         1.1195         1.0820         1.0198         0.97358        0.95264        0.94366        0.93941        0.93774        0.93697        0.93680        0.93668        0.93657        0.93647        0.93641        0.93635        0.93629        0.93623        0.93618        0.93615        0.93613        0.93611        0.93609        0.93607
22.862          1.0919         1.1045         1.1131         1.1179         1.1216         1.1271         1.1372         1.1530         1.1806         1.2238         1.2479         1.2294         1.2098         1.1999         1.1954         1.1929         1.1923         1.1921         1.1920         1.1919         1.1918         1.1918         1.1917         1.1916         1.1916         1.1915         1.1915         1.1915         1.1915         1.1914         1.1914
23.382          0.98221        0.96613        0.96358        0.96388        0.96677        0.97285        0.98524        1.0054         1.0445         1.1249         1.2286         1.2773         1.2894         1.2936         1.2957         1.2963         1.2966         1.2967         1.2968         1.2969         1.2970         1.2971         1.2971         1.2972         1.2972         1.2973         1.2973         1.2973         1.2974         1.2974         1.2974
23.902          0.90618        0.87861        0.87009        0.86709        0.86731        0.86940        0.87426        0.88229        0.89842        0.93530        0.99438        1.0417         1.0661         1.0775         1.0828         1.0856         1.0865         1.0869         1.0871         1.0873         1.0875         1.0876         1.0877         1.0878         1.0879         1.0880         1.0881         1.0881         1.0882         1.0882         1.0882
24.421          0.92290        0.89893        0.89091        0.88712        0.88509        0.88273        0.87864        0.87214        0.86039        0.84127        0.82962        0.84047        0.85252        0.85856        0.86147        0.86297        0.86358        0.86378        0.86389        0.86401        0.86411        0.86417        0.86422        0.86428        0.86434        0.86440        0.86443        0.86445        0.86447        0.86448        0.86450
24.941          1.0201         1.0172         1.0169         1.0154         1.0121         1.0058         0.99312        0.97256        0.93379        0.86135        0.79201        0.77668        0.77766        0.77862        0.77908        0.77921        0.77937        0.77940        0.77940        0.77940        0.77941        0.77941        0.77941        0.77941        0.77941        0.77941        0.77942        0.77942        0.77942        0.77942        0.77942
25.460          1.1079         1.1360         1.1465         1.1498         1.1485         1.1436         1.1322         1.1131         1.0724         0.97979        0.86700        0.82900        0.82071        0.81734        0.81564        0.81480        0.81446        0.81428        0.81415        0.81402        0.81391        0.81384        0.81378        0.81371        0.81365        0.81358        0.81355        0.81353        0.81351        0.81349        0.81347
25.980          1.0827         1.1031         1.1117         1.1157         1.1179         1.1203         1.1242         1.1300         1.1371         1.1294         1.0669         1.0193         1.0003         0.99148        0.98712        0.98525        0.98411        0.98364        0.98333        0.98302        0.98275        0.98259        0.98244        0.98228        0.98213        0.98197        0.98189        0.98184        0.98179        0.98174        0.98169
26.500          0.97722        0.96511        0.96267        0.96282        0.96538        0.97102        0.98341        1.0043         1.0500         1.1550         1.2667         1.2695         1.2544         1.2466         1.2426         1.2407         1.2397         1.2394         1.2391         1.2389         1.2387         1.2386         1.2384         1.2383         1.2382         1.2381         1.2380         1.2380         1.2379         1.2379         1.2378
27.019          0.90297        0.87848        0.87025        0.86765        0.86871        0.87260        0.88204        0.89835        0.93671        1.0411         1.2010         1.2564         1.2661         1.2699         1.2720         1.2730         1.2735         1.2739         1.2741         1.2744         1.2746         1.2747         1.2749         1.2750         1.2751         1.2752         1.2753         1.2753         1.2754         1.2754         1.2755
27.539          0.92192        0.89960        0.89196        0.88894        0.88849        0.88926        0.89173        0.89611        0.90642        0.93336        0.97320        1.0016         1.0169         1.0245         1.0285         1.0306         1.0316         1.0322         1.0326         1.0330         1.0333         1.0335         1.0337         1.0339         1.0341         1.0343         1.0344         1.0345         1.0346         1.0346         1.0347
28.059          1.0244         1.0185         1.0183         1.0175         1.0157         1.0122         1.0047         0.99221        0.96487        0.90140        0.82911        0.82148        0.82802        0.83171        0.83360        0.83455        0.83510        0.83538        0.83556        0.83574        0.83590        0.83599        0.83608        0.83617        0.83626        0.83635        0.83640        0.83642        0.83645        0.83648        0.83651
28.578          1.1159         1.1369         1.1468         1.1496         1.1477         1.1417         1.1277         1.1038         1.0509         0.92904        0.79895        0.77530        0.77600        0.77672        0.77694        0.77697        0.77704        0.77703        0.77701        0.77700        0.77698        0.77697        0.77697        0.77696        0.77695        0.77695        0.77694        0.77694        0.77694        0.77693        0.77693
29.098          1.0911         1.1027         1.1102         1.1129         1.1126         1.1103         1.1040         1.0929         1.0647         0.98340        0.86894        0.84190        0.83992        0.83861        0.83780        0.83712        0.83676        0.83641        0.83617        0.83594        0.83573        0.83561        0.83549        0.83538        0.83526        0.83514        0.83508        0.83504        0.83501        0.83497        0.83493
29.617          0.98117        0.96420        0.96140        0.96077        0.96171        0.96405        0.96931        0.97814        0.99678        1.0338         1.0538         1.0469         1.0428         1.0392         1.0374         1.0360         1.0352         1.0344         1.0339         1.0334         1.0330         1.0328         1.0325         1.0323         1.0320         1.0318         1.0317         1.0316         1.0315         1.0314         1.0314
30.137          0.90394        0.87790        0.87008        0.86773        0.86897        0.87305        0.88296        0.90020        0.94256        1.0660         1.2528         1.2872         1.2824         1.2787         1.2771         1.2761         1.2756         1.2752         1.2750         1.2747         1.2745         1.2744         1.2742         1.2741         1.2740         1.2738         1.2738         1.2737         1.2737         1.2737         1.2736
30.657          0.92295        0.89952        0.89293        0.89106        0.89246        0.89661        0.90638        0.92322        0.96299        1.0700         1.2143         1.2389         1.2361         1.2357         1.2359         1.2366         1.2372         1.2378         1.2383         1.2387         1.2391         1.2393         1.2395         1.2397         1.2399         1.2402         1.2403         1.2403         1.2404         1.2405         1.2405
31.176          1.0245         1.0189         1.0199         1.0207         1.0216         1.0233         1.0264         1.0313         1.0384         1.0356         0.99450        0.97872        0.97753        0.97864        0.97941        0.98031        0.98106        0.98177        0.98226        0.98274        0.98317        0.98341        0.98365        0.98389        0.98413        0.98437        0.98450        0.98457        0.98465        0.98473        0.98480
31.696          1.1140         1.1373         1.1472         1.1504         1.1491         1.1449         1.1346         1.1170         1.0755         0.96908        0.83849        0.81188        0.81140        0.81211        0.81255        0.81291        0.81323        0.81351        0.81370        0.81389        0.81405        0.81415        0.81424        0.81434        0.81443        0.81452        0.81457        0.81460        0.81463        0.81466        0.81469
32.215          1.0880         1.1026         1.1087         1.1097         1.1069         1.1003         1.0860         1.0624         1.0131         0.90665        0.79629        0.77670        0.77828        0.77920        0.77952        0.77955        0.77951        0.77942        0.77936        0.77931        0.77926        0.77923        0.77920        0.77918        0.77915        0.77912        0.77911        0.77910        0.77909        0.77908        0.77908
32.735          0.98191        0.96392        0.95979        0.95753        0.95577        0.95318        0.94828        0.94032        0.92437        0.89110        0.85482        0.85521        0.86241        0.86496        0.86559        0.86543        0.86501        0.86448        0.86414        0.86379        0.86349        0.86332        0.86316        0.86299        0.86282        0.86266        0.86257        0.86251        0.86246        0.86241        0.86236
33.255          0.90518        0.87786        0.86966        0.86680        0.86707        0.86913        0.87418        0.88275        0.90234        0.95446        1.0341         1.0719         1.0853         1.0893         1.0902         1.0899         1.0891         1.0882         1.0876         1.0870         1.0865         1.0862         1.0859         1.0856         1.0853         1.0850         1.0848         1.0847         1.0847         1.0846         1.0845
33.774          0.92134        0.89993        0.89392        0.89282        0.89528        0.90103        0.91338        0.93395        0.97920        1.0925         1.2515         1.2964         1.2990         1.2983         1.2983         1.2979         1.2977         1.2975         1.2973         1.2972         1.2970         1.2969         1.2968         1.2968         1.2967         1.2966         1.2966         1.2965         1.2965         1.2965         1.2964
34.294          1.0222         1.0196         1.0221         1.0247         1.0286         1.0352         1.0481         1.0686         1.1083         1.1819         1.2308         1.2141         1.1980         1.1917         1.1900         1.1900         1.1907         1.1916         1.1921         1.1927         1.1932         1.1935         1.1937         1.1940         1.1943         1.1946         1.1947         1.1948         1.1949         1.1950         1.1950
34.813          1.1158         1.1374         1.1484         1.1529         1.1540         1.1539         1.1521         1.1485         1.1362         1.0900         0.99919        0.95429        0.94051        0.93626        0.93481        0.93494        0.93542        0.93616        0.93665        0.93713        0.93756        0.93779        0.93802        0.93826        0.93849        0.93873        0.93885        0.93893        0.93900        0.93908        0.93915
35.333          1.0909         1.1016         1.1072         1.1075         1.1037         1.0959         1.0808         1.0569         1.0121         0.92480        0.83150        0.80297        0.79823        0.79716        0.79676        0.79680        0.79693        0.79717        0.79733        0.79748        0.79762        0.79770        0.79777        0.79785        0.79793        0.79800        0.79804        0.79807        0.79809        0.79812        0.79814
35.853          0.98003        0.96273        0.95754        0.95370        0.94953        0.94309        0.93182        0.91456        0.88481        0.83452        0.78963        0.78192        0.78470        0.78619        0.78666        0.78671        0.78660        0.78644        0.78634        0.78625        0.78616        0.78612        0.78607        0.78602        0.78598        0.78593        0.78591        0.78589        0.78588        0.78586        0.78585
36.372          0.90477        0.87734        0.86834        0.86435        0.86275        0.86155        0.86008        0.85799        0.85491        0.85320        0.86164        0.87992        0.89284        0.89806        0.89961        0.89985        0.89945        0.89881        0.89841        0.89801        0.89765        0.89746        0.89727        0.89708        0.89689        0.89669        0.89659        0.89653        0.89647        0.89641        0.89635
36.892          0.92421        0.90042        0.89409        0.89266        0.89445        0.89871        0.90698        0.91995        0.94389        0.99308        1.0645         1.1133         1.1342         1.1419         1.1442         1.1445         1.1439         1.1430         1.1424         1.1418         1.1412         1.1410         1.1407         1.1404         1.1401         1.1398         1.1397         1.1396         1.1395         1.1394         1.1393
37.411          1.0263         1.0213         1.0242         1.0277         1.0329         1.0413         1.0561         1.0789         1.1188         1.1911         1.2719         1.3015         1.3048         1.3048         1.3050         1.3049         1.3049         1.3048         1.3048         1.3048         1.3048         1.3047         1.3047         1.3047         1.3047         1.3047         1.3047         1.3047         1.3047         1.3047         1.3046
37.931          1.1187         1.1390         1.1511         1.1574         1.1612         1.1656         1.1720         1.1811         1.1941         1.2068         1.1961         1.1667         1.1478         1.1401         1.1379         1.1375         1.1383         1.1392         1.1397         1.1403         1.1408         1.1410         1.1413         1.1416         1.1418         1.1421         1.1422         1.1423         1.1424         1.1425         1.1426
38.451          1.0901         1.1013         1.1076         1.1087         1.1064         1.1013         1.0921         1.0782         1.0544         1.0106         0.95287        0.91630        0.90188        0.89696        0.89529        0.89526        0.89561        0.89623        0.89661        0.89700        0.89734        0.89752        0.89771        0.89789        0.89808        0.89826        0.89836        0.89842        0.89847        0.89853        0.89859
38.970          0.98011        0.96116        0.95578        0.95146        0.94665        0.93957        0.92832        0.91203        0.88690        0.84840        0.80948        0.79183        0.78721        0.78600        0.78554        0.78556        0.78560        0.78577        0.78587        0.78597        0.78606        0.78611        0.78616        0.78621        0.78626        0.78631        0.78633        0.78635        0.78636        0.78638        0.78640
39.490          0.90525        0.87570        0.86612        0.86106        0.85775        0.85393        0.84835        0.84040        0.82833        0.81133        0.79715        0.79489        0.79689        0.79801        0.79829        0.79827        0.79811        0.79793        0.79782        0.79771        0.79762        0.79757        0.79751        0.79746        0.79741        0.79736        0.79733        0.79732        0.79730        0.79728        0.79727
40.009          0.92452        0.89929        0.89221        0.88949        0.88910        0.88964        0.89093        0.89284        0.89561        0.90105        0.91191        0.92608        0.93518        0.93880        0.93972        0.93971        0.93924        0.93866        0.93830        0.93794        0.93762        0.93745        0.93728        0.93711        0.93694        0.93678        0.93668        0.93663        0.93658        0.93652        0.93647
40.529          1.0291         1.0216         1.0240         1.0267         1.0305         1.0362         1.0453         1.0582         1.0779         1.1086         1.1469         1.1763         1.1898         1.1946         1.1959         1.1960         1.1954         1.1947         1.1942         1.1938         1.1934         1.1932         1.1930         1.1928         1.1926         1.1924         1.1922         1.1922         1.1921         1.1920         1.1920
41.049          1.1215         1.1413         1.1541         1.1614         1.1668         1.1736         1.1835         1.1974         1.2181         1.2477         1.2779         1.2925         1.2956         1.2963         1.2967         1.2969         1.2970         1.2971         1.2972         1.2973         1.2973         1.2973         1.2974         1.2974         1.2974         1.2975         1.2975         1.2975         1.2975         1.2975         1.2975
41.568          1.0910         1.1036         1.1110         1.1142         1.1151         1.1154         1.1154         1.1153         1.1149         1.1124         1.1048         1.0938         1.0870         1.0844         1.0841         1.0843         1.0849         1.0856         1.0860         1.0864         1.0867         1.0869         1.0871         1.0873         1.0874         1.0876         1.0877         1.0878         1.0878         1.0879         1.0880
42.088          0.98004        0.96154        0.95666        0.95327        0.95006        0.94576        0.93954        0.93099        0.91879        0.90153        0.88219        0.86903        0.86383        0.86230        0.86199        0.86218        0.86254        0.86292        0.86315        0.86338        0.86358        0.86369        0.86380        0.86391        0.86402        0.86412        0.86418        0.86422        0.86425        0.86429        0.86432
42.607          0.90304        0.87450        0.86457        0.85907        0.85517        0.85065        0.84438        0.83582        0.82371        0.80748        0.79126        0.78233        0.77970        0.77906        0.77885        0.77886        0.77893        0.77902        0.77907        0.77912        0.77917        0.77919        0.77922        0.77924        0.77927        0.77929        0.77930        0.77931        0.77932        0.77933        0.77933
43.127          0.91973        0.89705        0.88885        0.88449        0.88162        0.87833        0.87362        0.86700        0.85711        0.84302        0.82813        0.81925        0.81611        0.81498        0.81439        0.81406        0.81389        0.81378        0.81371        0.81364        0.81357        0.81354        0.81351        0.81347        0.81344        0.81341        0.81339        0.81338        0.81337        0.81336        0.81335
43.647          1.0232         1.0193         1.0204         1.0209         1.0212         1.0213         1.0210         1.0201         1.0175         1.0116         1.0020         0.99320        0.98820        0.98569        0.98435        0.98348        0.98300        0.98267        0.98247        0.98227        0.98209        0.98200        0.98190        0.98181        0.98172        0.98162        0.98157        0.98154        0.98151        0.98148        0.98145
44.166          1.1171         1.1416         1.1544         1.1615         1.1663         1.1719         1.1794         1.1895         1.2036         1.2215         1.2371         1.2428         1.2425         1.2414         1.2406         1.2399         1.2394         1.2391         1.2388         1.2386         1.2384         1.2383         1.2382         1.2381         1.2380         1.2379         1.2379         1.2378         1.2378         1.2378         1.2378
44.686          1.0903         1.1066         1.1159         1.1214         1.1258         1.1316         1.1402         1.1526         1.1715         1.2004         1.2342         1.2582         1.2688         1.2729         1.2747         1.2755         1.2757         1.2757         1.2757         1.2758         1.2758         1.2758         1.2758         1.2758         1.2759         1.2759         1.2759         1.2759         1.2759         1.2759         1.2759
45.205          0.97917        0.96396        0.96053        0.95925        0.95927        0.96003        0.96192        0.96506        0.97063        0.98140        0.99805        1.0150         1.0252         1.0301         1.0324         1.0336         1.0341         1.0343         1.0345         1.0346         1.0347         1.0348         1.0349         1.0349         1.0350         1.0351         1.0351         1.0351         1.0351         1.0352         1.0352
45.725          0.90134        0.87499        0.86525        0.86027        0.85729        0.85426        0.85042        0.84537        0.83848        0.83043        0.82600        0.82843        0.83217        0.83429        0.83531        0.83587        0.83613        0.83626        0.83634        0.83641        0.83648        0.83652        0.83655        0.83659        0.83662        0.83666        0.83668        0.83669        0.83670        0.83671        0.83672
46.245          0.91783        0.89562        0.88635        0.88087        0.87651        0.87103        0.86298        0.85168        0.83495        0.81115        0.78913        0.77946        0.77726        0.77677        0.77660        0.77659        0.77663        0.77669        0.77672        0.77674        0.77677        0.77678        0.77680        0.77681        0.77682        0.77684        0.77684        0.77685        0.77685        0.77686        0.77686
46.764          1.0191         1.0164         1.0153         1.0132         1.0098         1.0042         0.99475        0.98068        0.95785        0.92019        0.87774        0.85159        0.84089        0.83674        0.83496        0.83438        0.83422        0.83428        0.83431        0.83434        0.83436        0.83437        0.83439        0.83440        0.83441        0.83443        0.83443        0.83444        0.83444        0.83444        0.83445
47.284          1.1123         1.1397         1.1513         1.1565         1.1586         1.1598         1.1598         1.1588         1.1539         1.1366         1.1003         1.0640         1.0441         1.0354         1.0318         1.0303         1.0301         1.0301         1.0302         1.0302         1.0303         1.0303         1.0303         1.0303         1.0303         1.0303         1.0304         1.0304         1.0304         1.0304         1.0304
47.803          1.0857         1.1079         1.1185         1.1254         1.1315         1.1399         1.1530         1.1720         1.2023         1.2482         1.2847         1.2877         1.2807         1.2765         1.2749         1.2738         1.2734         1.2733         1.2733         1.2733         1.2733         1.2732         1.2732         1.2732         1.2732         1.2732         1.2732         1.2732         1.2732         1.2732         1.2732
48.323          0.97604        0.96647        0.96501        0.96605        0.96940        0.97548        0.98654        1.0036         1.0339         1.0911         1.1634         1.2104         1.2303         1.2383         1.2414         1.2427         1.2427         1.2424         1.2423         1.2421         1.2420         1.2419         1.2419         1.2418         1.2417         1.2417         1.2416         1.2416         1.2416         1.2416         1.2416
48.843          0.89984        0.87661        0.86798        0.86441        0.86355        0.86385        0.86555        0.86872        0.87564        0.89281        0.92317        0.95447        0.97326        0.98165        0.98496        0.98648        0.98676        0.98658        0.98647        0.98635        0.98625        0.98620        0.98615        0.98610        0.98604        0.98599        0.98596        0.98595        0.98593        0.98591        0.98590
49.362          0.91719        0.89577        0.88656        0.88126        0.87724        0.87229        0.86488        0.85430        0.83787        0.81418        0.79929        0.80352        0.81015        0.81332        0.81466        0.81523        0.81537        0.81533        0.81529        0.81526        0.81522        0.81521        0.81519        0.81517        0.81516        0.81514        0.81513        0.81512        0.81512        0.81511        0.81511
49.882          1.0199         1.0147         1.0123         1.0089         1.0035         0.99481        0.97985        0.95733        0.91902        0.85469        0.79854        0.78209        0.77952        0.77879        0.77856        0.77849        0.77855        0.77863        0.77868        0.77873        0.77876        0.77878        0.77881        0.77883        0.77885        0.77887        0.77888        0.77888        0.77889        0.77890        0.77890
50.401          1.1144         1.1372         1.1468         1.1497         1.1484         1.1440         1.1341         1.1179         1.0838         1.0091         0.92004        0.88066        0.86753        0.86249        0.86052        0.85999        0.86006        0.86035        0.86053        0.86071        0.86087        0.86095        0.86103        0.86112        0.86120        0.86128        0.86133        0.86135        0.86138        0.86141        0.86143
50.921          1.0894         1.1072         1.1171         1.1231         1.1279         1.1341         1.1435         1.1569         1.1761         1.1909         1.1593         1.1166         1.0943         1.0851         1.0815         1.0804         1.0805         1.0810         1.0813         1.0816         1.0819         1.0820         1.0822         1.0823         1.0825         1.0826         1.0827         1.0827         1.0828         1.0828         1.0829
51.441          0.97991        0.96771        0.96693        0.96888        0.97364        0.98214        0.99838        1.0243         1.0764         1.1846         1.2917         1.3076         1.3014         1.2980         1.2967         1.2960         1.2958         1.2958         1.2959         1.2959         1.2959         1.2960         1.2960         1.2960         1.2960         1.2960         1.2960         1.2961         1.2961         1.2961         1.2961
51.960          0.90271        0.87837        0.87081        0.86866        0.87001        0.87403        0.88300        0.89802        0.93134        1.0121         1.1211         1.1723         1.1900         1.1969         1.1993         1.1999         1.1995         1.1989         1.1985         1.1982         1.1978         1.1977         1.1975         1.1973         1.1972         1.1970         1.1969         1.1968         1.1968         1.1967         1.1967
52.480          0.92177        0.89727        0.88921        0.88532        0.88344        0.88197        0.88056        0.87905        0.87841        0.88272        0.89737        0.91985        0.93431        0.94023        0.94236        0.94299        0.94282        0.94235        0.94205        0.94176        0.94149        0.94135        0.94121        0.94107        0.94093        0.94079        0.94072        0.94067        0.94063        0.94058        0.94054
52.999          1.0238         1.0150         1.0134         1.0107         1.0064         0.99928        0.98638        0.96631        0.92849        0.85714        0.79676        0.79186        0.79641        0.79830        0.79909        0.79929        0.79927        0.79914        0.79905        0.79896        0.79888        0.79883        0.79879        0.79875        0.79871        0.79866        0.79864        0.79863        0.79861        0.79860        0.79859
