0.0000          1.0355         1.0212         1.0167         1.0121         1.0054         0.99320        0.96069        0.84858        0.78601        0.79503        0.80272        0.80873        0.81313        0.81620        0.81824        0.81950        0.82021        0.82057        0.82081        0.82091        0.82099        0.82106        0.82113        0.82119        0.82123        0.82126        0.82129        0.82131        0.82133        0.82134        0.82135
0.51960         1.1184         1.1708         1.1867         1.1836         1.1729         1.1536         1.1031         0.93054        0.79569        0.78076        0.77676        0.77557        0.77560        0.77602        0.77645        0.77677        0.77697        0.77709        0.77719        0.77724        0.77726        0.77724        0.77722        0.77724        0.77725        0.77725        0.77726        0.77727        0.77727        0.77727        0.77727
1.0392          1.1283         1.1961         1.2214         1.2249         1.2228         1.2184         1.2053         1.1094         0.93243        0.87953        0.85640        0.84334        0.83615        0.83211        0.82981        0.82855        0.82787        0.82759        0.82755        0.82753        0.82736        0.82719        0.82703        0.82695        0.82692        0.82689        0.82686        0.82684        0.82682        0.82681        0.82680
1.5588          1.0588         1.0638         1.0732         1.0791         1.0869         1.1006         1.1361         1.2347         1.1906         1.1142         1.0713         1.0435         1.0260         1.0152         1.0084         1.0046         1.0024         1.0014         1.0010         1.0008         1.0004         1.0000         0.99972        0.99951        0.99940        0.99930        0.99921        0.99914        0.99911        0.99907        0.99904
2.0784          0.96395        0.92320        0.91652        0.91961        0.92737        0.94119        0.97751        1.1299         1.3057         1.3137         1.3018         1.2884         1.2767         1.2681         1.2621         1.2584         1.2564         1.2552         1.2542         1.2539         1.2539         1.2538         1.2536         1.2534         1.2533         1.2532         1.2531         1.2531         1.2530         1.2530         1.2530
2.5980          0.90048        0.85416        0.84103        0.84100        0.84482        0.85140        0.86716        0.93562        1.1009         1.1894         1.2335         1.2595         1.2741         1.2823         1.2870         1.2895         1.2908         1.2913         1.2914         1.2914         1.2918         1.2921         1.2924         1.2926         1.2926         1.2927         1.2928         1.2928         1.2928         1.2928         1.2929
3.1176          0.89454        0.85036        0.83468        0.83201        0.83189        0.83167        0.82967        0.82433        0.87349        0.93366        0.97378        1.0027         1.0227         1.0359         1.0443         1.0494         1.0522         1.0535         1.0544         1.0547         1.0549         1.0553         1.0557         1.0560         1.0562         1.0563         1.0564         1.0565         1.0566         1.0566         1.0566
3.6372          0.95055        0.91091        0.89570        0.89020        0.88556        0.87819        0.86058        0.81013        0.78113        0.79743        0.81269        0.82542        0.83515        0.84212        0.84681        0.84969        0.85131        0.85215        0.85267        0.85287        0.85304        0.85322        0.85339        0.85354        0.85363        0.85370        0.85377        0.85382        0.85385        0.85388        0.85390
4.1568          1.0492         1.0462         1.0428         1.0366         1.0276         1.0133         0.98204        0.89462        0.79952        0.77993        0.77552        0.77503        0.77603        0.77734        0.77843        0.77917        0.77961        0.77986        0.78007        0.78019        0.78026        0.78022        0.78017        0.78020        0.78023        0.78024        0.78026        0.78027        0.78028        0.78028        0.78029
4.6764          1.1266         1.1900         1.2118         1.2121         1.2063         1.1964         1.1745         1.0943         0.93882        0.86972        0.83955        0.82281        0.81380        0.80880        0.80601        0.80452        0.80369        0.80339        0.80359        0.80368        0.80347        0.80310        0.80275        0.80267        0.80264        0.80260        0.80256        0.80253        0.80252        0.80250        0.80249
5.1960          1.1194         1.1854         1.2135         1.2220         1.2274         1.2353         1.2520         1.2761         1.1941         1.0938         1.0345         0.99588        0.97193        0.95708        0.94804        0.94291        0.94005        0.93882        0.93872        0.93866        0.93801        0.93730        0.93664        0.93638        0.93625        0.93612        0.93599        0.93591        0.93586        0.93581        0.93577
5.7156          1.0389         1.0382         1.0452         1.0516         1.0604         1.0742         1.1048         1.1962         1.3113         1.3086         1.2808         1.2528         1.2298         1.2134         1.2023         1.1956         1.1919         1.1900         1.1884         1.1879         1.1877         1.1874         1.1872         1.1868         1.1866         1.1864         1.1863         1.1862         1.1861         1.1860         1.1860
6.2352          0.94686        0.90571        0.89562        0.89630        0.90047        0.90724        0.92172        0.97263        1.1132         1.2143         1.2653         1.2931         1.3067         1.3130         1.3159         1.3171         1.3177         1.3177         1.3169         1.3166         1.3171         1.3177         1.3182         1.3183         1.3183         1.3183         1.3183         1.3184         1.3184         1.3184         1.3184
6.7548          0.89239        0.84805        0.83202        0.82921        0.82910        0.82925        0.82901        0.83295        0.88511        0.95804        1.0131         1.0546         1.0838         1.1032         1.1156         1.1229         1.1269         1.1288         1.1299         1.1301         1.1304         1.1311         1.1319         1.1323         1.1325         1.1327         1.1329         1.1330         1.1330         1.1331         1.1332
7.2744          0.89745        0.85425        0.83660        0.83178        0.82890        0.82496        0.81651        0.79669        0.78770        0.80901        0.83152        0.85148        0.86726        0.87870        0.88646        0.89120        0.89386        0.89522        0.89608        0.89637        0.89660        0.89692        0.89724        0.89749        0.89763        0.89775        0.89787        0.89794        0.89799        0.89804        0.89808
7.7940          0.96291        0.92735        0.91299        0.90709        0.90192        0.89448        0.87968        0.84398        0.79384        0.77856        0.77692        0.77905        0.78218        0.78505        0.78724        0.78865        0.78946        0.78990        0.79024        0.79044        0.79060        0.79057        0.79051        0.79057        0.79062        0.79064        0.79067        0.79069        0.79071        0.79072        0.79073
8.3136          1.0613         1.0733         1.0764         1.0735         1.0681         1.0597         1.0430         0.99867        0.90538        0.84633        0.81898        0.80396        0.79604        0.79179        0.78951        0.78832        0.78766        0.78747        0.78779        0.78801        0.78788        0.78743        0.78697        0.78691        0.78690        0.78686        0.78682        0.78679        0.78678        0.78677        0.78676
8.8332          1.1301         1.2043         1.2329         1.2386         1.2391         1.2386         1.2371         1.2230         1.1393         1.0421         0.98164        0.94223        0.91817        0.90353        0.89480        0.88995        0.88723        0.88616        0.88653        0.88669        0.88599        0.88502        0.88412        0.88390        0.88381        0.88368        0.88354        0.88346        0.88341        0.88337        0.88333
9.3528          1.1123         1.1683         1.1937         1.2023         1.2086         1.2175         1.2347         1.2729         1.3113         1.2816         1.2355         1.1944         1.1635         1.1424         1.1288         1.1208         1.1164         1.1143         1.1130         1.1125         1.1119         1.1114         1.1109         1.1105         1.1103         1.1101         1.1099         1.1098         1.1097         1.1096         1.1096
9.8724          1.0272         1.0121         1.0124         1.0148         1.0191         1.0259         1.0394         1.0765         1.1756         1.2603         1.2996         1.3162         1.3205         1.3200         1.3182         1.3165         1.3156         1.3148         1.3130         1.3123         1.3128         1.3134         1.3140         1.3139         1.3138         1.3138         1.3138         1.3138         1.3137         1.3137         1.3137
10.392          0.93893        0.89040        0.87636        0.87385        0.87410        0.87514        0.87749        0.88698        0.93622        1.0133         1.0761         1.1237         1.1564         1.1773         1.1903         1.1977         1.2018         1.2036         1.2044         1.2045         1.2049         1.2058         1.2067         1.2071         1.2073         1.2074         1.2076         1.2078         1.2078         1.2079         1.2080
10.912          0.89126        0.84404        0.82657        0.82233        0.82046        0.81839        0.81464        0.80798        0.81038        0.83659        0.86632        0.89309        0.91408        0.92910        0.93917        0.94527        0.94866        0.95038        0.95145        0.95178        0.95204        0.95250        0.95296        0.95328        0.95345        0.95360        0.95374        0.95384        0.95390        0.95396        0.95400
11.431          0.90445        0.86047        0.84338        0.83877        0.83611        0.83263        0.82610        0.81210        0.78950        0.78221        0.78508        0.79055        0.79603        0.80053        0.80382        0.80589        0.80708        0.80771        0.80813        0.80837        0.80858        0.80861        0.80860        0.80870        0.80876        0.80880        0.80884        0.80887        0.80889        0.80891        0.80893
11.951          0.97801        0.94683        0.93655        0.93324        0.93067        0.92661        0.91860        0.89970        0.85598        0.81847        0.79956        0.78921        0.78393        0.78129        0.77998        0.77936        0.77903        0.77896        0.77920        0.77939        0.77937        0.77905        0.77871        0.77868        0.77867        0.77865        0.77862        0.77860        0.77860        0.77859        0.77859
12.470          1.0764         1.1015         1.1125         1.1145         1.1139         1.1119         1.1069         1.0917         1.0377         0.96610        0.91829        0.88726        0.86869        0.85765        0.85116        0.84761        0.84562        0.84486        0.84524        0.84538        0.84482        0.84407        0.84335        0.84319        0.84312        0.84303        0.84294        0.84288        0.84284        0.84281        0.84278
12.990          1.1324         1.2135         1.2449         1.2525         1.2553         1.2583         1.2633         1.2704         1.2617         1.2102         1.1555         1.1122         1.0823         1.0630         1.0508         1.0439         1.0400         1.0383         1.0378         1.0375         1.0367         1.0360         1.0354         1.0350         1.0348         1.0347         1.0345         1.0344         1.0343         1.0343         1.0342
13.510          1.1004         1.1462         1.1646         1.1691         1.1718         1.1761         1.1850         1.2060         1.2572         1.3016         1.3138         1.3114         1.3035         1.2957         1.2896         1.2855         1.2833         1.2819         1.2802         1.2796         1.2798         1.2800         1.2803         1.2800         1.2799         1.2798         1.2797         1.2797         1.2796         1.2796         1.2795
14.029          1.0083         0.98606        0.98011        0.97853        0.97862        0.97974        0.98303        0.99333        1.0340         1.1051         1.1640         1.2059         1.2325         1.2484         1.2578         1.2630         1.2657         1.2669         1.2670         1.2670         1.2675         1.2683         1.2690         1.2693         1.2694         1.2695         1.2697         1.2697         1.2698         1.2698         1.2699
14.549          0.92242        0.87687        0.86100        0.85723        0.85592        0.85479        0.85335        0.85225        0.86064        0.89162        0.92655        0.95675        0.97943        0.99511        1.0054         1.0115         1.0149         1.0166         1.0177         1.0180         1.0183         1.0188         1.0192         1.0196         1.0197         1.0199         1.0200         1.0201         1.0202         1.0202         1.0203
15.068          0.88627        0.84208        0.82508        0.82139        0.81993        0.81821        0.81509        0.80925        0.79996        0.79925        0.80574        0.81366        0.82078        0.82632        0.83023        0.83267        0.83407        0.83480        0.83528        0.83550        0.83568        0.83578        0.83585        0.83597        0.83604        0.83609        0.83615        0.83618        0.83620        0.83623        0.83625
15.588          0.91159        0.86968        0.85466        0.85178        0.85087        0.84937        0.84597        0.83835        0.81965        0.79901        0.78783        0.78202        0.77941        0.77837        0.77801        0.77791        0.77789        0.77793        0.77808        0.77819        0.77819        0.77805        0.77789        0.77788        0.77788        0.77787        0.77787        0.77786        0.77786        0.77786        0.77786
16.108          0.99175        0.97008        0.96455        0.96413        0.96445        0.96391        0.96142        0.95391        0.92859        0.88769        0.85850        0.83974        0.82868        0.82220        0.81840        0.81632        0.81517        0.81471        0.81480        0.81483        0.81452        0.81416        0.81382        0.81371        0.81366        0.81361        0.81356        0.81353        0.81351        0.81349        0.81348
16.627          1.0873         1.1294         1.1463         1.1506         1.1524         1.1537         1.1545         1.1529         1.1362         1.0909         1.0487         1.0178         0.99758        0.98483        0.97694        0.97243        0.96992        0.96879        0.96853        0.96838        0.96782        0.96732        0.96687        0.96663        0.96653        0.96643        0.96633        0.96626        0.96622        0.96618        0.96615
17.147          1.1303         1.2153         1.2452         1.2511         1.2524         1.2542         1.2582         1.2661         1.2813         1.2867         1.2759         1.2613         1.2481         1.2382         1.2315         1.2273         1.2250         1.2238         1.2228         1.2224         1.2223         1.2222         1.2220         1.2218         1.2217         1.2216         1.2215         1.2215         1.2214         1.2214         1.2213
17.666          1.0865         1.1192         1.1305         1.1314         1.1307         1.1309         1.1332         1.1407         1.1676         1.2178         1.2561         1.2801         1.2934         1.3006         1.3046         1.3066         1.3077         1.3081         1.3079         1.3078         1.3082         1.3086         1.3089         1.3090         1.3091         1.3091         1.3092         1.3092         1.3092         1.3092         1.3092
18.186          0.99661        0.96145        0.95206        0.94921        0.94793        0.94690        0.94628        0.94731        0.95761        0.98837        1.0205         1.0460         1.0641         1.0760         1.0837         1.0882         1.0907         1.0919         1.0926         1.0928         1.0931         1.0935         1.0938         1.0941         1.0942         1.0943         1.0944         1.0944         1.0945         1.0945         1.0946
18.706          0.91929        0.86658        0.85088        0.84776        0.84692        0.84598        0.84432        0.84173        0.83833        0.84025        0.84717        0.85477        0.86125        0.86611        0.86944        0.87151        0.87269        0.87331        0.87371        0.87387        0.87398        0.87409        0.87419        0.87429        0.87435        0.87439        0.87444        0.87447        0.87449        0.87451        0.87452
19.225          0.88950        0.84345        0.82780        0.82531        0.82511        0.82465        0.82308        0.81952        0.81036        0.79716        0.78961        0.78604        0.78472        0.78438        0.78436        0.78444        0.78450        0.78457        0.78467        0.78472        0.78470        0.78465        0.78460        0.78459        0.78460        0.78460        0.78460        0.78460        0.78460        0.78460        0.78460
19.745          0.92450        0.88242        0.86941        0.86777        0.86829        0.86849        0.86748        0.86402        0.85253        0.83116        0.81573        0.80623        0.80082        0.79774        0.79596        0.79498        0.79445        0.79423        0.79420        0.79418        0.79405        0.79392        0.79380        0.79374        0.79372        0.79369        0.79367        0.79366        0.79365        0.79364        0.79363
20.264          1.0150         0.99523        0.99303        0.99353        0.99476        0.99575        0.99597        0.99413        0.98456        0.96182        0.94246        0.92918        0.92081        0.91564        0.91246        0.91062        0.90960        0.90912        0.90894        0.90886        0.90866        0.90848        0.90832        0.90823        0.90818        0.90814        0.90810        0.90808        0.90806        0.90804        0.90803
20.784          1.1090         1.1524         1.1719         1.1759         1.1769         1.1780         1.1798         1.1822         1.1848         1.1822         1.1745         1.1666         1.1603         1.1557         1.1527         1.1508         1.1498         1.1492         1.1488         1.1487         1.1486         1.1485         1.1484         1.1483         1.1483         1.1482         1.1482         1.1482         1.1481         1.1481         1.1481
21.304          1.1339         1.2083         1.2354         1.2394         1.2389         1.2387         1.2403         1.2452         1.2601         1.2870         1.3042         1.3130         1.3169         1.3186         1.3193         1.3196         1.3197         1.3197         1.3196         1.3195         1.3197         1.3198         1.3198         1.3199         1.3199         1.3199         1.3199         1.3199         1.3199         1.3199         1.3199
21.823          1.0755         1.0913         1.0984         1.0986         1.0973         1.0962         1.0960         1.0979         1.1069         1.1268         1.1433         1.1543         1.1612         1.1654         1.1679         1.1694         1.1703         1.1707         1.1709         1.1709         1.1711         1.1712         1.1713         1.1714         1.1715         1.1715         1.1715         1.1715         1.1715         1.1716         1.1716
22.343          0.98284        0.94158        0.93144        0.92925        0.92866        0.92791        0.92682        0.92548        0.92323        0.92041        0.91988        0.92060        0.92170        0.92270        0.92346        0.92397        0.92428        0.92445        0.92456        0.92460        0.92462        0.92464        0.92466        0.92469        0.92470        0.92471        0.92472        0.92472        0.92473        0.92473        0.92473
22.862          0.91006        0.86063        0.84583        0.84350        0.84351        0.84334        0.84229        0.83977        0.83242        0.81852        0.80916        0.80400        0.80144        0.80019        0.79954        0.79924        0.79909        0.79904        0.79906        0.79905        0.79899        0.79894        0.79890        0.79888        0.79887        0.79886        0.79885        0.79885        0.79885        0.79884        0.79884
23.382          0.89095        0.84756        0.83269        0.83057        0.83086        0.83104        0.83020        0.82749        0.81909        0.80376        0.79354        0.78786        0.78497        0.78349        0.78270        0.78229        0.78208        0.78200        0.78200        0.78199        0.78192        0.78186        0.78181        0.78178        0.78177        0.78176        0.78176        0.78175        0.78175        0.78174        0.78174
23.902          0.93627        0.89618        0.88380        0.88199        0.88244        0.88284        0.88240        0.88027        0.87419        0.86569        0.86174        0.86049        0.86044        0.86074        0.86102        0.86121        0.86132        0.86138        0.86145        0.86148        0.86146        0.86146        0.86145        0.86146        0.86147        0.86147        0.86148        0.86148        0.86148        0.86149        0.86149
24.421          1.0282         1.0180         1.0172         1.0171         1.0176         1.0182         1.0188         1.0193         1.0222         1.0337         1.0459         1.0551         1.0614         1.0653         1.0678         1.0692         1.0699         1.0702         1.0704         1.0705         1.0706         1.0707         1.0708         1.0709         1.0709         1.0710         1.0710         1.0710         1.0710         1.0711         1.0711
24.941          1.1111         1.1685         1.1894         1.1930         1.1931         1.1936         1.1956         1.2005         1.2159         1.2470         1.2699         1.2836         1.2911         1.2951         1.2973         1.2984         1.2990         1.2993         1.2993         1.2993         1.2995         1.2996         1.2998         1.2998         1.2999         1.2999         1.2999         1.2999         1.3000         1.3000         1.3000
25.460          1.1227         1.1975         1.2232         1.2276         1.2273         1.2272         1.2286         1.2333         1.2447         1.2562         1.2572         1.2540         1.2501         1.2469         1.2447         1.2433         1.2426         1.2421         1.2418         1.2417         1.2417         1.2416         1.2416         1.2415         1.2415         1.2414         1.2414         1.2414         1.2414         1.2414         1.2413
25.980          1.0564         1.0677         1.0731         1.0738         1.0735         1.0729         1.0724         1.0719         1.0666         1.0467         1.0264         1.0114         1.0014         0.99519        0.99135        0.98916        0.98798        0.98744        0.98718        0.98707        0.98685        0.98667        0.98650        0.98638        0.98632        0.98627        0.98622        0.98619        0.98617        0.98615        0.98613
26.500          0.96455        0.92672        0.91628        0.91436        0.91414        0.91361        0.91207        0.90830        0.89550        0.87013        0.85095        0.83866        0.83140        0.82715        0.82466        0.82329        0.82255        0.82224        0.82217        0.82213        0.82195        0.82179        0.82164        0.82156        0.82152        0.82149        0.82146        0.82144        0.82142        0.82141        0.82140
27.019          0.90004        0.85648        0.84159        0.83898        0.83872        0.83826        0.83650        0.83202        0.81955        0.80124        0.78997        0.78372        0.78056        0.77900        0.77820        0.77780        0.77760        0.77754        0.77758        0.77760        0.77754        0.77745        0.77736        0.77733        0.77732        0.77731        0.77730        0.77730        0.77729        0.77729        0.77729
27.539          0.89215        0.85097        0.83562        0.83285        0.83254        0.83211        0.83048        0.82648        0.81807        0.81221        0.81294        0.81591        0.81917        0.82186        0.82378        0.82499        0.82567        0.82604        0.82631        0.82642        0.82649        0.82653        0.82656        0.82661        0.82665        0.82667        0.82670        0.82672        0.82673        0.82674        0.82675
28.059          0.94711        0.90806        0.89549        0.89313        0.89303        0.89298        0.89239        0.89121        0.89420        0.91357        0.93729        0.95757        0.97256        0.98277        0.98938        0.99330        0.99546        0.99654        0.99722        0.99745        0.99766        0.99794        0.99822        0.99843        0.99854        0.99863        0.99872        0.99878        0.99881        0.99885        0.99888
28.578          1.0436         1.0386         1.0396         1.0400         1.0406         1.0417         1.0441         1.0502         1.0747         1.1268         1.1719         1.2036         1.2238         1.2359         1.2432         1.2473         1.2494         1.2504         1.2507         1.2508         1.2512         1.2517         1.2521         1.2523         1.2525         1.2525         1.2526         1.2527         1.2527         1.2528         1.2528
29.098          1.1248         1.1833         1.2072         1.2122         1.2135         1.2156         1.2206         1.2325         1.2631         1.2969         1.3088         1.3097         1.3060         1.3019         1.2986         1.2963         1.2951         1.2943         1.2933         1.2930         1.2932         1.2933         1.2933         1.2932         1.2931         1.2931         1.2930         1.2930         1.2930         1.2930         1.2929
29.617          1.1246         1.1881         1.2135         1.2184         1.2190         1.2196         1.2216         1.2253         1.2215         1.1871         1.1471         1.1152         1.0930         1.0785         1.0694         1.0642         1.0613         1.0600         1.0593         1.0591         1.0586         1.0581         1.0577         1.0574         1.0573         1.0572         1.0571         1.0570         1.0569         1.0569         1.0568
30.137          1.0474         1.0465         1.0494         1.0494         1.0486         1.0472         1.0443         1.0367         1.0073         0.95559        0.91718        0.89173        0.87624        0.86692        0.86137        0.85828        0.85657        0.85586        0.85590        0.85589        0.85546        0.85498        0.85453        0.85437        0.85430        0.85422        0.85415        0.85410        0.85407        0.85404        0.85402
30.657          0.95541        0.91186        0.89974        0.89678        0.89553        0.89358        0.88928        0.87909        0.85227        0.82102        0.80296        0.79254        0.78694        0.78393        0.78230        0.78145        0.78100        0.78084        0.78096        0.78105        0.78097        0.78073        0.78048        0.78043        0.78041        0.78039        0.78036        0.78034        0.78034        0.78033        0.78032
31.176          0.89691        0.85043        0.83440        0.83098        0.82980        0.82811        0.82427        0.81566        0.79886        0.78894        0.78834        0.79084        0.79405        0.79690        0.79904        0.80040        0.80119        0.80162        0.80195        0.80213        0.80227        0.80226        0.80222        0.80228        0.80232        0.80235        0.80238        0.80240        0.80241        0.80242        0.80243
31.696          0.89579        0.85283        0.83672        0.83360        0.83286        0.83190        0.82952        0.82484        0.82365        0.84127        0.86469        0.88625        0.90322        0.91537        0.92350        0.92843        0.93119        0.93260        0.93351        0.93381        0.93405        0.93439        0.93472        0.93499        0.93513        0.93524        0.93536        0.93544        0.93549        0.93553        0.93557
32.215          0.95836        0.92111        0.90949        0.90778        0.90833        0.90931        0.91100        0.91663        0.94753        1.0097         1.0655         1.1084         1.1380         1.1572         1.1691         1.1760         1.1798         1.1816         1.1824         1.1826         1.1830         1.1838         1.1845         1.1849         1.1851         1.1853         1.1854         1.1855         1.1856         1.1857         1.1857
32.735          1.0600         1.0636         1.0692         1.0717         1.0744         1.0787         1.0875         1.1099         1.1749         1.2496         1.2906         1.3106         1.3181         1.3201         1.3201         1.3196         1.3193         1.3188         1.3174         1.3169         1.3174         1.3180         1.3186         1.3185         1.3184         1.3185         1.3185         1.3185         1.3184         1.3184         1.3184
33.255          1.1301         1.2004         1.2286         1.2353         1.2382         1.2427         1.2523         1.2732         1.2999         1.2826         1.2451         1.2097         1.1823         1.1635         1.1511         1.1438         1.1398         1.1378         1.1365         1.1360         1.1355         1.1351         1.1347         1.1343         1.1341         1.1339         1.1338         1.1336         1.1336         1.1335         1.1334
33.774          1.1150         1.1754         1.1981         1.2016         1.2010         1.1998         1.1979         1.1891         1.1377         1.0559         0.99752        0.95826        0.93399        0.91914        0.91020        0.90520        0.90239        0.90125        0.90150        0.90159        0.90086        0.89995        0.89909        0.89884        0.89874        0.89861        0.89848        0.89840        0.89835        0.89830        0.89826
34.294          1.0323         1.0210         1.0191         1.0169         1.0139         1.0092         0.99965        0.97552        0.91443        0.85891        0.82912        0.81188        0.80250        0.79730        0.79441        0.79288        0.79201        0.79172        0.79205        0.79225        0.79206        0.79156        0.79106        0.79098        0.79096        0.79091        0.79086        0.79083        0.79081        0.79080        0.79079
34.813          0.94282        0.89465        0.88002        0.87599        0.87339        0.86931        0.86064        0.84025        0.80368        0.78483        0.77972        0.77932        0.78078        0.78260        0.78413        0.78516        0.78576        0.78611        0.78643        0.78664        0.78678        0.78668        0.78656        0.78661        0.78664        0.78666        0.78668        0.78669        0.78670        0.78671        0.78672
35.333          0.89279        0.84422        0.82740        0.82381        0.82223        0.81980        0.81417        0.80157        0.79086        0.80387        0.82233        0.83992        0.85423        0.86482        0.87210        0.87657        0.87911        0.88042        0.88125        0.88155        0.88180        0.88209        0.88237        0.88261        0.88274        0.88285        0.88296        0.88303        0.88307        0.88312        0.88315
35.853          0.90192        0.85755        0.84199        0.83944        0.83939        0.83940        0.83881        0.83999        0.87089        0.93114        0.98415        1.0264         1.0567         1.0771         1.0903         1.0981         1.1024         1.1045         1.1057         1.1059         1.1063         1.1071         1.1079         1.1083         1.1085         1.1087         1.1089         1.1090         1.1091         1.1092         1.1093
36.372          0.97393        0.94068        0.93235        0.93238        0.93517        0.93988        0.94966        0.97976        1.0766         1.1761         1.2371         1.2736         1.2931         1.3031         1.3082         1.3106         1.3119         1.3122         1.3113         1.3109         1.3115         1.3124         1.3132         1.3133         1.3134         1.3134         1.3135         1.3136         1.3136         1.3136         1.3136
36.892          1.0755         1.0943         1.1064         1.1114         1.1170         1.1264         1.1470         1.2017         1.2952         1.3159         1.2989         1.2751         1.2531         1.2367         1.2254         1.2184         1.2146         1.2125         1.2105         1.2098         1.2097         1.2096         1.2095         1.2091         1.2088         1.2087         1.2085         1.2084         1.2083         1.2083         1.2082
37.411          1.1367         1.2126         1.2428         1.2495         1.2522         1.2564         1.2660         1.2800         1.2322         1.1397         1.0733         1.0274         0.99845        0.98037        0.96931        0.96304        0.95951        0.95801        0.95808        0.95807        0.95720        0.95621        0.95529        0.95498        0.95483        0.95467        0.95451        0.95441        0.95435        0.95429        0.95424
37.931          1.1100         1.1525         1.1689         1.1695         1.1656         1.1587         1.1442         1.0982         0.98150        0.90202        0.86212        0.83872        0.82578        0.81846        0.81431        0.81208        0.81081        0.81037        0.81078        0.81098        0.81062        0.80999        0.80939        0.80928        0.80924        0.80918        0.80911        0.80907        0.80905        0.80903        0.80901
38.451          1.0189         0.99209        0.98504        0.98088        0.97567        0.96680        0.94748        0.89705        0.81977        0.79054        0.78090        0.77724        0.77646        0.77678        0.77735        0.77781        0.77809        0.77830        0.77855        0.77872        0.77880        0.77866        0.77850        0.77852        0.77854        0.77854        0.77855        0.77855        0.77856        0.77856        0.77857
38.970          0.93083        0.87974        0.86392        0.85962        0.85654        0.85133        0.83895        0.80723        0.77834        0.78645        0.79947        0.81184        0.82191        0.82943        0.83464        0.83786        0.83971        0.84067        0.84125        0.84149        0.84172        0.84192        0.84209        0.84226        0.84236        0.84243        0.84251        0.84257        0.84260        0.84263        0.84266
39.490          0.89025        0.84286        0.82668        0.82362        0.82287        0.82161        0.81756        0.80881        0.83562        0.88830        0.93115        0.96517        0.98990        1.0067         1.0177         1.0243         1.0280         1.0299         1.0310         1.0314         1.0317         1.0322         1.0328         1.0332         1.0333         1.0335         1.0337         1.0338         1.0338         1.0339         1.0340
40.009          0.91211        0.86860        0.85491        0.85361        0.85573        0.85962        0.86805        0.90184        1.0217         1.1217         1.1825         1.2224         1.2465         1.2606         1.2688         1.2733         1.2757         1.2767         1.2768         1.2768         1.2773         1.2780         1.2786         1.2789         1.2790         1.2791         1.2792         1.2793         1.2793         1.2794         1.2794
40.529          0.99358        0.96564        0.96144        0.96362        0.96967        0.98076        1.0078         1.1028         1.2698         1.3155         1.3177         1.3091         1.2979         1.2884         1.2814         1.2769         1.2743         1.2728         1.2712         1.2707         1.2708         1.2708         1.2709         1.2706         1.2705         1.2703         1.2702         1.2702         1.2701         1.2701         1.2700
41.049          1.0925         1.1218         1.1387         1.1452         1.1520         1.1643         1.1945         1.2724         1.2682         1.1884         1.1312         1.0903         1.0634         1.0462         1.0355         1.0293         1.0259         1.0243         1.0237         1.0235         1.0227         1.0221         1.0216         1.0212         1.0211         1.0209         1.0208         1.0207         1.0206         1.0206         1.0205
41.568          1.1366         1.2115         1.2399         1.2446         1.2434         1.2406         1.2337         1.1812         1.0167         0.93321        0.89340        0.86931        0.85542        0.84731        0.84258        0.83997        0.83851        0.83793        0.83805        0.83808        0.83767        0.83721        0.83678        0.83664        0.83658        0.83652        0.83645        0.83641        0.83638        0.83636        0.83634
42.088          1.0950         1.1234         1.1334         1.1312         1.1233         1.1087         1.0734         0.96256        0.82966        0.79711        0.78619        0.78105        0.77889        0.77810        0.77787        0.77783        0.77784        0.77789        0.77802        0.77811        0.77811        0.77799        0.77787        0.77786        0.77786        0.77786        0.77786        0.77786        0.77786        0.77786        0.77786
42.607          1.0019         0.96840        0.95869        0.95391        0.94818        0.93780        0.91157        0.83388        0.77578        0.77977        0.78770        0.79514        0.80115        0.80560        0.80866        0.81057        0.81166        0.81223        0.81258        0.81274        0.81289        0.81299        0.81307        0.81317        0.81323        0.81327        0.81332        0.81335        0.81337        0.81339        0.81340
43.127          0.91875        0.87235        0.85708        0.85368        0.85235        0.84998        0.84236        0.81518        0.83078        0.87102        0.89950        0.92149        0.93741        0.94826        0.95538        0.95969        0.96210        0.96334        0.96413        0.96441        0.96463        0.96493        0.96523        0.96547        0.96560        0.96570        0.96580        0.96587        0.96591        0.96595        0.96598
43.647          0.88813        0.84717        0.83254        0.83102        0.83320        0.83750        0.84784        0.89153        1.0193         1.0981         1.1420         1.1719         1.1913         1.2034         1.2108         1.2151         1.2175         1.2186         1.2192         1.2194         1.2197         1.2201         1.2205         1.2207         1.2208         1.2209         1.2210         1.2211         1.2211         1.2212         1.2212
44.166          0.91995        0.88212        0.87055        0.87105        0.87647        0.88724        0.91749        1.0601         1.2677         1.3098         1.3194         1.3208         1.3186         1.3159         1.3136         1.3119         1.3109         1.3103         1.3096         1.3094         1.3096         1.3096         1.3096         1.3095         1.3095         1.3094         1.3094         1.3094         1.3093         1.3093         1.3093
44.686          1.0043         0.98700        0.98564        0.98888        0.99609        1.0102         1.0508         1.2069         1.2568         1.2038         1.1687         1.1429         1.1250         1.1132         1.1057         1.1012         1.0987         1.0974         1.0967         1.0964         1.0961         1.0958         1.0955         1.0952         1.0951         1.0950         1.0949         1.0948         1.0948         1.0948         1.0947
45.205          1.0972         1.1381         1.1561         1.1608         1.1630         1.1666         1.1753         1.1502         1.0007         0.94400        0.91730        0.90042        0.89004        0.88370        0.87986        0.87767        0.87647        0.87592        0.87573        0.87564        0.87539        0.87516        0.87496        0.87484        0.87479        0.87474        0.87469        0.87465        0.87463        0.87461        0.87460
45.725          1.1301         1.2030         1.2277         1.2287         1.2210         1.2054         1.1606         0.97893        0.82063        0.79924        0.79182        0.78803        0.78621        0.78536        0.78497        0.78480        0.78472        0.78471        0.78475        0.78477        0.78474        0.78469        0.78463        0.78462        0.78462        0.78461        0.78461        0.78461        0.78461        0.78461        0.78461
46.245          1.0777         1.1007         1.1072         1.1041         1.0957         1.0795         1.0335         0.87309        0.77774        0.77858        0.78185        0.78510        0.78784        0.78991        0.79135        0.79225        0.79277        0.79305        0.79323        0.79331        0.79337        0.79341        0.79345        0.79349        0.79352        0.79354        0.79356        0.79358        0.79358        0.79359        0.79360
46.764          0.98485        0.95403        0.94461        0.94183        0.94017        0.93710        0.92716        0.87397        0.85266        0.87020        0.88125        0.88981        0.89616        0.90059        0.90354        0.90534        0.90636        0.90688        0.90722        0.90734        0.90745        0.90756        0.90767        0.90776        0.90781        0.90785        0.90789        0.90792        0.90794        0.90795        0.90797
47.284          0.91037        0.86909        0.85576        0.85493        0.85832        0.86534        0.88554        0.96801        1.0664         1.0992         1.1156         1.1270         1.1349         1.1400         1.1433         1.1453         1.1464         1.1469         1.1472         1.1473         1.1475         1.1476         1.1477         1.1478         1.1479         1.1479         1.1480         1.1480         1.1480         1.1480         1.1481
47.803          0.88616        0.85054        0.83770        0.83819        0.84387        0.85561        0.89173        1.0890         1.2887         1.3093         1.3160         1.3190         1.3201         1.3204         1.3203         1.3202         1.3201         1.3200         1.3199         1.3199         1.3199         1.3199         1.3199         1.3199         1.3199         1.3199         1.3199         1.3199         1.3199         1.3199         1.3199
48.323          0.92454        0.89119        0.88052        0.88141        0.88706        0.89852        0.93385        1.1048         1.2074         1.1983         1.1919         1.1861         1.1813         1.1778         1.1753         1.1738         1.1730         1.1725         1.1722         1.1721         1.1720         1.1719         1.1719         1.1718         1.1717         1.1717         1.1717         1.1717         1.1716         1.1716         1.1716
48.843          1.0134         1.0024         1.0005         1.0010         1.0024         1.0050         1.0117         1.0037         0.94992        0.93895        0.93439        0.93113        0.92879        0.92720        0.92618        0.92558        0.92525        0.92509        0.92500        0.92497        0.92493        0.92488        0.92484        0.92481        0.92479        0.92478        0.92477        0.92476        0.92476        0.92475        0.92475
49.362          1.1030         1.1516         1.1675         1.1670         1.1599         1.1454         1.1017         0.91767        0.80118        0.79717        0.79683        0.79707        0.79749        0.79790        0.79823        0.79846        0.79860        0.79868        0.79874        0.79877        0.79878        0.79878        0.79878        0.79879        0.79880        0.79881        0.79882        0.79882        0.79882        0.79883        0.79883
49.882          1.1281         1.1992         1.2219         1.2214         1.2120         1.1933         1.1374         0.91629        0.78519        0.77974        0.77879        0.77899        0.77962        0.78029        0.78081        0.78117        0.78139        0.78151        0.78160        0.78163        0.78165        0.78166        0.78167        0.78168        0.78169        0.78170        0.78171        0.78172        0.78172        0.78172        0.78173
50.401          1.0693         1.0844         1.0917         1.0923         1.0914         1.0892         1.0810         1.0009         0.89455        0.87665        0.86901        0.86504        0.86317        0.86232        0.86192        0.86174        0.86166        0.86164        0.86163        0.86163        0.86160        0.86157        0.86155        0.86153        0.86152        0.86152        0.86151        0.86151        0.86150        0.86150        0.86150
50.921          0.97457        0.94070        0.93369        0.93506        0.94058        0.95152        0.98400        1.1136         1.1384         1.1107         1.0954         1.0858         1.0799         1.0764         1.0742         1.0730         1.0723         1.0720         1.0717         1.0716         1.0715         1.0715         1.0714         1.0713         1.0713         1.0712         1.0712         1.0712         1.0712         1.0711         1.0711
51.441          0.90419        0.86257        0.85082        0.85203        0.85844        0.87113        0.90929        1.1136         1.3035         1.3120         1.3110         1.3086         1.3060         1.3039         1.3025         1.3015         1.3009         1.3006         1.3004         1.3003         1.3002         1.3002         1.3002         1.3001         1.3001         1.3001         1.3001         1.3000         1.3000         1.3000         1.3000
51.960          0.88908        0.84989        0.83686        0.83703        0.84155        0.85018        0.87459        0.98748        1.1406         1.1879         1.2104         1.2237         1.2313         1.2355         1.2380         1.2394         1.2401         1.2404         1.2406         1.2407         1.2408         1.2409         1.2410         1.2411         1.2412         1.2412         1.2412         1.2412         1.2413         1.2413         1.2413
52.480          0.93967        0.89872        0.88599        0.88394        0.88424        0.88474        0.88501        0.87384        0.89772        0.93092        0.95046        0.96361        0.97219        0.97762        0.98105        0.98308        0.98420        0.98476        0.98514        0.98528        0.98540        0.98553        0.98567        0.98578        0.98585        0.98590        0.98595        0.98598        0.98601        0.98603        0.98604
52.999          1.0355         1.0212         1.0167         1.0121         1.0054         0.99320        0.96069        0.84858        0.78601        0.79503        0.80272        0.80873        0.81313        0.81620        0.81824        0.81950        0.82021        0.82057        0.82081        0.82091        0.82099        0.82106        0.82113        0.82119        0.82123        0.82126        0.82129        0.82131        0.82133        0.82134        0.82135
