0.0000          1.0240         1.0135         1.0067         0.98674        0.92539        0.79881        0.79628        0.79928        0.79951        0.79932        0.79911        0.79898        0.79888        0.79883        0.79879        0.79875        0.79872        0.79870        0.79868        0.79867        0.79866        0.79865        0.79865        0.79864        0.79864        0.79864        0.79864        0.79863        0.79863        0.79863        0.79863
0.51960         1.1145         1.1448         1.1435         1.1193         1.0306         0.80614        0.78438        0.78443        0.78472        0.78493        0.78510        0.78521        0.78531        0.78535        0.78539        0.78544        0.78546        0.78548        0.78550        0.78551        0.78552        0.78553        0.78554        0.78554        0.78554        0.78555        0.78555        0.78555        0.78555        0.78555        0.78556
1.0392          1.0903         1.1133         1.1182         1.1164         1.0918         0.92507        0.89306        0.89118        0.89195        0.89274        0.89339        0.89382        0.89419        0.89435        0.89452        0.89468        0.89477        0.89484        0.89491        0.89496        0.89499        0.89503        0.89505        0.89507        0.89508        0.89509        0.89510        0.89511        0.89511        0.89512        0.89512
1.5588          0.98304        0.96488        0.96862        0.98528        1.0438         1.1525         1.1358         1.1319         1.1329         1.1340         1.1350         1.1356         1.1361         1.1364         1.1366         1.1369         1.1370         1.1371         1.1372         1.1373         1.1373         1.1374         1.1374         1.1374         1.1374         1.1375         1.1375         1.1375         1.1375         1.1375         1.1375
2.0784          0.90667        0.87115        0.87139        0.88901        0.96662        1.2849         1.3091         1.3054         1.3048         1.3047         1.3047         1.3047         1.3046         1.3046         1.3046         1.3046         1.3046         1.3046         1.3046         1.3046         1.3046         1.3046         1.3046         1.3046         1.3046         1.3046         1.3046         1.3046         1.3046         1.3046         1.3046
2.5980          0.92411        0.89166        0.89009        0.90108        0.95088        1.1315         1.1527         1.1514         1.1494         1.1481         1.1471         1.1464         1.1458         1.1455         1.1453         1.1450         1.1449         1.1448         1.1447         1.1446         1.1445         1.1445         1.1444         1.1444         1.1444         1.1444         1.1444         1.1443         1.1443         1.1443         1.1443
3.1176          1.0238         1.0173         1.0160         1.0128         0.99851        0.91207        0.90479        0.90459        0.90329        0.90238        0.90169        0.90122        0.90082        0.90065        0.90047        0.90029        0.90019        0.90011        0.90004        0.89998        0.89995        0.89991        0.89988        0.89987        0.89985        0.89984        0.89983        0.89982        0.89982        0.89981        0.89981
3.6372          1.1125         1.1461         1.1462         1.1256         1.0418         0.80511        0.78735        0.78782        0.78757        0.78735        0.78717        0.78706        0.78696        0.78692        0.78687        0.78683        0.78681        0.78679        0.78677        0.78676        0.78675        0.78674        0.78673        0.78673        0.78672        0.78672        0.78672        0.78672        0.78672        0.78672        0.78671
4.1568          1.0876         1.1103         1.1101         1.0918         1.0153         0.80423        0.79194        0.79457        0.79551        0.79590        0.79614        0.79632        0.79647        0.79654        0.79661        0.79669        0.79673        0.79676        0.79679        0.79681        0.79683        0.79684        0.79685        0.79686        0.79687        0.79687        0.79688        0.79688        0.79688        0.79688        0.79688
4.6764          0.98034        0.96136        0.95974        0.95859        0.95029        0.90938        0.92086        0.92816        0.93097        0.93217        0.93294        0.93349        0.93396        0.93419        0.93441        0.93463        0.93475        0.93485        0.93495        0.93502        0.93506        0.93511        0.93515        0.93517        0.93519        0.93520        0.93521        0.93522        0.93523        0.93524        0.93524
5.1960          0.90349        0.86959        0.86788        0.87904        0.92821        1.1290         1.1741         1.1822         1.1855         1.1869         1.1878         1.1884         1.1890         1.1893         1.1895         1.1898         1.1899         1.1901         1.1902         1.1902         1.1903         1.1904         1.1904         1.1904         1.1904         1.1905         1.1905         1.1905         1.1905         1.1905         1.1905
5.7156          0.92047        0.89231        0.89259        0.91041        0.98964        1.2858         1.3061         1.3007         1.2993         1.2988         1.2986         1.2984         1.2983         1.2982         1.2981         1.2980         1.2980         1.2980         1.2979         1.2979         1.2979         1.2979         1.2978         1.2978         1.2978         1.2978         1.2978         1.2978         1.2978         1.2978         1.2978
6.2352          1.0219         1.0202         1.0243         1.0395         1.0943         1.1536         1.1126         1.0993         1.0949         1.0933         1.0924         1.0917         1.0911         1.0908         1.0905         1.0902         1.0900         1.0899         1.0898         1.0897         1.0896         1.0896         1.0895         1.0895         1.0895         1.0895         1.0894         1.0894         1.0894         1.0894         1.0894
6.7548          1.1131         1.1492         1.1538         1.1478         1.1114         0.92347        0.87829        0.87081        0.86834        0.86743        0.86687        0.86647        0.86611        0.86595        0.86578        0.86562        0.86553        0.86545        0.86538        0.86533        0.86530        0.86526        0.86524        0.86522        0.86521        0.86519        0.86519        0.86518        0.86517        0.86517        0.86517
7.2744          1.0865         1.1104         1.1089         1.0860         1.0020         0.80405        0.78130        0.78036        0.78001        0.77987        0.77977        0.77970        0.77964        0.77962        0.77959        0.77956        0.77955        0.77954        0.77953        0.77952        0.77951        0.77951        0.77950        0.77950        0.77950        0.77950        0.77950        0.77949        0.77949        0.77949        0.77949
7.7940          0.97708        0.95945        0.95364        0.93868        0.89005        0.79932        0.80374        0.80947        0.81117        0.81171        0.81201        0.81222        0.81242        0.81251        0.81260        0.81270        0.81275        0.81279        0.81284        0.81287        0.81289        0.81290        0.81292        0.81293        0.81294        0.81295        0.81295        0.81295        0.81296        0.81296        0.81296
8.3136          0.90106        0.86759        0.86259        0.86246        0.86592        0.90908        0.95618        0.97139        0.97580        0.97720        0.97796        0.97852        0.97903        0.97927        0.97951        0.97975        0.97989        0.98000        0.98011        0.98019        0.98024        0.98029        0.98033        0.98035        0.98037        0.98039        0.98040        0.98041        0.98042        0.98043        0.98043
8.8332          0.92098        0.89089        0.88983        0.90299        0.95502        1.1390         1.2139         1.2286         1.2326         1.2339         1.2346         1.2351         1.2355         1.2358         1.2360         1.2362         1.2363         1.2364         1.2365         1.2366         1.2366         1.2367         1.2367         1.2367         1.2367         1.2368         1.2368         1.2368         1.2368         1.2368         1.2368
9.3528          1.0239         1.0201         1.0259         1.0474         1.1223         1.2886         1.2904         1.2815         1.2789         1.2781         1.2777         1.2774         1.2771         1.2770         1.2768         1.2767         1.2766         1.2766         1.2765         1.2765         1.2764         1.2764         1.2764         1.2764         1.2764         1.2764         1.2764         1.2763         1.2763         1.2763         1.2763
9.8724          1.1167         1.1511         1.1601         1.1689         1.1858         1.1337         1.0645         1.0460         1.0410         1.0395         1.0387         1.0382         1.0376         1.0374         1.0371         1.0369         1.0367         1.0366         1.0365         1.0364         1.0364         1.0363         1.0363         1.0362         1.0362         1.0362         1.0362         1.0362         1.0362         1.0362         1.0361
10.392          1.0921         1.1127         1.1138         1.0993         1.0463         0.90189        0.85124        0.84199        0.83956        0.83885        0.83847        0.83818        0.83792        0.83780        0.83767        0.83755        0.83748        0.83742        0.83737        0.83733        0.83730        0.83728        0.83726        0.83725        0.83723        0.83722        0.83722        0.83721        0.83721        0.83721        0.83720
10.912          0.98123        0.96012        0.95362        0.93624        0.88607        0.79462        0.77799        0.77718        0.77705        0.77701        0.77698        0.77697        0.77695        0.77694        0.77694        0.77693        0.77693        0.77692        0.77692        0.77692        0.77692        0.77692        0.77691        0.77691        0.77691        0.77691        0.77691        0.77691        0.77691        0.77691        0.77691
11.431          0.90260        0.86693        0.85952        0.85157        0.83178        0.81026        0.82357        0.83031        0.83225        0.83283        0.83314        0.83337        0.83358        0.83368        0.83377        0.83387        0.83393        0.83398        0.83402        0.83405        0.83407        0.83410        0.83411        0.83412        0.83413        0.83414        0.83414        0.83415        0.83415        0.83415        0.83416
11.951          0.91964        0.88933        0.88508        0.88796        0.90086        0.95445        1.0056         1.0213         1.0256         1.0268         1.0275         1.0280         1.0285         1.0287         1.0289         1.0291         1.0292         1.0293         1.0294         1.0295         1.0295         1.0296         1.0296         1.0296         1.0297         1.0297         1.0297         1.0297         1.0297         1.0297         1.0297
12.470          1.0205         1.0183         1.0216         1.0358         1.0811         1.1960         1.2551         1.2671         1.2700         1.2708         1.2713         1.2716         1.2719         1.2720         1.2722         1.2723         1.2724         1.2725         1.2725         1.2726         1.2726         1.2726         1.2726         1.2727         1.2727         1.2727         1.2727         1.2727         1.2727         1.2727         1.2727
12.990          1.1131         1.1507         1.1613         1.1762         1.2141         1.2662         1.2559         1.2473         1.2447         1.2438         1.2434         1.2430         1.2427         1.2426         1.2425         1.2423         1.2422         1.2422         1.2421         1.2421         1.2420         1.2420         1.2420         1.2420         1.2419         1.2419         1.2419         1.2419         1.2419         1.2419         1.2419
13.510          1.0883         1.1144         1.1201         1.1194         1.1087         1.0548         1.0065         0.99343        0.98990        0.98884        0.98826        0.98784        0.98745        0.98726        0.98708        0.98690        0.98679        0.98671        0.98662        0.98656        0.98653        0.98649        0.98646        0.98644        0.98642        0.98641        0.98640        0.98639        0.98639        0.98638        0.98638
14.029          0.97777        0.96177        0.95795        0.94771        0.91753        0.85383        0.82404        0.81825        0.81678        0.81634        0.81610        0.81592        0.81576        0.81568        0.81561        0.81553        0.81549        0.81545        0.81542        0.81539        0.81538        0.81536        0.81535        0.81534        0.81534        0.81533        0.81533        0.81532        0.81532        0.81532        0.81532
14.549          0.90065        0.86748        0.85985        0.85028        0.82702        0.78985        0.77942        0.77883        0.77882        0.77884        0.77886        0.77888        0.77889        0.77889        0.77890        0.77890        0.77891        0.77891        0.77891        0.77891        0.77891        0.77892        0.77892        0.77892        0.77892        0.77892        0.77892        0.77892        0.77892        0.77892        0.77892
15.068          0.91958        0.88876        0.88182        0.87576        0.86403        0.85228        0.85567        0.85863        0.85975        0.86019        0.86047        0.86067        0.86084        0.86092        0.86101        0.86109        0.86113        0.86117        0.86121        0.86123        0.86125        0.86126        0.86128        0.86128        0.86129        0.86130        0.86130        0.86131        0.86131        0.86131        0.86131
15.588          1.0206         1.0167         1.0158         1.0170         1.0249         1.0501         1.0711         1.0775         1.0797         1.0805         1.0810         1.0814         1.0817         1.0819         1.0820         1.0822         1.0823         1.0823         1.0824         1.0825         1.0825         1.0825         1.0825         1.0826         1.0826         1.0826         1.0826         1.0826         1.0826         1.0826         1.0826
16.108          1.1104         1.1495         1.1583         1.1698         1.2003         1.2587         1.2879         1.2933         1.2946         1.2950         1.2952         1.2954         1.2955         1.2956         1.2956         1.2957         1.2957         1.2958         1.2958         1.2958         1.2958         1.2959         1.2959         1.2959         1.2959         1.2959         1.2959         1.2959         1.2959         1.2959         1.2959
16.627          1.0837         1.1148         1.1236         1.1347         1.1574         1.1897         1.1996         1.1995         1.1987         1.1982         1.1978         1.1975         1.1973         1.1972         1.1971         1.1970         1.1970         1.1969         1.1969         1.1968         1.1968         1.1968         1.1968         1.1968         1.1968         1.1968         1.1968         1.1967         1.1967         1.1967         1.1967
17.147          0.97623        0.96295        0.96286        0.96400        0.96155        0.95105        0.94516        0.94348        0.94253        0.94202        0.94165        0.94141        0.94119        0.94109        0.94100        0.94090        0.94085        0.94080        0.94076        0.94073        0.94071        0.94069        0.94067        0.94067        0.94066        0.94065        0.94064        0.94064        0.94064        0.94064        0.94063
17.666          0.90187        0.86831        0.86226        0.85602        0.83919        0.81041        0.80079        0.79972        0.79933        0.79914        0.79901        0.79892        0.79884        0.79880        0.79876        0.79873        0.79871        0.79869        0.79868        0.79867        0.79866        0.79865        0.79865        0.79864        0.79864        0.79864        0.79863        0.79863        0.79863        0.79863        0.79863
18.186          0.92282        0.88894        0.88120        0.87028        0.84514        0.80338        0.78773        0.78578        0.78551        0.78550        0.78553        0.78554        0.78555        0.78555        0.78555        0.78556        0.78556        0.78556        0.78556        0.78556        0.78556        0.78556        0.78556        0.78556        0.78556        0.78556        0.78556        0.78556        0.78556        0.78556        0.78556
18.706          1.0269         1.0160         1.0120         1.0011         0.97684        0.92822        0.90042        0.89516        0.89450        0.89460        0.89478        0.89488        0.89496        0.89499        0.89502        0.89505        0.89507        0.89508        0.89509        0.89510        0.89511        0.89511        0.89512        0.89512        0.89512        0.89512        0.89513        0.89513        0.89513        0.89513        0.89513
19.225          1.1168         1.1484         1.1542         1.1569         1.1651         1.1653         1.1440         1.1372         1.1364         1.1366         1.1369         1.1371         1.1372         1.1373         1.1373         1.1374         1.1374         1.1374         1.1374         1.1375         1.1375         1.1375         1.1375         1.1375         1.1375         1.1375         1.1375         1.1375         1.1375         1.1375         1.1375
19.745          1.0904         1.1145         1.1238         1.1407         1.1848         1.2702         1.3001         1.3033         1.3040         1.3041         1.3042         1.3043         1.3044         1.3044         1.3044         1.3045         1.3045         1.3045         1.3045         1.3045         1.3045         1.3046         1.3046         1.3046         1.3046         1.3046         1.3046         1.3046         1.3046         1.3046         1.3046
20.264          0.98328        0.96349        0.96580        0.97788        1.0083         1.0817         1.1313         1.1426         1.1445         1.1446         1.1444         1.1444         1.1443         1.1443         1.1443         1.1443         1.1443         1.1443         1.1443         1.1443         1.1443         1.1443         1.1443         1.1443         1.1443         1.1443         1.1443         1.1443         1.1443         1.1443         1.1443
20.784          0.90701        0.86907        0.86490        0.86503        0.86328        0.87036        0.89181        0.89888        0.90007        0.90009        0.89996        0.89990        0.89986        0.89985        0.89984        0.89982        0.89982        0.89981        0.89981        0.89981        0.89980        0.89980        0.89980        0.89980        0.89980        0.89980        0.89980        0.89980        0.89980        0.89980        0.89980
21.304          0.92216        0.88956        0.88252        0.87149        0.84143        0.79071        0.78527        0.78666        0.78689        0.78686        0.78681        0.78678        0.78676        0.78675        0.78674        0.78673        0.78673        0.78673        0.78672        0.78672        0.78672        0.78672        0.78672        0.78671        0.78671        0.78671        0.78671        0.78671        0.78671        0.78671        0.78671
21.823          1.0228         1.0161         1.0110         0.99250        0.94127        0.83423        0.80228        0.79810        0.79727        0.79713        0.79709        0.79705        0.79701        0.79699        0.79697        0.79695        0.79694        0.79693        0.79692        0.79691        0.79691        0.79690        0.79690        0.79690        0.79690        0.79689        0.79689        0.79689        0.79689        0.79689        0.79689
22.343          1.1170         1.1475         1.1511         1.1432         1.1167         1.0118         0.95096        0.93865        0.93618        0.93580        0.93574        0.93566        0.93557        0.93552        0.93547        0.93541        0.93538        0.93536        0.93533        0.93532        0.93530        0.93529        0.93528        0.93528        0.93527        0.93527        0.93527        0.93526        0.93526        0.93526        0.93526
22.862          1.0916         1.1135         1.1217         1.1370         1.1832         1.2430         1.2080         1.1942         1.1914         1.1910         1.1910         1.1909         1.1908         1.1908         1.1907         1.1907         1.1906         1.1906         1.1906         1.1906         1.1906         1.1906         1.1905         1.1905         1.1905         1.1905         1.1905         1.1905         1.1905         1.1905         1.1905
23.382          0.98174        0.96335        0.96639        0.98522        1.0493         1.2353         1.2902         1.2956         1.2968         1.2971         1.2973         1.2974         1.2975         1.2975         1.2976         1.2977         1.2977         1.2977         1.2977         1.2977         1.2978         1.2978         1.2978         1.2978         1.2978         1.2978         1.2978         1.2978         1.2978         1.2978         1.2978
23.902          0.90587        0.86964        0.86690        0.87456        0.90074        1.0028         1.0682         1.0840         1.0875         1.0882         1.0884         1.0886         1.0888         1.0889         1.0890         1.0891         1.0892         1.0892         1.0892         1.0893         1.0893         1.0893         1.0893         1.0893         1.0894         1.0894         1.0894         1.0894         1.0894         1.0894         1.0894
24.421          0.92283        0.89056        0.88490        0.87901        0.85962        0.83320        0.85350        0.86220        0.86415        0.86453        0.86463        0.86473        0.86483        0.86489        0.86494        0.86499        0.86503        0.86505        0.86508        0.86509        0.86510        0.86512        0.86513        0.86513        0.86514        0.86514        0.86514        0.86515        0.86515        0.86515        0.86515
24.941          1.0203         1.0170         1.0124         0.99330        0.92984        0.79136        0.77772        0.77920        0.77948        0.77950        0.77949        0.77949        0.77948        0.77948        0.77949        0.77949        0.77949        0.77949        0.77949        0.77949        0.77949        0.77949        0.77949        0.77949        0.77949        0.77949        0.77949        0.77949        0.77949        0.77949        0.77949
25.460          1.1081         1.1471         1.1491         1.1322         1.0673         0.86168        0.81994        0.81541        0.81417        0.81380        0.81361        0.81346        0.81333        0.81327        0.81321        0.81315        0.81311        0.81308        0.81305        0.81303        0.81302        0.81301        0.81300        0.81299        0.81299        0.81298        0.81298        0.81298        0.81297        0.81297        0.81297
25.980          1.0825         1.1120         1.1181         1.1239         1.1373         1.0572         0.99848        0.98648        0.98333        0.98244        0.98199        0.98164        0.98133        0.98118        0.98103        0.98088        0.98080        0.98073        0.98066        0.98061        0.98058        0.98055        0.98052        0.98051        0.98050        0.98048        0.98048        0.98047        0.98046        0.98046        0.98046
26.500          0.97688        0.96247        0.96503        0.98279        1.0548         1.2629         1.2531         1.2418         1.2391         1.2383         1.2380         1.2377         1.2375         1.2374         1.2373         1.2372         1.2371         1.2370         1.2370         1.2369         1.2369         1.2369         1.2369         1.2369         1.2368         1.2368         1.2368         1.2368         1.2368         1.2368         1.2368
27.019          0.90263        0.86980        0.86823        0.88173        0.94097        1.2088         1.2673         1.2722         1.2739         1.2746         1.2750         1.2753         1.2756         1.2757         1.2759         1.2760         1.2760         1.2761         1.2762         1.2762         1.2762         1.2762         1.2763         1.2763         1.2763         1.2763         1.2763         1.2763         1.2763         1.2763         1.2763
27.539          0.92189        0.89160        0.88818        0.89194        0.90805        0.98021        1.0187         1.0292         1.0324         1.0335         1.0341         1.0346         1.0350         1.0352         1.0354         1.0356         1.0357         1.0358         1.0359         1.0359         1.0360         1.0360         1.0360         1.0361         1.0361         1.0361         1.0361         1.0361         1.0361         1.0361         1.0361
28.059          1.0246         1.0184         1.0158         1.0053         0.96247        0.83098        0.82872        0.83397        0.83548        0.83599        0.83628        0.83649        0.83667        0.83676        0.83685        0.83694        0.83699        0.83703        0.83707        0.83710        0.83712        0.83714        0.83715        0.83716        0.83717        0.83717        0.83718        0.83718        0.83719        0.83719        0.83719
28.578          1.1161         1.1473         1.1483         1.1282         1.0452         0.79755        0.77588        0.77697        0.77707        0.77703        0.77699        0.77697        0.77695        0.77694        0.77694        0.77693        0.77693        0.77692        0.77692        0.77692        0.77692        0.77692        0.77691        0.77691        0.77691        0.77691        0.77691        0.77691        0.77691        0.77691        0.77691
29.098          1.0908         1.1106         1.1130         1.1042         1.0612         0.86531        0.83901        0.83756        0.83645        0.83583        0.83539        0.83510        0.83484        0.83472        0.83460        0.83449        0.83442        0.83437        0.83432        0.83428        0.83426        0.83424        0.83422        0.83421        0.83420        0.83419        0.83418        0.83418        0.83418        0.83417        0.83417
29.617          0.98070        0.96122        0.96147        0.96903        0.99830        1.0496         1.0410         1.0369         1.0345         1.0332         1.0323         1.0317         1.0311         1.0309         1.0307         1.0304         1.0303         1.0302         1.0301         1.0300         1.0299         1.0299         1.0299         1.0298         1.0298         1.0298         1.0298         1.0298         1.0298         1.0298         1.0298
30.137          0.90359        0.86965        0.86849        0.88242        0.94656        1.2527         1.2815         1.2768         1.2752         1.2745         1.2741         1.2737         1.2735         1.2733         1.2732         1.2731         1.2730         1.2729         1.2729         1.2729         1.2728         1.2728         1.2728         1.2728         1.2728         1.2727         1.2727         1.2727         1.2727         1.2727         1.2727
30.657          0.92288        0.89257        0.89204        0.90598        0.96735        1.2172         1.2374         1.2363         1.2377         1.2388         1.2396         1.2402         1.2407         1.2409         1.2411         1.2413         1.2414         1.2415         1.2416         1.2417         1.2417         1.2418         1.2418         1.2418         1.2418         1.2418         1.2419         1.2419         1.2419         1.2419         1.2419
31.176          1.0247         1.0200         1.0216         1.0265         1.0399         0.99538        0.97894        0.97987        0.98164        0.98286        0.98379        0.98442        0.98496        0.98520        0.98544        0.98569        0.98582        0.98593        0.98604        0.98611        0.98616        0.98621        0.98625        0.98627        0.98629        0.98631        0.98632        0.98633        0.98634        0.98634        0.98635
31.696          1.1140         1.1478         1.1497         1.1350         1.0714         0.83773        0.81189        0.81274        0.81347        0.81395        0.81431        0.81455        0.81476        0.81485        0.81495        0.81504        0.81510        0.81514        0.81518        0.81521        0.81523        0.81525        0.81526        0.81527        0.81528        0.81529        0.81529        0.81530        0.81530        0.81530        0.81530
32.215          1.0877         1.1091         1.1074         1.0864         1.0077         0.79532        0.77809        0.77946        0.77946        0.77933        0.77921        0.77913        0.77907        0.77904        0.77902        0.77899        0.77898        0.77896        0.77895        0.77895        0.77894        0.77894        0.77893        0.77893        0.77893        0.77892        0.77892        0.77892        0.77892        0.77892        0.77892
32.735          0.98155        0.95961        0.95570        0.94851        0.92234        0.85507        0.86152        0.86520        0.86465        0.86383        0.86313        0.86267        0.86229        0.86212        0.86195        0.86178        0.86169        0.86161        0.86154        0.86149        0.86146        0.86142        0.86140        0.86138        0.86137        0.86135        0.86135        0.86134        0.86133        0.86133        0.86133
33.255          0.90479        0.86922        0.86665        0.87415        0.90406        1.0368         1.0838         1.0895         1.0885         1.0871         1.0858         1.0850         1.0843         1.0840         1.0837         1.0834         1.0833         1.0831         1.0830         1.0829         1.0829         1.0828         1.0828         1.0827         1.0827         1.0827         1.0827         1.0827         1.0827         1.0826         1.0826
33.774          0.92118        0.89355        0.89479        0.91301        0.98383        1.2539         1.2985         1.2981         1.2975         1.2971         1.2968         1.2966         1.2964         1.2963         1.2962         1.2961         1.2961         1.2961         1.2960         1.2960         1.2960         1.2960         1.2959         1.2959         1.2959         1.2959         1.2959         1.2959         1.2959         1.2959         1.2959
34.294          1.0225         1.0221         1.0284         1.0478         1.1128         1.2280         1.1992         1.1908         1.1913         1.1926         1.1938         1.1945         1.1952         1.1954         1.1957         1.1960         1.1961         1.1963         1.1964         1.1965         1.1965         1.1966         1.1966         1.1966         1.1967         1.1967         1.1967         1.1967         1.1967         1.1967         1.1967
34.813          1.1159         1.1490         1.1545         1.1521         1.1350         0.99522        0.94160        0.93539        0.93592        0.93704        0.93805        0.93870        0.93925        0.93949        0.93973        0.93996        0.94010        0.94020        0.94031        0.94038        0.94043        0.94047        0.94051        0.94053        0.94055        0.94057        0.94058        0.94059        0.94060        0.94061        0.94061
35.333          1.0906         1.1076         1.1043         1.0807         1.0074         0.82966        0.79859        0.79689        0.79709        0.79746        0.79778        0.79799        0.79817        0.79825        0.79833        0.79841        0.79845        0.79849        0.79852        0.79855        0.79856        0.79858        0.79859        0.79860        0.79860        0.79861        0.79861        0.79862        0.79862        0.79862        0.79862
35.853          0.97962        0.95739        0.94960        0.93180        0.88187        0.78976        0.78450        0.78648        0.78649        0.78627        0.78606        0.78593        0.78582        0.78578        0.78573        0.78568        0.78566        0.78564        0.78562        0.78560        0.78560        0.78559        0.78558        0.78558        0.78557        0.78557        0.78557        0.78556        0.78556        0.78556        0.78556
36.372          0.90441        0.86791        0.86245        0.86031        0.85460        0.86403        0.89206        0.89911        0.89899        0.89808        0.89723        0.89670        0.89625        0.89605        0.89586        0.89566        0.89556        0.89547        0.89539        0.89533        0.89529        0.89525        0.89522        0.89521        0.89519        0.89517        0.89517        0.89516        0.89515        0.89515        0.89514
36.892          0.92410        0.89371        0.89401        0.90723        0.94638        1.0691         1.1331         1.1435         1.1432         1.1419         1.1406         1.1398         1.1392         1.1389         1.1386         1.1383         1.1381         1.1380         1.1379         1.1378         1.1377         1.1377         1.1376         1.1376         1.1376         1.1376         1.1376         1.1376         1.1375         1.1375         1.1375
37.411          1.0265         1.0242         1.0326         1.0562         1.1230         1.2739         1.3047         1.3050         1.3049         1.3048         1.3048         1.3047         1.3047         1.3047         1.3046         1.3046         1.3046         1.3046         1.3046         1.3046         1.3046         1.3046         1.3046         1.3046         1.3046         1.3046         1.3046         1.3046         1.3046         1.3046         1.3046
37.931          1.1188         1.1517         1.1615         1.1720         1.1951         1.1925         1.1487         1.1388         1.1390         1.1402         1.1414         1.1421         1.1428         1.1430         1.1433         1.1436         1.1437         1.1438         1.1440         1.1440         1.1441         1.1441         1.1442         1.1442         1.1442         1.1442         1.1443         1.1443         1.1443         1.1443         1.1443
38.451          1.0898         1.1080         1.1068         1.0917         1.0518         0.94931        0.90260        0.89592        0.89609        0.89696        0.89777        0.89828        0.89872        0.89891        0.89909        0.89928        0.89938        0.89947        0.89955        0.89960        0.89964        0.89968        0.89971        0.89972        0.89974        0.89976        0.89976        0.89977        0.89978        0.89978        0.89978
38.970          0.97966        0.95566        0.94678        0.92790        0.88468        0.80816        0.78743        0.78566        0.78572        0.78595        0.78617        0.78630        0.78642        0.78647        0.78652        0.78657        0.78660        0.78662        0.78664        0.78666        0.78667        0.78668        0.78669        0.78669        0.78670        0.78670        0.78670        0.78670        0.78671        0.78671        0.78671
39.490          0.90495        0.86573        0.85759        0.84830        0.82738        0.79740        0.79670        0.79804        0.79792        0.79766        0.79744        0.79730        0.79719        0.79713        0.79708        0.79703        0.79700        0.79698        0.79696        0.79694        0.79693        0.79692        0.79691        0.79691        0.79690        0.79690        0.79690        0.79690        0.79689        0.79689        0.79689
40.009          0.92437        0.89185        0.88880        0.89122        0.89593        0.91359        0.93453        0.93906        0.93863        0.93781        0.93709        0.93663        0.93624        0.93607        0.93590        0.93573        0.93563        0.93556        0.93548        0.93543        0.93540        0.93536        0.93534        0.93532        0.93531        0.93529        0.93529        0.93528        0.93527        0.93527        0.93527
40.529          1.0292         1.0240         1.0303         1.0457         1.0797         1.1496         1.1890         1.1951         1.1947         1.1937         1.1928         1.1922         1.1917         1.1915         1.1913         1.1911         1.1910         1.1909         1.1908         1.1907         1.1907         1.1907         1.1906         1.1906         1.1906         1.1906         1.1906         1.1906         1.1905         1.1905         1.1905
41.049          1.1216         1.1545         1.1670         1.1837         1.2199         1.2789         1.2958         1.2969         1.2973         1.2974         1.2975         1.2976         1.2977         1.2977         1.2977         1.2977         1.2977         1.2978         1.2978         1.2978         1.2978         1.2978         1.2978         1.2978         1.2978         1.2978         1.2978         1.2978         1.2978         1.2978         1.2978
41.568          1.0907         1.1114         1.1154         1.1154         1.1146         1.1036         1.0877         1.0849         1.0858         1.0867         1.0874         1.0879         1.0883         1.0885         1.0887         1.0889         1.0890         1.0891         1.0891         1.0892         1.0892         1.0893         1.0893         1.0893         1.0893         1.0894         1.0894         1.0894         1.0894         1.0894         1.0894
42.088          0.97963        0.95654        0.95012        0.93929        0.91773        0.88111        0.86431        0.86251        0.86301        0.86354        0.86398        0.86427        0.86452        0.86463        0.86474        0.86485        0.86491        0.86496        0.86501        0.86504        0.86506        0.86508        0.86510        0.86511        0.86512        0.86513        0.86513        0.86514        0.86514        0.86514        0.86515
42.607          0.90272        0.86420        0.85507        0.84418        0.82283        0.79065        0.77979        0.77894        0.77900        0.77912        0.77922        0.77929        0.77935        0.77937        0.77940        0.77942        0.77944        0.77945        0.77946        0.77946        0.77947        0.77947        0.77948        0.77948        0.77948        0.77949        0.77949        0.77949        0.77949        0.77949        0.77949
43.127          0.91954        0.88852        0.88148        0.87352        0.85636        0.82743        0.81584        0.81409        0.81359        0.81341        0.81330        0.81322        0.81316        0.81312        0.81309        0.81306        0.81304        0.81303        0.81301        0.81300        0.81300        0.81299        0.81298        0.81298        0.81298        0.81298        0.81297        0.81297        0.81297        0.81297        0.81297
43.647          1.0235         1.0204         1.0212         1.0210         1.0172         1.0010         0.98745        0.98355        0.98222        0.98172        0.98140        0.98118        0.98098        0.98089        0.98080        0.98071        0.98066        0.98062        0.98057        0.98055        0.98053        0.98051        0.98049        0.98048        0.98048        0.98047        0.98047        0.98046        0.98046        0.98046        0.98045
44.166          1.1172         1.1549         1.1665         1.1796         1.2045         1.2371         1.2419         1.2398         1.2387         1.2382         1.2378         1.2376         1.2374         1.2373         1.2372         1.2371         1.2370         1.2370         1.2369         1.2369         1.2369         1.2369         1.2369         1.2368         1.2368         1.2368         1.2368         1.2368         1.2368         1.2368         1.2368
44.686          1.0900         1.1162         1.1259         1.1405         1.1731         1.2364         1.2693         1.2751         1.2762         1.2763         1.2763         1.2763         1.2763         1.2763         1.2763         1.2763         1.2763         1.2763         1.2763         1.2763         1.2763         1.2763         1.2763         1.2763         1.2763         1.2763         1.2763         1.2763         1.2763         1.2763         1.2763
45.205          0.97890        0.96037        0.95914        0.96217        0.97117        1.0001         1.0261         1.0333         1.0350         1.0354         1.0355         1.0356         1.0358         1.0358         1.0359         1.0359         1.0360         1.0360         1.0360         1.0361         1.0361         1.0361         1.0361         1.0361         1.0361         1.0361         1.0361         1.0361         1.0361         1.0361         1.0361
45.725          0.90095        0.86487        0.85714        0.85047        0.83808        0.82681        0.83254        0.83572        0.83655        0.83676        0.83685        0.83693        0.83700        0.83703        0.83706        0.83710        0.83712        0.83713        0.83715        0.83716        0.83717        0.83717        0.83718        0.83718        0.83718        0.83719        0.83719        0.83719        0.83719        0.83719        0.83719
46.245          0.91775        0.88604        0.87646        0.86275        0.83381        0.78864        0.77724        0.77662        0.77665        0.77671        0.77677        0.77680        0.77684        0.77685        0.77686        0.77687        0.77688        0.77689        0.77689        0.77690        0.77690        0.77690        0.77690        0.77691        0.77691        0.77691        0.77691        0.77691        0.77691        0.77691        0.77691
46.764          1.0194         1.0153         1.0100         0.99437        0.95590        0.87517        0.84044        0.83466        0.83382        0.83384        0.83397        0.83403        0.83408        0.83410        0.83411        0.83413        0.83413        0.83414        0.83415        0.83415        0.83415        0.83415        0.83416        0.83416        0.83416        0.83416        0.83416        0.83416        0.83416        0.83416        0.83416
47.284          1.1125         1.1518         1.1589         1.1597         1.1529         1.0957         1.0432         1.0311         1.0292         1.0292         1.0294         1.0295         1.0296         1.0296         1.0297         1.0297         1.0297         1.0297         1.0297         1.0297         1.0297         1.0297         1.0297         1.0297         1.0297         1.0297         1.0297         1.0297         1.0297         1.0297         1.0297
47.803          1.0855         1.1188         1.1315         1.1531         1.2047         1.2838         1.2804         1.2741         1.2729         1.2727         1.2728         1.2728         1.2728         1.2728         1.2728         1.2727         1.2727         1.2727         1.2727         1.2727         1.2727         1.2727         1.2727         1.2727         1.2727         1.2727         1.2727         1.2727         1.2727         1.2727         1.2727
48.323          0.97572        0.96483        0.96907        0.98677        1.0367         1.1681         1.2311         1.2420         1.2433         1.2431         1.2427         1.2425         1.2423         1.2422         1.2421         1.2421         1.2420         1.2420         1.2420         1.2420         1.2419         1.2419         1.2419         1.2419         1.2419         1.2419         1.2419         1.2419         1.2419         1.2419         1.2419
48.843          0.89958        0.86758        0.86326        0.86582        0.87640        0.92736        0.97398        0.98587        0.98757        0.98741        0.98705        0.98685        0.98669        0.98663        0.98657        0.98651        0.98648        0.98646        0.98644        0.98642        0.98641        0.98640        0.98639        0.98639        0.98638        0.98638        0.98637        0.98637        0.98637        0.98637        0.98637
49.362          0.91709        0.88624        0.87718        0.86495        0.83676        0.80107        0.81032        0.81499        0.81572        0.81567        0.81554        0.81547        0.81542        0.81540        0.81538        0.81536        0.81535        0.81534        0.81533        0.81533        0.81533        0.81532        0.81532        0.81532        0.81532        0.81532        0.81531        0.81531        0.81531        0.81531        0.81531
49.882          1.0202         1.0124         1.0038         0.97970        0.91599        0.79812        0.77931        0.77849        0.77851        0.77861        0.77870        0.77875        0.77880        0.77882        0.77884        0.77886        0.77887        0.77888        0.77889        0.77890        0.77890        0.77891        0.77891        0.77891        0.77891        0.77891        0.77892        0.77892        0.77892        0.77892        0.77892
50.401          1.1146         1.1473         1.1489         1.1342         1.0805         0.91629        0.86693        0.86016        0.85959        0.85996        0.86037        0.86062        0.86083        0.86092        0.86100        0.86109        0.86113        0.86117        0.86121        0.86123        0.86125        0.86126        0.86128        0.86128        0.86129        0.86130        0.86130        0.86131        0.86131        0.86131        0.86131
50.921          1.0891         1.1174         1.1279         1.1434         1.1776         1.1526         1.0935         1.0808         1.0797         1.0803         1.0810         1.0814         1.0818         1.0819         1.0821         1.0822         1.0823         1.0824         1.0824         1.0825         1.0825         1.0825         1.0826         1.0826         1.0826         1.0826         1.0826         1.0826         1.0826         1.0826         1.0826
51.441          0.97953        0.96672        0.97318        0.99789        1.0808         1.2901         1.3015         1.2963         1.2955         1.2955         1.2957         1.2957         1.2958         1.2958         1.2958         1.2959         1.2959         1.2959         1.2959         1.2959         1.2959         1.2959         1.2959         1.2959         1.2959         1.2959         1.2959         1.2959         1.2959         1.2959         1.2959
51.960          0.90241        0.87038        0.86955        0.88282        0.93405        1.1261         1.1910         1.1999         1.2002         1.1994         1.1986         1.1981         1.1977         1.1976         1.1974         1.1972         1.1971         1.1970         1.1970         1.1969         1.1969         1.1968         1.1968         1.1968         1.1968         1.1968         1.1968         1.1968         1.1968         1.1967         1.1967
52.480          0.92166        0.88888        0.88325        0.88077        0.87838        0.90170        0.93471        0.94302        0.94348        0.94285        0.94220        0.94179        0.94145        0.94130        0.94116        0.94102        0.94094        0.94088        0.94081        0.94077        0.94074        0.94072        0.94069        0.94068        0.94067        0.94066        0.94065        0.94065        0.94064        0.94064        0.94064
52.999          1.0240         1.0135         1.0067         0.98674        0.92539        0.79881        0.79628        0.79928        0.79951        0.79932        0.79911        0.79898        0.79888        0.79883        0.79879        0.79875        0.79872        0.79870        0.79868        0.79867        0.79866        0.79865        0.79865        0.79864        0.79864        0.79864        0.79864        0.79863        0.79863        0.79863        0.79863
